6.985876e-03  0.000000e+00  0.000000e+00  0.000000e+00  0.000000e+00  0.000000e+00  0.000000e+00  0.000000e+00  0.000000e+00  0.000000e+00  0.000000e+00  0.000000e+00  0.000000e+00  0.000000e+00  0.000000e+00  0.000000e+00  6.600000e-03
7.955679e-03  0.000000e+00  0.000000e+00  0.000000e+00  0.000000e+00  0.000000e+00  0.000000e+00  0.000000e+00  0.000000e+00  0.000000e+00  0.000000e+00  0.000000e+00  0.000000e+00  0.000000e+00  0.000000e+00  0.000000e+00  7.600000e-03
9.060113e-03  0.000000e+00  0.000000e+00  0.000000e+00  0.000000e+00  0.000000e+00  0.000000e+00  0.000000e+00  0.000000e+00  0.000000e+00  0.000000e+00  0.000000e+00  0.000000e+00  0.000000e+00  0.000000e+00  0.000000e+00  9.700000e-03
1.031787e-02  0.000000e+00  0.000000e+00  0.000000e+00  0.000000e+00  0.000000e+00  0.000000e+00  0.000000e+00  0.000000e+00  0.000000e+00  0.000000e+00  0.000000e+00  0.000000e+00  0.000000e+00  0.000000e+00  0.000000e+00  9.900000e-03
1.175023e-02  0.000000e+00  0.000000e+00  0.000000e+00  0.000000e+00  0.000000e+00  0.000000e+00  0.000000e+00  0.000000e+00  0.000000e+00  0.000000e+00  0.000000e+00  0.000000e+00  0.000000e+00  0.000000e+00  0.000000e+00  9.800000e-03
1.338143e-02  0.000000e+00  0.000000e+00  0.000000e+00  0.000000e+00  0.000000e+00  0.000000e+00  0.000000e+00  0.000000e+00  0.000000e+00  0.000000e+00  0.000000e+00  0.000000e+00  0.000000e+00  0.000000e+00  0.000000e+00  1.140000e-02
1.523909e-02  0.000000e+00  0.000000e+00  0.000000e+00  0.000000e+00  0.000000e+00  0.000000e+00  0.000000e+00  0.000000e+00  0.000000e+00  0.000000e+00  0.000000e+00  0.000000e+00  0.000000e+00  0.000000e+00  0.000000e+00  1.190000e-02
1.735463e-02  0.000000e+00  0.000000e+00  0.000000e+00  0.000000e+00  0.000000e+00  0.000000e+00  0.000000e+00  0.000000e+00  0.000000e+00  0.000000e+00  0.000000e+00  0.000000e+00  0.000000e+00  0.000000e+00  0.000000e+00  1.250000e-02
1.976386e-02  0.000000e+00  0.000000e+00  0.000000e+00  0.000000e+00  0.000000e+00  0.000000e+00  0.000000e+00  0.000000e+00  0.000000e+00  0.000000e+00  0.000000e+00  0.000000e+00  0.000000e+00  0.000000e+00  0.000000e+00  1.460000e-02
2.250754e-02  0.000000e+00  0.000000e+00  0.000000e+00  0.000000e+00  0.000000e+00  0.000000e+00  0.000000e+00  0.000000e+00  0.000000e+00  0.000000e+00  0.000000e+00  0.000000e+00  0.000000e+00  0.000000e+00  0.000000e+00  1.380000e-02
2.563212e-02  0.000000e+00  0.000000e+00  0.000000e+00  0.000000e+00  0.000000e+00  0.000000e+00  0.000000e+00  0.000000e+00  0.000000e+00  0.000000e+00  0.000000e+00  0.000000e+00  0.000000e+00  0.000000e+00  0.000000e+00  1.320000e-02
2.919045e-02  0.000000e+00  0.000000e+00  0.000000e+00  0.000000e+00  0.000000e+00  0.000000e+00  0.000000e+00  1.600000e-03  0.000000e+00  0.000000e+00  0.000000e+00  0.000000e+00  0.000000e+00  0.000000e+00  0.000000e+00  1.560000e-02
3.324277e-02  0.000000e+00  0.000000e+00  0.000000e+00  0.000000e+00  0.000000e+00  0.000000e+00  0.000000e+00  1.420000e-02  0.000000e+00  0.000000e+00  0.000000e+00  0.000000e+00  0.000000e+00  0.000000e+00  0.000000e+00  1.420000e-02
3.785764e-02  0.000000e+00  0.000000e+00  0.000000e+00  0.000000e+00  0.000000e+00  0.000000e+00  0.000000e+00  1.830000e-02  0.000000e+00  0.000000e+00  0.000000e+00  0.000000e+00  0.000000e+00  0.000000e+00  0.000000e+00  1.830000e-02
4.311316e-02  0.000000e+00  0.000000e+00  0.000000e+00  0.000000e+00  0.000000e+00  0.000000e+00  0.000000e+00  1.580000e-02  0.000000e+00  0.000000e+00  0.000000e+00  0.000000e+00  0.000000e+00  0.000000e+00  0.000000e+00  1.580000e-02
4.909828e-02  0.000000e+00  0.000000e+00  0.000000e+00  0.000000e+00  0.000000e+00  0.000000e+00  0.000000e+00  1.850000e-02  0.000000e+00  0.000000e+00  0.000000e+00  0.000000e+00  0.000000e+00  0.000000e+00  0.000000e+00  1.850000e-02
5.591426e-02  0.000000e+00  0.000000e+00  0.000000e+00  0.000000e+00  0.000000e+00  0.000000e+00  0.000000e+00  1.760000e-02  0.000000e+00  0.000000e+00  0.000000e+00  0.000000e+00  0.000000e+00  0.000000e+00  0.000000e+00  1.760000e-02
6.367647e-02  0.000000e+00  0.000000e+00  0.000000e+00  0.000000e+00  0.000000e+00  0.000000e+00  0.000000e+00  1.730000e-02  0.000000e+00  0.000000e+00  0.000000e+00  0.000000e+00  0.000000e+00  0.000000e+00  0.000000e+00  1.730000e-02
7.251625e-02  0.000000e+00  0.000000e+00  0.000000e+00  0.000000e+00  0.000000e+00  0.000000e+00  0.000000e+00  1.690000e-02  0.000000e+00  0.000000e+00  0.000000e+00  0.000000e+00  0.000000e+00  0.000000e+00  0.000000e+00  1.690000e-02
8.258319e-02  0.000000e+00  0.000000e+00  0.000000e+00  0.000000e+00  0.000000e+00  0.000000e+00  0.000000e+00  1.840000e-02  0.000000e+00  0.000000e+00  0.000000e+00  0.000000e+00  0.000000e+00  0.000000e+00  0.000000e+00  1.840000e-02
9.404767e-02  0.000000e+00  0.000000e+00  0.000000e+00  0.000000e+00  0.000000e+00  0.000000e+00  0.000000e+00  1.870000e-02  0.000000e+00  0.000000e+00  0.000000e+00  0.000000e+00  0.000000e+00  0.000000e+00  0.000000e+00  1.870000e-02
1.071037e-01  0.000000e+00  0.000000e+00  0.000000e+00  0.000000e+00  0.000000e+00  0.000000e+00  0.000000e+00  1.830000e-02  0.000000e+00  0.000000e+00  0.000000e+00  0.000000e+00  0.000000e+00  0.000000e+00  0.000000e+00  1.830000e-02
1.219722e-01  0.000000e+00  0.000000e+00  0.000000e+00  0.000000e+00  0.000000e+00  0.000000e+00  0.000000e+00  1.770000e-02  0.000000e+00  0.000000e+00  0.000000e+00  0.000000e+00  0.000000e+00  0.000000e+00  0.000000e+00  1.770000e-02
1.389048e-01  0.000000e+00  0.000000e+00  0.000000e+00  0.000000e+00  0.000000e+00  0.000000e+00  0.000000e+00  1.590000e-02  0.000000e+00  0.000000e+00  0.000000e+00  0.000000e+00  0.000000e+00  0.000000e+00  0.000000e+00  1.590000e-02
1.581880e-01  0.000000e+00  0.000000e+00  0.000000e+00  0.000000e+00  0.000000e+00  0.000000e+00  0.000000e+00  1.950000e-02  0.000000e+00  0.000000e+00  0.000000e+00  0.000000e+00  0.000000e+00  0.000000e+00  0.000000e+00  1.950000e-02
1.801482e-01  0.000000e+00  0.000000e+00  0.000000e+00  0.000000e+00  0.000000e+00  0.000000e+00  0.000000e+00  1.660000e-02  0.000000e+00  0.000000e+00  0.000000e+00  0.000000e+00  0.000000e+00  0.000000e+00  0.000000e+00  1.660000e-02
2.051569e-01  0.000000e+00  0.000000e+00  0.000000e+00  0.000000e+00  0.000000e+00  0.000000e+00  0.000000e+00  1.700000e-02  0.000000e+00  0.000000e+00  0.000000e+00  0.000000e+00  0.000000e+00  0.000000e+00  0.000000e+00  1.700000e-02
2.336375e-01  0.000000e+00  0.000000e+00  0.000000e+00  0.000000e+00  0.000000e+00  0.000000e+00  0.000000e+00  1.770000e-02  0.000000e+00  0.000000e+00  0.000000e+00  0.000000e+00  0.000000e+00  0.000000e+00  0.000000e+00  1.770000e-02
2.660718e-01  0.000000e+00  0.000000e+00  0.000000e+00  0.000000e+00  0.000000e+00  0.000000e+00  0.000000e+00  1.470000e-02  0.000000e+00  0.000000e+00  0.000000e+00  0.000000e+00  0.000000e+00  0.000000e+00  0.000000e+00  1.470000e-02
3.030088e-01  0.000000e+00  0.000000e+00  0.000000e+00  0.000000e+00  0.000000e+00  0.000000e+00  0.000000e+00  1.690000e-02  0.000000e+00  0.000000e+00  0.000000e+00  0.000000e+00  0.000000e+00  0.000000e+00  0.000000e+00  1.690000e-02
3.450735e-01  0.000000e+00  0.000000e+00  0.000000e+00  0.000000e+00  0.000000e+00  0.000000e+00  0.000000e+00  1.560000e-02  0.000000e+00  0.000000e+00  0.000000e+00  0.000000e+00  0.000000e+00  0.000000e+00  0.000000e+00  1.560000e-02
3.929778e-01  0.000000e+00  0.000000e+00  0.000000e+00  0.000000e+00  0.000000e+00  0.000000e+00  0.000000e+00  1.700000e-02  0.000000e+00  0.000000e+00  0.000000e+00  0.000000e+00  0.000000e+00  0.000000e+00  0.000000e+00  1.700000e-02
4.475322e-01  0.000000e+00  0.000000e+00  0.000000e+00  0.000000e+00  0.000000e+00  0.000000e+00  0.000000e+00  1.690000e-02  0.000000e+00  0.000000e+00  0.000000e+00  0.000000e+00  0.000000e+00  0.000000e+00  0.000000e+00  1.690000e-02
5.096602e-01  0.000000e+00  0.000000e+00  0.000000e+00  0.000000e+00  0.000000e+00  0.000000e+00  0.000000e+00  1.540000e-02  0.000000e+00  0.000000e+00  0.000000e+00  0.000000e+00  0.000000e+00  0.000000e+00  0.000000e+00  1.540000e-02
5.804129e-01  0.000000e+00  0.000000e+00  0.000000e+00  0.000000e+00  0.000000e+00  0.000000e+00  0.000000e+00  1.690000e-02  0.000000e+00  0.000000e+00  0.000000e+00  0.000000e+00  0.000000e+00  0.000000e+00  0.000000e+00  1.690000e-02
6.609877e-01  0.000000e+00  0.000000e+00  0.000000e+00  0.000000e+00  0.000000e+00  0.000000e+00  0.000000e+00  1.520000e-02  0.000000e+00  0.000000e+00  0.000000e+00  0.000000e+00  0.000000e+00  0.000000e+00  0.000000e+00  1.520000e-02
7.527483e-01  0.000000e+00  0.000000e+00  0.000000e+00  0.000000e+00  0.000000e+00  0.000000e+00  0.000000e+00  1.310000e-02  0.000000e+00  0.000000e+00  0.000000e+00  0.000000e+00  0.000000e+00  0.000000e+00  0.000000e+00  1.310000e-02
8.572473e-01  0.000000e+00  0.000000e+00  0.000000e+00  0.000000e+00  0.000000e+00  0.000000e+00  0.000000e+00  1.540000e-02  0.000000e+00  0.000000e+00  0.000000e+00  0.000000e+00  0.000000e+00  0.000000e+00  0.000000e+00  1.540000e-02
9.762532e-01  0.000000e+00  0.000000e+00  0.000000e+00  0.000000e+00  0.000000e+00  0.000000e+00  0.000000e+00  1.670000e-02  0.000000e+00  0.000000e+00  0.000000e+00  0.000000e+00  0.000000e+00  0.000000e+00  0.000000e+00  1.670000e-02
1.111780e+00  0.000000e+00  0.000000e+00  0.000000e+00  0.000000e+00  0.000000e+00  0.000000e+00  0.000000e+00  1.380000e-02  0.000000e+00  0.000000e+00  0.000000e+00  0.000000e+00  0.000000e+00  0.000000e+00  0.000000e+00  1.380000e-02
1.266121e+00  0.000000e+00  0.000000e+00  0.000000e+00  0.000000e+00  0.000000e+00  0.000000e+00  0.000000e+00  1.540000e-02  0.000000e+00  0.000000e+00  0.000000e+00  0.000000e+00  0.000000e+00  0.000000e+00  0.000000e+00  1.540000e-02
1.441888e+00  0.000000e+00  0.000000e+00  0.000000e+00  0.000000e+00  0.000000e+00  0.000000e+00  0.000000e+00  1.320000e-02  0.000000e+00  0.000000e+00  0.000000e+00  0.000000e+00  0.000000e+00  0.000000e+00  0.000000e+00  1.320000e-02
1.642056e+00  0.000000e+00  0.000000e+00  0.000000e+00  0.000000e+00  0.000000e+00  0.000000e+00  0.000000e+00  1.420000e-02  0.000000e+00  0.000000e+00  0.000000e+00  0.000000e+00  0.000000e+00  0.000000e+00  0.000000e+00  1.420000e-02
1.870011e+00  0.000000e+00  0.000000e+00  0.000000e+00  0.000000e+00  0.000000e+00  0.000000e+00  0.000000e+00  1.630000e-02  0.000000e+00  0.000000e+00  0.000000e+00  0.000000e+00  0.000000e+00  0.000000e+00  0.000000e+00  1.630000e-02
2.129613e+00  0.000000e+00  0.000000e+00  0.000000e+00  0.000000e+00  0.000000e+00  0.000000e+00  0.000000e+00  1.420000e-02  0.000000e+00  0.000000e+00  0.000000e+00  0.000000e+00  0.000000e+00  0.000000e+00  0.000000e+00  1.420000e-02
2.425253e+00  0.000000e+00  0.000000e+00  0.000000e+00  0.000000e+00  0.000000e+00  0.000000e+00  0.000000e+00  1.160000e-02  0.000000e+00  0.000000e+00  0.000000e+00  0.000000e+00  0.000000e+00  0.000000e+00  0.000000e+00  1.160000e-02
2.761934e+00  0.000000e+00  0.000000e+00  0.000000e+00  0.000000e+00  0.000000e+00  0.000000e+00  0.000000e+00  1.120000e-02  0.000000e+00  0.000000e+00  0.000000e+00  0.000000e+00  0.000000e+00  0.000000e+00  0.000000e+00  1.120000e-02
3.145355e+00  0.000000e+00  0.000000e+00  0.000000e+00  0.000000e+00  0.000000e+00  0.000000e+00  0.000000e+00  1.270000e-02  0.000000e+00  0.000000e+00  0.000000e+00  0.000000e+00  0.000000e+00  0.000000e+00  0.000000e+00  1.270000e-02
3.582004e+00  0.000000e+00  0.000000e+00  0.000000e+00  0.000000e+00  0.000000e+00  0.000000e+00  0.000000e+00  1.300000e-02  0.000000e+00  0.000000e+00  0.000000e+00  0.000000e+00  0.000000e+00  0.000000e+00  0.000000e+00  1.300000e-02
4.079270e+00  0.000000e+00  0.000000e+00  0.000000e+00  0.000000e+00  0.000000e+00  0.000000e+00  0.000000e+00  1.300000e-02  0.000000e+00  0.000000e+00  0.000000e+00  0.000000e+00  0.000000e+00  0.000000e+00  0.000000e+00  1.300000e-02
4.645567e+00  0.000000e+00  0.000000e+00  0.000000e+00  0.000000e+00  0.000000e+00  0.000000e+00  0.000000e+00  1.240000e-02  0.000000e+00  0.000000e+00  0.000000e+00  0.000000e+00  2.500000e-03  1.200000e-02  1.200000e-02  1.240000e-02
5.290481e+00  0.000000e+00  0.000000e+00  0.000000e+00  0.000000e+00  0.000000e+00  0.000000e+00  0.000000e+00  1.110000e-02  0.000000e+00  0.000000e+00  0.000000e+00  0.000000e+00  1.980000e-02  2.010000e-02  2.010000e-02  1.110000e-02
6.024923e+00  0.000000e+00  0.000000e+00  0.000000e+00  0.000000e+00  0.000000e+00  0.000000e+00  0.000000e+00  9.600000e-03  0.000000e+00  0.000000e+00  0.000000e+00  0.000000e+00  1.850000e-02  1.780000e-02  1.780000e-02  9.600000e-03
6.861323e+00  0.000000e+00  0.000000e+00  0.000000e+00  0.000000e+00  0.000000e+00  0.000000e+00  0.000000e+00  1.010000e-02  0.000000e+00  0.000000e+00  0.000000e+00  0.000000e+00  2.010000e-02  1.900000e-02  1.900000e-02  1.010000e-02
7.813834e+00  0.000000e+00  0.000000e+00  0.000000e+00  0.000000e+00  0.000000e+00  0.000000e+00  0.000000e+00  9.100000e-03  0.000000e+00  0.000000e+00  0.000000e+00  0.000000e+00  1.760000e-02  2.050000e-02  2.050000e-02  9.100000e-03
8.898577e+00  0.000000e+00  0.000000e+00  0.000000e+00  0.000000e+00  0.000000e+00  0.000000e+00  0.000000e+00  1.030000e-02  0.000000e+00  0.000000e+00  0.000000e+00  0.000000e+00  2.110000e-02  2.140000e-02  2.140000e-02  1.030000e-02
1.013391e+01  0.000000e+00  0.000000e+00  0.000000e+00  0.000000e+00  0.000000e+00  0.000000e+00  0.000000e+00  9.300000e-03  0.000000e+00  0.000000e+00  0.000000e+00  0.000000e+00  2.220000e-02  2.240000e-02  2.240000e-02  9.300000e-03
1.154073e+01  0.000000e+00  0.000000e+00  0.000000e+00  0.000000e+00  6.000000e-03  1.910000e-02  1.910000e-02  5.700000e-03  0.000000e+00  0.000000e+00  0.000000e+00  0.000000e+00  1.920000e-02  2.090000e-02  2.090000e-02  8.800000e-03
1.314285e+01  0.000000e+00  0.000000e+00  0.000000e+00  0.000000e+00  2.030000e-02  2.230000e-02  2.230000e-02  0.000000e+00  0.000000e+00  0.000000e+00  0.000000e+00  0.000000e+00  2.030000e-02  2.230000e-02  2.230000e-02  9.100000e-03
1.496739e+01  0.000000e+00  0.000000e+00  0.000000e+00  0.000000e+00  2.280000e-02  2.120000e-02  2.120000e-02  0.000000e+00  0.000000e+00  0.000000e+00  0.000000e+00  4.200000e-03  2.280000e-02  2.120000e-02  2.120000e-02  8.800000e-03
1.704521e+01  0.000000e+00  0.000000e+00  0.000000e+00  0.000000e+00  2.360000e-02  2.220000e-02  2.220000e-02  0.000000e+00  0.000000e+00  0.000000e+00  0.000000e+00  9.600000e-03  2.360000e-02  2.220000e-02  2.220000e-02  1.020000e-02
1.941148e+01  0.000000e+00  0.000000e+00  0.000000e+00  0.000000e+00  2.190000e-02  2.310000e-02  2.310000e-02  0.000000e+00  0.000000e+00  0.000000e+00  0.000000e+00  1.150000e-02  2.190000e-02  2.310000e-02  2.310000e-02  1.070000e-02
2.210625e+01  0.000000e+00  0.000000e+00  0.000000e+00  0.000000e+00  1.850000e-02  1.840000e-02  1.840000e-02  0.000000e+00  0.000000e+00  0.000000e+00  0.000000e+00  1.580000e-02  1.850000e-02  1.840000e-02  1.840000e-02  9.200000e-03
2.517511e+01  0.000000e+00  0.000000e+00  0.000000e+00  0.000000e+00  1.930000e-02  1.890000e-02  1.890000e-02  0.000000e+00  0.000000e+00  0.000000e+00  0.000000e+00  1.640000e-02  1.930000e-02  1.890000e-02  1.890000e-02  1.210000e-02
2.867000e+01  0.000000e+00  0.000000e+00  0.000000e+00  0.000000e+00  1.930000e-02  1.860000e-02  1.860000e-02  0.000000e+00  0.000000e+00  0.000000e+00  0.000000e+00  1.690000e-02  1.930000e-02  1.860000e-02  1.860000e-02  1.280000e-02
3.265007e+01  0.000000e+00  0.000000e+00  0.000000e+00  0.000000e+00  1.900000e-02  1.790000e-02  1.790000e-02  0.000000e+00  0.000000e+00  0.000000e+00  0.000000e+00  1.760000e-02  1.900000e-02  1.790000e-02  1.790000e-02  1.050000e-02
3.718266e+01  0.000000e+00  0.000000e+00  0.000000e+00  0.000000e+00  1.770000e-02  1.830000e-02  1.830000e-02  0.000000e+00  0.000000e+00  0.000000e+00  0.000000e+00  2.180000e-02  1.770000e-02  1.830000e-02  1.830000e-02  1.030000e-02
4.234448e+01  0.000000e+00  0.000000e+00  0.000000e+00  1.100000e-03  1.990000e-02  1.960000e-02  1.960000e-02  0.000000e+00  0.000000e+00  0.000000e+00  0.000000e+00  2.230000e-02  1.990000e-02  1.960000e-02  1.960000e-02  8.700000e-03
4.822289e+01  0.000000e+00  0.000000e+00  0.000000e+00  1.980000e-02  1.710000e-02  1.720000e-02  1.720000e-02  0.000000e+00  0.000000e+00  0.000000e+00  0.000000e+00  1.980000e-02  1.710000e-02  1.720000e-02  1.720000e-02  7.600000e-03
5.491735e+01  0.000000e+00  0.000000e+00  0.000000e+00  1.970000e-02  1.640000e-02  1.800000e-02  1.800000e-02  0.000000e+00  0.000000e+00  0.000000e+00  0.000000e+00  1.970000e-02  1.640000e-02  1.800000e-02  1.800000e-02  7.100000e-03
6.254116e+01  0.000000e+00  0.000000e+00  0.000000e+00  2.050000e-02  1.980000e-02  1.870000e-02  1.870000e-02  0.000000e+00  0.000000e+00  0.000000e+00  0.000000e+00  2.050000e-02  1.980000e-02  1.870000e-02  1.870000e-02  6.900000e-03
7.122333e+01  0.000000e+00  0.000000e+00  0.000000e+00  2.100000e-02  1.810000e-02  1.910000e-02  1.910000e-02  0.000000e+00  0.000000e+00  0.000000e+00  0.000000e+00  2.100000e-02  1.810000e-02  1.910000e-02  1.910000e-02  7.100000e-03
8.111079e+01  0.000000e+00  0.000000e+00  0.000000e+00  2.110000e-02  1.720000e-02  1.760000e-02  1.760000e-02  0.000000e+00  0.000000e+00  0.000000e+00  0.000000e+00  2.110000e-02  1.720000e-02  1.760000e-02  1.760000e-02  8.000000e-04
9.237086e+01  0.000000e+00  0.000000e+00  0.000000e+00  1.950000e-02  1.640000e-02  1.590000e-02  1.590000e-02  0.000000e+00  0.000000e+00  0.000000e+00  0.000000e+00  1.950000e-02  1.640000e-02  1.590000e-02  1.590000e-02  0.000000e+00
1.051941e+02  0.000000e+00  0.000000e+00  0.000000e+00  1.960000e-02  1.760000e-02  1.620000e-02  1.620000e-02  0.000000e+00  0.000000e+00  0.000000e+00  6.000000e-03  1.960000e-02  1.760000e-02  1.620000e-02  1.620000e-02  0.000000e+00
1.197975e+02  0.000000e+00  0.000000e+00  0.000000e+00  1.820000e-02  1.830000e-02  1.740000e-02  1.740000e-02  0.000000e+00  0.000000e+00  0.000000e+00  1.370000e-02  1.820000e-02  1.830000e-02  1.740000e-02  1.740000e-02  0.000000e+00
1.364282e+02  0.000000e+00  0.000000e+00  0.000000e+00  1.880000e-02  1.750000e-02  1.710000e-02  1.710000e-02  0.000000e+00  0.000000e+00  0.000000e+00  1.370000e-02  1.880000e-02  1.750000e-02  1.710000e-02  1.710000e-02  0.000000e+00
1.553676e+02  0.000000e+00  0.000000e+00  0.000000e+00  1.830000e-02  1.560000e-02  1.490000e-02  1.490000e-02  0.000000e+00  0.000000e+00  0.000000e+00  1.620000e-02  1.830000e-02  1.560000e-02  1.490000e-02  1.490000e-02  0.000000e+00
1.769362e+02  0.000000e+00  0.000000e+00  0.000000e+00  1.810000e-02  1.770000e-02  1.780000e-02  1.780000e-02  0.000000e+00  0.000000e+00  0.000000e+00  2.030000e-02  1.810000e-02  1.770000e-02  1.780000e-02  1.780000e-02  0.000000e+00
2.014991e+02  0.000000e+00  0.000000e+00  0.000000e+00  1.930000e-02  1.510000e-02  1.520000e-02  1.520000e-02  0.000000e+00  0.000000e+00  0.000000e+00  2.170000e-02  1.930000e-02  1.510000e-02  1.520000e-02  1.520000e-02  0.000000e+00
2.294719e+02  0.000000e+00  0.000000e+00  0.000000e+00  2.020000e-02  1.530000e-02  1.400000e-02  1.400000e-02  0.000000e+00  0.000000e+00  0.000000e+00  2.130000e-02  2.020000e-02  1.530000e-02  1.400000e-02  1.400000e-02  0.000000e+00
2.613279e+02  0.000000e+00  0.000000e+00  5.000000e-04  1.930000e-02  1.360000e-02  1.420000e-02  1.420000e-02  0.000000e+00  0.000000e+00  0.000000e+00  2.260000e-02  1.930000e-02  1.360000e-02  1.420000e-02  1.420000e-02  0.000000e+00
2.976064e+02  0.000000e+00  0.000000e+00  2.120000e-02  1.860000e-02  1.380000e-02  1.310000e-02  1.310000e-02  0.000000e+00  0.000000e+00  0.000000e+00  2.120000e-02  1.860000e-02  1.380000e-02  1.310000e-02  1.310000e-02  0.000000e+00
3.389211e+02  0.000000e+00  0.000000e+00  2.140000e-02  1.730000e-02  1.390000e-02  1.340000e-02  1.340000e-02  0.000000e+00  0.000000e+00  0.000000e+00  2.140000e-02  1.730000e-02  1.390000e-02  1.340000e-02  1.340000e-02  0.000000e+00
3.859712e+02  0.000000e+00  0.000000e+00  2.220000e-02  1.850000e-02  1.320000e-02  1.360000e-02  1.360000e-02  0.000000e+00  0.000000e+00  0.000000e+00  2.220000e-02  1.850000e-02  1.320000e-02  1.360000e-02  1.360000e-02  0.000000e+00
4.395530e+02  0.000000e+00  0.000000e+00  2.320000e-02  1.720000e-02  1.130000e-02  1.130000e-02  1.130000e-02  0.000000e+00  0.000000e+00  1.170000e-02  2.320000e-02  1.720000e-02  1.130000e-02  1.130000e-02  1.130000e-02  0.000000e+00
5.005732e+02  0.000000e+00  0.000000e+00  2.480000e-02  1.790000e-02  1.350000e-02  1.410000e-02  1.410000e-02  0.000000e+00  0.000000e+00  1.570000e-02  2.480000e-02  1.790000e-02  1.350000e-02  1.410000e-02  1.410000e-02  0.000000e+00
5.700645e+02  0.000000e+00  0.000000e+00  2.330000e-02  1.700000e-02  1.360000e-02  1.290000e-02  1.290000e-02  0.000000e+00  0.000000e+00  1.770000e-02  2.330000e-02  1.700000e-02  1.360000e-02  1.290000e-02  1.290000e-02  0.000000e+00
6.492027e+02  0.000000e+00  0.000000e+00  2.280000e-02  1.550000e-02  1.240000e-02  1.290000e-02  1.290000e-02  0.000000e+00  0.000000e+00  1.860000e-02  2.280000e-02  1.550000e-02  1.240000e-02  1.290000e-02  1.290000e-02  0.000000e+00
7.393272e+02  0.000000e+00  0.000000e+00  2.160000e-02  1.660000e-02  1.170000e-02  1.330000e-02  1.330000e-02  0.000000e+00  0.000000e+00  2.000000e-02  2.160000e-02  1.660000e-02  1.170000e-02  1.330000e-02  1.330000e-02  0.000000e+00
8.419631e+02  0.000000e+00  0.000000e+00  2.090000e-02  1.630000e-02  1.380000e-02  1.290000e-02  1.290000e-02  0.000000e+00  0.000000e+00  2.140000e-02  2.090000e-02  1.630000e-02  1.380000e-02  1.290000e-02  1.290000e-02  0.000000e+00
9.588472e+02  0.000000e+00  0.000000e+00  2.050000e-02  1.850000e-02  1.390000e-02  1.360000e-02  1.360000e-02  0.000000e+00  0.000000e+00  2.310000e-02  2.050000e-02  1.850000e-02  1.390000e-02  1.360000e-02  1.360000e-02  0.000000e+00
1.091958e+03  0.000000e+00  1.490000e-02  1.960000e-02  1.610000e-02  1.190000e-02  1.060000e-02  1.060000e-02  0.000000e+00  0.000000e+00  2.170000e-02  1.960000e-02  1.610000e-02  1.190000e-02  1.060000e-02  1.060000e-02  0.000000e+00
1.243547e+03  0.000000e+00  2.170000e-02  2.010000e-02  1.390000e-02  1.170000e-02  1.050000e-02  1.050000e-02  0.000000e+00  0.000000e+00  2.170000e-02  2.010000e-02  1.390000e-02  1.170000e-02  1.050000e-02  1.050000e-02  0.000000e+00
1.416180e+03  0.000000e+00  2.700000e-02  2.330000e-02  1.540000e-02  1.190000e-02  1.160000e-02  1.160000e-02  0.000000e+00  0.000000e+00  2.700000e-02  2.330000e-02  1.540000e-02  1.190000e-02  1.160000e-02  1.160000e-02  0.000000e+00
1.612779e+03  0.000000e+00  2.500000e-02  2.210000e-02  1.530000e-02  1.240000e-02  1.170000e-02  1.170000e-02  0.000000e+00  0.000000e+00  2.500000e-02  2.210000e-02  1.530000e-02  1.240000e-02  1.170000e-02  1.170000e-02  0.000000e+00
1.836670e+03  0.000000e+00  2.510000e-02  2.020000e-02  1.380000e-02  1.030000e-02  1.120000e-02  1.120000e-02  0.000000e+00  0.000000e+00  2.510000e-02  2.020000e-02  1.380000e-02  1.030000e-02  1.120000e-02  1.120000e-02  0.000000e+00
2.091643e+03  0.000000e+00  2.880000e-02  1.830000e-02  1.530000e-02  1.030000e-02  9.100000e-03  9.100000e-03  0.000000e+00  0.000000e+00  2.880000e-02  1.830000e-02  1.530000e-02  1.030000e-02  9.100000e-03  9.100000e-03  0.000000e+00
2.382012e+03  0.000000e+00  2.670000e-02  1.930000e-02  1.450000e-02  8.800000e-03  9.700000e-03  9.700000e-03  0.000000e+00  0.000000e+00  2.670000e-02  1.930000e-02  1.450000e-02  8.800000e-03  9.700000e-03  9.700000e-03  0.000000e+00
2.712691e+03  0.000000e+00  2.320000e-02  2.110000e-02  1.310000e-02  1.100000e-02  9.400000e-03  9.400000e-03  0.000000e+00  0.000000e+00  2.320000e-02  2.110000e-02  1.310000e-02  1.100000e-02  9.400000e-03  9.400000e-03  0.000000e+00
3.089275e+03  0.000000e+00  2.300000e-02  1.930000e-02  1.460000e-02  7.900000e-03  8.600000e-03  8.600000e-03  0.000000e+00  0.000000e+00  2.300000e-02  1.930000e-02  1.460000e-02  7.900000e-03  8.600000e-03  8.600000e-03  0.000000e+00
3.518139e+03  0.000000e+00  2.400000e-02  1.690000e-02  1.400000e-02  8.700000e-03  3.600000e-03  3.600000e-03  0.000000e+00  0.000000e+00  2.400000e-02  1.690000e-02  1.400000e-02  1.110000e-02  1.200000e-02  1.200000e-02  0.000000e+00
4.006539e+03  0.000000e+00  2.500000e-02  2.240000e-02  1.480000e-02  0.000000e+00  0.000000e+00  0.000000e+00  0.000000e+00  0.000000e+00  2.500000e-02  2.240000e-02  1.480000e-02  1.280000e-02  1.180000e-02  1.180000e-02  0.000000e+00
4.562740e+03  0.000000e+00  2.540000e-02  1.840000e-02  1.350000e-02  0.000000e+00  0.000000e+00  0.000000e+00  0.000000e+00  0.000000e+00  2.540000e-02  1.840000e-02  1.350000e-02  9.900000e-03  9.500000e-03  9.500000e-03  0.000000e+00
5.196155e+03  0.000000e+00  2.290000e-02  2.120000e-02  1.590000e-02  0.000000e+00  0.000000e+00  0.000000e+00  0.000000e+00  3.100000e-03  2.290000e-02  2.120000e-02  1.590000e-02  1.130000e-02  1.030000e-02  1.030000e-02  0.000000e+00
5.917502e+03  0.000000e+00  2.530000e-02  2.170000e-02  1.480000e-02  0.000000e+00  0.000000e+00  0.000000e+00  0.000000e+00  1.890000e-02  2.530000e-02  2.170000e-02  1.480000e-02  9.400000e-03  1.030000e-02  1.030000e-02  0.000000e+00
6.738990e+03  0.000000e+00  2.330000e-02  1.890000e-02  1.570000e-02  0.000000e+00  0.000000e+00  0.000000e+00  0.000000e+00  1.790000e-02  2.330000e-02  1.890000e-02  1.570000e-02  1.200000e-02  1.150000e-02  1.150000e-02  0.000000e+00
7.674519e+03  0.000000e+00  2.610000e-02  2.070000e-02  1.140000e-02  0.000000e+00  0.000000e+00  0.000000e+00  0.000000e+00  2.190000e-02  2.610000e-02  2.070000e-02  1.270000e-02  9.900000e-03  9.600000e-03  9.600000e-03  0.000000e+00
8.739921e+03  0.000000e+00  2.530000e-02  1.990000e-02  0.000000e+00  0.000000e+00  0.000000e+00  0.000000e+00  0.000000e+00  2.100000e-02  2.530000e-02  1.990000e-02  1.330000e-02  1.160000e-02  1.130000e-02  1.130000e-02  0.000000e+00
9.953226e+03  0.000000e+00  2.510000e-02  1.900000e-02  0.000000e+00  0.000000e+00  0.000000e+00  0.000000e+00  0.000000e+00  2.560000e-02  2.510000e-02  1.900000e-02  1.320000e-02  1.090000e-02  1.110000e-02  1.110000e-02  0.000000e+00
1.133497e+04  0.000000e+00  2.520000e-02  2.200000e-02  0.000000e+00  0.000000e+00  0.000000e+00  0.000000e+00  0.000000e+00  2.210000e-02  2.520000e-02  2.200000e-02  1.480000e-02  1.030000e-02  9.000000e-03  9.000000e-03  0.000000e+00
1.290852e+04  1.910000e-02  2.420000e-02  2.150000e-02  0.000000e+00  0.000000e+00  0.000000e+00  0.000000e+00  0.000000e+00  2.360000e-02  2.420000e-02  2.150000e-02  1.290000e-02  9.200000e-03  9.700000e-03  9.700000e-03  0.000000e+00
1.470053e+04  2.580000e-02  2.430000e-02  2.100000e-02  0.000000e+00  0.000000e+00  0.000000e+00  0.000000e+00  0.000000e+00  2.580000e-02  2.430000e-02  2.100000e-02  1.350000e-02  8.800000e-03  8.600000e-03  8.600000e-03  0.000000e+00
1.674130e+04  2.870000e-02  2.510000e-02  2.020000e-02  0.000000e+00  0.000000e+00  0.000000e+00  0.000000e+00  0.000000e+00  2.870000e-02  2.510000e-02  2.020000e-02  1.360000e-02  9.400000e-03  1.000000e-02  1.000000e-02  0.000000e+00
1.906539e+04  2.630000e-02  2.530000e-02  1.050000e-02  0.000000e+00  0.000000e+00  0.000000e+00  0.000000e+00  0.000000e+00  2.630000e-02  2.530000e-02  1.730000e-02  1.390000e-02  7.100000e-03  3.900000e-03  3.900000e-03  0.000000e+00
2.171211e+04  2.740000e-02  2.580000e-02  0.000000e+00  0.000000e+00  0.000000e+00  0.000000e+00  0.000000e+00  0.000000e+00  2.740000e-02  2.580000e-02  1.790000e-02  1.260000e-02  0.000000e+00  0.000000e+00  0.000000e+00  0.000000e+00
2.472626e+04  2.970000e-02  1.850000e-02  0.000000e+00  0.000000e+00  0.000000e+00  0.000000e+00  0.000000e+00  0.000000e+00  2.970000e-02  1.850000e-02  1.780000e-02  1.450000e-02  0.000000e+00  0.000000e+00  0.000000e+00  0.000000e+00
2.815884e+04  2.930000e-02  2.100000e-02  0.000000e+00  0.000000e+00  0.000000e+00  0.000000e+00  0.000000e+00  0.000000e+00  2.930000e-02  2.100000e-02  1.770000e-02  1.140000e-02  0.000000e+00  0.000000e+00  0.000000e+00  0.000000e+00
3.206794e+04  3.120000e-02  2.160000e-02  0.000000e+00  0.000000e+00  0.000000e+00  0.000000e+00  0.000000e+00  0.000000e+00  3.120000e-02  2.160000e-02  1.810000e-02  0.000000e+00  0.000000e+00  0.000000e+00  0.000000e+00  0.000000e+00
3.651972e+04  2.820000e-02  2.090000e-02  0.000000e+00  0.000000e+00  0.000000e+00  0.000000e+00  0.000000e+00  0.000000e+00  2.820000e-02  2.090000e-02  1.780000e-02  0.000000e+00  0.000000e+00  0.000000e+00  0.000000e+00  0.000000e+00
4.158951e+04  2.810000e-02  1.030000e-02  0.000000e+00  0.000000e+00  0.000000e+00  0.000000e+00  0.000000e+00  0.000000e+00  2.810000e-02  2.340000e-02  1.670000e-02  0.000000e+00  0.000000e+00  0.000000e+00  0.000000e+00  0.000000e+00
4.736310e+04  2.620000e-02  0.000000e+00  0.000000e+00  0.000000e+00  0.000000e+00  0.000000e+00  0.000000e+00  0.000000e+00  2.620000e-02  2.130000e-02  1.470000e-02  0.000000e+00  0.000000e+00  0.000000e+00  0.000000e+00  0.000000e+00
5.393821e+04  2.430000e-02  0.000000e+00  0.000000e+00  0.000000e+00  0.000000e+00  0.000000e+00  0.000000e+00  0.000000e+00  2.430000e-02  1.890000e-02  7.500000e-03  0.000000e+00  0.000000e+00  0.000000e+00  0.000000e+00  0.000000e+00
6.142609e+04  2.930000e-02  0.000000e+00  0.000000e+00  0.000000e+00  0.000000e+00  0.000000e+00  0.000000e+00  0.000000e+00  2.930000e-02  2.170000e-02  0.000000e+00  0.000000e+00  0.000000e+00  0.000000e+00  0.000000e+00  0.000000e+00
6.995346e+04  2.430000e-02  0.000000e+00  0.000000e+00  0.000000e+00  0.000000e+00  0.000000e+00  0.000000e+00  0.000000e+00  2.430000e-02  1.620000e-02  0.000000e+00  0.000000e+00  0.000000e+00  0.000000e+00  0.000000e+00  0.000000e+00
7.966464e+04  2.820000e-02  0.000000e+00  0.000000e+00  0.000000e+00  0.000000e+00  0.000000e+00  0.000000e+00  0.000000e+00  2.820000e-02  1.610000e-02  0.000000e+00  0.000000e+00  0.000000e+00  0.000000e+00  0.000000e+00  0.000000e+00
9.072395e+04  2.630000e-02  0.000000e+00  0.000000e+00  0.000000e+00  0.000000e+00  0.000000e+00  0.000000e+00  0.000000e+00  2.630000e-02  1.420000e-02  0.000000e+00  0.000000e+00  0.000000e+00  0.000000e+00  0.000000e+00  0.000000e+00
1.033185e+05  2.620000e-02  0.000000e+00  0.000000e+00  0.000000e+00  0.000000e+00  0.000000e+00  0.000000e+00  0.000000e+00  2.620000e-02  1.290000e-02  0.000000e+00  0.000000e+00  0.000000e+00  0.000000e+00  0.000000e+00  0.000000e+00
1.176616e+05  2.860000e-02  0.000000e+00  0.000000e+00  0.000000e+00  0.000000e+00  0.000000e+00  0.000000e+00  0.000000e+00  2.860000e-02  6.000000e-04  0.000000e+00  0.000000e+00  0.000000e+00  0.000000e+00  0.000000e+00  0.000000e+00
1.339957e+05  2.390000e-02  0.000000e+00  0.000000e+00  0.000000e+00  0.000000e+00  0.000000e+00  0.000000e+00  0.000000e+00  2.390000e-02  0.000000e+00  0.000000e+00  0.000000e+00  0.000000e+00  0.000000e+00  0.000000e+00  0.000000e+00
1.525975e+05  2.250000e-02  0.000000e+00  0.000000e+00  0.000000e+00  0.000000e+00  0.000000e+00  0.000000e+00  0.000000e+00  2.250000e-02  0.000000e+00  0.000000e+00  0.000000e+00  0.000000e+00  0.000000e+00  0.000000e+00  0.000000e+00
1.737816e+05  2.160000e-02  0.000000e+00  0.000000e+00  0.000000e+00  0.000000e+00  0.000000e+00  0.000000e+00  0.000000e+00  2.160000e-02  0.000000e+00  0.000000e+00  0.000000e+00  0.000000e+00  0.000000e+00  0.000000e+00  0.000000e+00
1.979065e+05  2.050000e-02  0.000000e+00  0.000000e+00  0.000000e+00  0.000000e+00  0.000000e+00  0.000000e+00  0.000000e+00  2.050000e-02  0.000000e+00  0.000000e+00  0.000000e+00  0.000000e+00  0.000000e+00  0.000000e+00  0.000000e+00
2.253806e+05  2.070000e-02  0.000000e+00  0.000000e+00  0.000000e+00  0.000000e+00  0.000000e+00  0.000000e+00  0.000000e+00  2.070000e-02  0.000000e+00  0.000000e+00  0.000000e+00  0.000000e+00  0.000000e+00  0.000000e+00  0.000000e+00
2.566686e+05  2.020000e-02  0.000000e+00  0.000000e+00  0.000000e+00  0.000000e+00  0.000000e+00  0.000000e+00  0.000000e+00  2.020000e-02  0.000000e+00  0.000000e+00  0.000000e+00  0.000000e+00  0.000000e+00  0.000000e+00  0.000000e+00
2.923002e+05  1.900000e-02  0.000000e+00  0.000000e+00  0.000000e+00  0.000000e+00  0.000000e+00  0.000000e+00  0.000000e+00  1.900000e-02  0.000000e+00  0.000000e+00  0.000000e+00  0.000000e+00  0.000000e+00  0.000000e+00  0.000000e+00
3.328783e+05  1.690000e-02  0.000000e+00  0.000000e+00  0.000000e+00  0.000000e+00  0.000000e+00  0.000000e+00  0.000000e+00  1.690000e-02  0.000000e+00  0.000000e+00  0.000000e+00  0.000000e+00  0.000000e+00  0.000000e+00  0.000000e+00
3.790896e+05  1.670000e-02  0.000000e+00  0.000000e+00  0.000000e+00  0.000000e+00  0.000000e+00  0.000000e+00  0.000000e+00  1.670000e-02  0.000000e+00  0.000000e+00  0.000000e+00  0.000000e+00  0.000000e+00  0.000000e+00  0.000000e+00
4.317161e+05  1.080000e-02  0.000000e+00  0.000000e+00  0.000000e+00  0.000000e+00  0.000000e+00  0.000000e+00  0.000000e+00  1.560000e-02  0.000000e+00  0.000000e+00  0.000000e+00  0.000000e+00  0.000000e+00  0.000000e+00  0.000000e+00
4.916483e+05  0.000000e+00  0.000000e+00  0.000000e+00  0.000000e+00  0.000000e+00  0.000000e+00  0.000000e+00  0.000000e+00  1.460000e-02  0.000000e+00  0.000000e+00  0.000000e+00  0.000000e+00  0.000000e+00  0.000000e+00  0.000000e+00
5.599006e+05  0.000000e+00  0.000000e+00  0.000000e+00  0.000000e+00  0.000000e+00  0.000000e+00  0.000000e+00  0.000000e+00  1.900000e-02  0.000000e+00  0.000000e+00  0.000000e+00  0.000000e+00  0.000000e+00  0.000000e+00  0.000000e+00
6.376279e+05  0.000000e+00  0.000000e+00  0.000000e+00  0.000000e+00  0.000000e+00  0.000000e+00  0.000000e+00  0.000000e+00  1.500000e-02  0.000000e+00  0.000000e+00  0.000000e+00  0.000000e+00  0.000000e+00  0.000000e+00  0.000000e+00
7.261455e+05  0.000000e+00  0.000000e+00  0.000000e+00  0.000000e+00  0.000000e+00  0.000000e+00  0.000000e+00  0.000000e+00  1.480000e-02  0.000000e+00  0.000000e+00  0.000000e+00  0.000000e+00  0.000000e+00  0.000000e+00  0.000000e+00
8.269515e+05  0.000000e+00  0.000000e+00  0.000000e+00  0.000000e+00  0.000000e+00  0.000000e+00  0.000000e+00  0.000000e+00  1.420000e-02  0.000000e+00  0.000000e+00  0.000000e+00  0.000000e+00  0.000000e+00  0.000000e+00  0.000000e+00
9.417516e+05  0.000000e+00  0.000000e+00  0.000000e+00  0.000000e+00  0.000000e+00  0.000000e+00  0.000000e+00  0.000000e+00  1.290000e-02  0.000000e+00  0.000000e+00  0.000000e+00  0.000000e+00  0.000000e+00  0.000000e+00  0.000000e+00
1.072489e+06  0.000000e+00  0.000000e+00  0.000000e+00  0.000000e+00  0.000000e+00  0.000000e+00  0.000000e+00  0.000000e+00  1.190000e-02  0.000000e+00  0.000000e+00  0.000000e+00  0.000000e+00  0.000000e+00  0.000000e+00  0.000000e+00
1.221375e+06  0.000000e+00  0.000000e+00  0.000000e+00  0.000000e+00  0.000000e+00  0.000000e+00  0.000000e+00  0.000000e+00  9.900000e-03  0.000000e+00  0.000000e+00  0.000000e+00  0.000000e+00  0.000000e+00  0.000000e+00  0.000000e+00
1.390931e+06  0.000000e+00  0.000000e+00  0.000000e+00  0.000000e+00  0.000000e+00  0.000000e+00  0.000000e+00  0.000000e+00  9.700000e-03  0.000000e+00  0.000000e+00  0.000000e+00  0.000000e+00  0.000000e+00  0.000000e+00  0.000000e+00
1.584024e+06  0.000000e+00  0.000000e+00  0.000000e+00  0.000000e+00  0.000000e+00  0.000000e+00  0.000000e+00  0.000000e+00  8.200000e-03  0.000000e+00  0.000000e+00  0.000000e+00  0.000000e+00  0.000000e+00  0.000000e+00  0.000000e+00
