9.039600e-06  0.000000e+00  0.000000e+00  0.000000e+00  0.000000e+00  0.000000e+00  0.000000e+00  0.000000e+00  0.000000e+00  0.000000e+00  0.000000e+00  0.000000e+00  0.000000e+00  0.000000e+00  0.000000e+00  0.000000e+00  4.200000e-03
1.002920e-05  0.000000e+00  0.000000e+00  0.000000e+00  0.000000e+00  0.000000e+00  0.000000e+00  0.000000e+00  0.000000e+00  0.000000e+00  0.000000e+00  0.000000e+00  0.000000e+00  0.000000e+00  0.000000e+00  0.000000e+00  6.200000e-03
1.112714e-05  0.000000e+00  0.000000e+00  0.000000e+00  0.000000e+00  0.000000e+00  0.000000e+00  0.000000e+00  0.000000e+00  0.000000e+00  0.000000e+00  0.000000e+00  0.000000e+00  0.000000e+00  0.000000e+00  0.000000e+00  6.200000e-03
1.234528e-05  0.000000e+00  0.000000e+00  0.000000e+00  0.000000e+00  0.000000e+00  0.000000e+00  0.000000e+00  0.000000e+00  0.000000e+00  0.000000e+00  0.000000e+00  0.000000e+00  0.000000e+00  0.000000e+00  0.000000e+00  7.000000e-03
1.369677e-05  0.000000e+00  0.000000e+00  0.000000e+00  0.000000e+00  0.000000e+00  0.000000e+00  0.000000e+00  0.000000e+00  0.000000e+00  0.000000e+00  0.000000e+00  0.000000e+00  0.000000e+00  0.000000e+00  0.000000e+00  6.200000e-03
1.519621e-05  0.000000e+00  0.000000e+00  0.000000e+00  0.000000e+00  0.000000e+00  0.000000e+00  0.000000e+00  0.000000e+00  0.000000e+00  0.000000e+00  0.000000e+00  0.000000e+00  0.000000e+00  0.000000e+00  0.000000e+00  7.000000e-03
1.685980e-05  0.000000e+00  0.000000e+00  0.000000e+00  0.000000e+00  0.000000e+00  0.000000e+00  0.000000e+00  0.000000e+00  0.000000e+00  0.000000e+00  0.000000e+00  0.000000e+00  0.000000e+00  0.000000e+00  0.000000e+00  8.600000e-03
1.870552e-05  0.000000e+00  0.000000e+00  0.000000e+00  0.000000e+00  0.000000e+00  0.000000e+00  0.000000e+00  0.000000e+00  0.000000e+00  0.000000e+00  0.000000e+00  0.000000e+00  0.000000e+00  0.000000e+00  0.000000e+00  9.000000e-03
2.075329e-05  0.000000e+00  0.000000e+00  0.000000e+00  0.000000e+00  0.000000e+00  0.000000e+00  0.000000e+00  0.000000e+00  0.000000e+00  0.000000e+00  0.000000e+00  0.000000e+00  0.000000e+00  0.000000e+00  0.000000e+00  8.700000e-03
2.302524e-05  0.000000e+00  0.000000e+00  0.000000e+00  0.000000e+00  0.000000e+00  0.000000e+00  0.000000e+00  0.000000e+00  0.000000e+00  0.000000e+00  0.000000e+00  0.000000e+00  0.000000e+00  0.000000e+00  0.000000e+00  1.030000e-02
2.554591e-05  0.000000e+00  0.000000e+00  0.000000e+00  0.000000e+00  0.000000e+00  0.000000e+00  0.000000e+00  0.000000e+00  0.000000e+00  0.000000e+00  0.000000e+00  0.000000e+00  0.000000e+00  0.000000e+00  0.000000e+00  9.700000e-03
2.834252e-05  0.000000e+00  0.000000e+00  0.000000e+00  0.000000e+00  0.000000e+00  0.000000e+00  0.000000e+00  0.000000e+00  0.000000e+00  0.000000e+00  0.000000e+00  0.000000e+00  0.000000e+00  0.000000e+00  0.000000e+00  1.120000e-02
3.144530e-05  0.000000e+00  0.000000e+00  0.000000e+00  0.000000e+00  0.000000e+00  0.000000e+00  0.000000e+00  0.000000e+00  0.000000e+00  0.000000e+00  0.000000e+00  0.000000e+00  0.000000e+00  0.000000e+00  0.000000e+00  9.700000e-03
3.488775e-05  0.000000e+00  0.000000e+00  0.000000e+00  0.000000e+00  0.000000e+00  0.000000e+00  0.000000e+00  0.000000e+00  0.000000e+00  0.000000e+00  0.000000e+00  0.000000e+00  0.000000e+00  0.000000e+00  0.000000e+00  1.130000e-02
3.870706e-05  0.000000e+00  0.000000e+00  0.000000e+00  0.000000e+00  0.000000e+00  0.000000e+00  0.000000e+00  0.000000e+00  0.000000e+00  0.000000e+00  0.000000e+00  0.000000e+00  0.000000e+00  0.000000e+00  0.000000e+00  1.140000e-02
4.294448e-05  0.000000e+00  0.000000e+00  0.000000e+00  0.000000e+00  0.000000e+00  0.000000e+00  0.000000e+00  2.700000e-03  0.000000e+00  0.000000e+00  0.000000e+00  0.000000e+00  0.000000e+00  0.000000e+00  0.000000e+00  1.100000e-02
4.764579e-05  0.000000e+00  0.000000e+00  0.000000e+00  0.000000e+00  0.000000e+00  0.000000e+00  0.000000e+00  1.170000e-02  0.000000e+00  0.000000e+00  0.000000e+00  0.000000e+00  0.000000e+00  0.000000e+00  0.000000e+00  1.170000e-02
5.286178e-05  0.000000e+00  0.000000e+00  0.000000e+00  0.000000e+00  0.000000e+00  0.000000e+00  0.000000e+00  1.230000e-02  0.000000e+00  0.000000e+00  0.000000e+00  0.000000e+00  0.000000e+00  0.000000e+00  0.000000e+00  1.230000e-02
5.864878e-05  0.000000e+00  0.000000e+00  0.000000e+00  0.000000e+00  0.000000e+00  0.000000e+00  0.000000e+00  1.010000e-02  0.000000e+00  0.000000e+00  0.000000e+00  0.000000e+00  0.000000e+00  0.000000e+00  0.000000e+00  1.010000e-02
6.506931e-05  0.000000e+00  0.000000e+00  0.000000e+00  0.000000e+00  0.000000e+00  0.000000e+00  0.000000e+00  1.360000e-02  0.000000e+00  0.000000e+00  0.000000e+00  0.000000e+00  0.000000e+00  0.000000e+00  0.000000e+00  1.360000e-02
7.219272e-05  0.000000e+00  0.000000e+00  0.000000e+00  0.000000e+00  0.000000e+00  0.000000e+00  0.000000e+00  1.400000e-02  0.000000e+00  0.000000e+00  0.000000e+00  0.000000e+00  0.000000e+00  0.000000e+00  0.000000e+00  1.400000e-02
8.009596e-05  0.000000e+00  0.000000e+00  0.000000e+00  0.000000e+00  0.000000e+00  0.000000e+00  0.000000e+00  1.180000e-02  0.000000e+00  0.000000e+00  0.000000e+00  0.000000e+00  0.000000e+00  0.000000e+00  0.000000e+00  1.180000e-02
8.886440e-05  0.000000e+00  0.000000e+00  0.000000e+00  0.000000e+00  0.000000e+00  0.000000e+00  0.000000e+00  1.350000e-02  0.000000e+00  0.000000e+00  0.000000e+00  0.000000e+00  0.000000e+00  0.000000e+00  0.000000e+00  1.350000e-02
9.859276e-05  0.000000e+00  0.000000e+00  0.000000e+00  0.000000e+00  0.000000e+00  0.000000e+00  0.000000e+00  1.520000e-02  0.000000e+00  0.000000e+00  0.000000e+00  0.000000e+00  0.000000e+00  0.000000e+00  0.000000e+00  1.520000e-02
1.093861e-04  0.000000e+00  0.000000e+00  0.000000e+00  0.000000e+00  0.000000e+00  0.000000e+00  0.000000e+00  1.460000e-02  0.000000e+00  0.000000e+00  0.000000e+00  0.000000e+00  0.000000e+00  0.000000e+00  0.000000e+00  1.460000e-02
1.213611e-04  0.000000e+00  0.000000e+00  0.000000e+00  0.000000e+00  0.000000e+00  0.000000e+00  0.000000e+00  1.380000e-02  0.000000e+00  0.000000e+00  0.000000e+00  0.000000e+00  0.000000e+00  0.000000e+00  0.000000e+00  1.380000e-02
1.346470e-04  0.000000e+00  0.000000e+00  0.000000e+00  0.000000e+00  0.000000e+00  0.000000e+00  0.000000e+00  1.410000e-02  0.000000e+00  0.000000e+00  0.000000e+00  0.000000e+00  0.000000e+00  0.000000e+00  0.000000e+00  1.410000e-02
1.493874e-04  0.000000e+00  0.000000e+00  0.000000e+00  0.000000e+00  0.000000e+00  0.000000e+00  0.000000e+00  1.480000e-02  0.000000e+00  0.000000e+00  0.000000e+00  0.000000e+00  0.000000e+00  0.000000e+00  0.000000e+00  1.480000e-02
1.657414e-04  0.000000e+00  0.000000e+00  0.000000e+00  0.000000e+00  0.000000e+00  0.000000e+00  0.000000e+00  1.510000e-02  0.000000e+00  0.000000e+00  0.000000e+00  0.000000e+00  0.000000e+00  0.000000e+00  0.000000e+00  1.510000e-02
1.838858e-04  0.000000e+00  0.000000e+00  0.000000e+00  0.000000e+00  0.000000e+00  0.000000e+00  0.000000e+00  1.590000e-02  0.000000e+00  0.000000e+00  0.000000e+00  0.000000e+00  0.000000e+00  0.000000e+00  0.000000e+00  1.590000e-02
2.040166e-04  0.000000e+00  0.000000e+00  0.000000e+00  0.000000e+00  0.000000e+00  0.000000e+00  0.000000e+00  1.450000e-02  0.000000e+00  0.000000e+00  0.000000e+00  0.000000e+00  0.000000e+00  0.000000e+00  0.000000e+00  1.450000e-02
2.263512e-04  0.000000e+00  0.000000e+00  0.000000e+00  0.000000e+00  0.000000e+00  0.000000e+00  0.000000e+00  1.400000e-02  0.000000e+00  0.000000e+00  0.000000e+00  0.000000e+00  0.000000e+00  0.000000e+00  0.000000e+00  1.400000e-02
2.511308e-04  0.000000e+00  0.000000e+00  0.000000e+00  0.000000e+00  0.000000e+00  0.000000e+00  0.000000e+00  1.390000e-02  0.000000e+00  0.000000e+00  0.000000e+00  0.000000e+00  0.000000e+00  0.000000e+00  0.000000e+00  1.390000e-02
2.786231e-04  0.000000e+00  0.000000e+00  0.000000e+00  0.000000e+00  0.000000e+00  0.000000e+00  0.000000e+00  1.060000e-02  0.000000e+00  0.000000e+00  0.000000e+00  0.000000e+00  0.000000e+00  0.000000e+00  0.000000e+00  1.060000e-02
3.091252e-04  0.000000e+00  0.000000e+00  0.000000e+00  0.000000e+00  0.000000e+00  0.000000e+00  0.000000e+00  1.510000e-02  0.000000e+00  0.000000e+00  0.000000e+00  0.000000e+00  0.000000e+00  0.000000e+00  0.000000e+00  1.510000e-02
3.429664e-04  0.000000e+00  0.000000e+00  0.000000e+00  0.000000e+00  0.000000e+00  0.000000e+00  0.000000e+00  1.370000e-02  0.000000e+00  0.000000e+00  0.000000e+00  0.000000e+00  0.000000e+00  0.000000e+00  0.000000e+00  1.370000e-02
3.805124e-04  0.000000e+00  0.000000e+00  0.000000e+00  0.000000e+00  0.000000e+00  0.000000e+00  0.000000e+00  1.340000e-02  0.000000e+00  0.000000e+00  0.000000e+00  0.000000e+00  0.000000e+00  0.000000e+00  3.000000e-03  1.340000e-02
4.221686e-04  0.000000e+00  0.000000e+00  0.000000e+00  0.000000e+00  0.000000e+00  0.000000e+00  0.000000e+00  1.350000e-02  0.000000e+00  0.000000e+00  0.000000e+00  0.000000e+00  0.000000e+00  0.000000e+00  8.500000e-03  1.350000e-02
4.683852e-04  0.000000e+00  0.000000e+00  0.000000e+00  0.000000e+00  0.000000e+00  0.000000e+00  0.000000e+00  1.390000e-02  0.000000e+00  0.000000e+00  0.000000e+00  0.000000e+00  0.000000e+00  0.000000e+00  1.090000e-02  1.390000e-02
5.196613e-04  0.000000e+00  0.000000e+00  0.000000e+00  0.000000e+00  0.000000e+00  0.000000e+00  0.000000e+00  1.340000e-02  0.000000e+00  0.000000e+00  0.000000e+00  0.000000e+00  0.000000e+00  0.000000e+00  1.060000e-02  1.340000e-02
5.765508e-04  0.000000e+00  0.000000e+00  0.000000e+00  0.000000e+00  0.000000e+00  0.000000e+00  0.000000e+00  1.450000e-02  0.000000e+00  0.000000e+00  0.000000e+00  0.000000e+00  0.000000e+00  0.000000e+00  1.190000e-02  1.450000e-02
6.396683e-04  0.000000e+00  0.000000e+00  0.000000e+00  0.000000e+00  0.000000e+00  0.000000e+00  0.000000e+00  1.290000e-02  0.000000e+00  0.000000e+00  0.000000e+00  0.000000e+00  0.000000e+00  0.000000e+00  1.260000e-02  1.290000e-02
7.096955e-04  0.000000e+00  0.000000e+00  0.000000e+00  0.000000e+00  0.000000e+00  0.000000e+00  0.000000e+00  1.180000e-02  0.000000e+00  0.000000e+00  0.000000e+00  0.000000e+00  0.000000e+00  0.000000e+00  1.420000e-02  1.180000e-02
7.873888e-04  0.000000e+00  0.000000e+00  0.000000e+00  0.000000e+00  0.000000e+00  0.000000e+00  0.000000e+00  1.270000e-02  0.000000e+00  0.000000e+00  0.000000e+00  0.000000e+00  0.000000e+00  0.000000e+00  1.330000e-02  1.270000e-02
8.735876e-04  0.000000e+00  0.000000e+00  0.000000e+00  0.000000e+00  0.000000e+00  0.000000e+00  0.000000e+00  1.410000e-02  0.000000e+00  0.000000e+00  0.000000e+00  0.000000e+00  0.000000e+00  0.000000e+00  1.400000e-02  1.410000e-02
9.692229e-04  0.000000e+00  0.000000e+00  0.000000e+00  0.000000e+00  0.000000e+00  0.000000e+00  0.000000e+00  1.280000e-02  0.000000e+00  0.000000e+00  0.000000e+00  0.000000e+00  0.000000e+00  0.000000e+00  1.680000e-02  1.280000e-02
1.075328e-03  0.000000e+00  0.000000e+00  0.000000e+00  0.000000e+00  0.000000e+00  0.000000e+00  0.000000e+00  1.410000e-02  0.000000e+00  0.000000e+00  0.000000e+00  0.000000e+00  0.000000e+00  0.000000e+00  1.280000e-02  1.410000e-02
1.193048e-03  0.000000e+00  0.000000e+00  0.000000e+00  0.000000e+00  0.000000e+00  0.000000e+00  8.100000e-03  1.230000e-02  0.000000e+00  0.000000e+00  0.000000e+00  0.000000e+00  0.000000e+00  0.000000e+00  1.450000e-02  1.230000e-02
1.323656e-03  0.000000e+00  0.000000e+00  0.000000e+00  0.000000e+00  0.000000e+00  0.000000e+00  1.600000e-02  1.190000e-02  0.000000e+00  0.000000e+00  0.000000e+00  0.000000e+00  0.000000e+00  4.900000e-03  1.600000e-02  1.190000e-02
1.468563e-03  0.000000e+00  0.000000e+00  0.000000e+00  0.000000e+00  0.000000e+00  0.000000e+00  1.570000e-02  1.060000e-02  0.000000e+00  0.000000e+00  0.000000e+00  0.000000e+00  0.000000e+00  1.200000e-02  1.570000e-02  1.060000e-02
1.629332e-03  0.000000e+00  0.000000e+00  0.000000e+00  0.000000e+00  0.000000e+00  0.000000e+00  1.630000e-02  1.080000e-02  0.000000e+00  0.000000e+00  0.000000e+00  0.000000e+00  0.000000e+00  9.100000e-03  1.630000e-02  1.080000e-02
1.807702e-03  0.000000e+00  0.000000e+00  0.000000e+00  0.000000e+00  0.000000e+00  0.000000e+00  1.690000e-02  1.080000e-02  0.000000e+00  0.000000e+00  0.000000e+00  0.000000e+00  0.000000e+00  1.200000e-02  1.690000e-02  1.080000e-02
2.005599e-03  0.000000e+00  0.000000e+00  0.000000e+00  0.000000e+00  0.000000e+00  0.000000e+00  1.690000e-02  1.110000e-02  0.000000e+00  0.000000e+00  0.000000e+00  0.000000e+00  0.000000e+00  1.280000e-02  1.690000e-02  1.110000e-02
2.225160e-03  0.000000e+00  0.000000e+00  0.000000e+00  0.000000e+00  0.000000e+00  0.000000e+00  1.360000e-02  1.200000e-02  0.000000e+00  0.000000e+00  0.000000e+00  0.000000e+00  0.000000e+00  1.260000e-02  1.360000e-02  1.200000e-02
2.468758e-03  0.000000e+00  0.000000e+00  0.000000e+00  0.000000e+00  0.000000e+00  0.000000e+00  1.670000e-02  1.050000e-02  0.000000e+00  0.000000e+00  0.000000e+00  0.000000e+00  0.000000e+00  1.350000e-02  1.670000e-02  1.050000e-02
2.739023e-03  0.000000e+00  0.000000e+00  0.000000e+00  0.000000e+00  0.000000e+00  0.000000e+00  1.530000e-02  1.050000e-02  0.000000e+00  0.000000e+00  0.000000e+00  0.000000e+00  3.200000e-03  1.190000e-02  1.530000e-02  1.050000e-02
3.038876e-03  0.000000e+00  0.000000e+00  0.000000e+00  0.000000e+00  0.000000e+00  0.000000e+00  1.480000e-02  9.400000e-03  0.000000e+00  0.000000e+00  0.000000e+00  0.000000e+00  1.080000e-02  1.700000e-02  1.480000e-02  9.400000e-03
3.371554e-03  0.000000e+00  0.000000e+00  0.000000e+00  0.000000e+00  0.000000e+00  0.000000e+00  1.460000e-02  1.010000e-02  0.000000e+00  0.000000e+00  0.000000e+00  0.000000e+00  1.010000e-02  1.310000e-02  1.460000e-02  1.010000e-02
3.740653e-03  0.000000e+00  0.000000e+00  0.000000e+00  0.000000e+00  0.000000e+00  0.000000e+00  1.470000e-02  8.800000e-03  0.000000e+00  0.000000e+00  0.000000e+00  0.000000e+00  1.030000e-02  1.390000e-02  1.470000e-02  8.800000e-03
4.150158e-03  0.000000e+00  0.000000e+00  0.000000e+00  0.000000e+00  0.000000e+00  1.470000e-02  1.490000e-02  9.000000e-03  0.000000e+00  0.000000e+00  0.000000e+00  0.000000e+00  1.090000e-02  1.690000e-02  1.490000e-02  9.000000e-03
4.604493e-03  0.000000e+00  0.000000e+00  0.000000e+00  0.000000e+00  0.000000e+00  1.810000e-02  1.570000e-02  8.200000e-03  0.000000e+00  0.000000e+00  0.000000e+00  0.000000e+00  1.350000e-02  1.810000e-02  1.570000e-02  8.200000e-03
5.108566e-03  0.000000e+00  0.000000e+00  0.000000e+00  0.000000e+00  0.000000e+00  1.520000e-02  1.330000e-02  9.200000e-03  0.000000e+00  0.000000e+00  0.000000e+00  0.000000e+00  1.340000e-02  1.520000e-02  1.330000e-02  9.200000e-03
5.667822e-03  0.000000e+00  0.000000e+00  0.000000e+00  0.000000e+00  0.000000e+00  1.640000e-02  1.390000e-02  1.050000e-02  0.000000e+00  0.000000e+00  0.000000e+00  0.000000e+00  1.330000e-02  1.640000e-02  1.390000e-02  1.050000e-02
6.288303e-03  0.000000e+00  0.000000e+00  0.000000e+00  0.000000e+00  0.000000e+00  1.540000e-02  1.230000e-02  8.400000e-03  0.000000e+00  0.000000e+00  0.000000e+00  0.000000e+00  1.460000e-02  1.540000e-02  1.230000e-02  8.400000e-03
6.976710e-03  0.000000e+00  0.000000e+00  0.000000e+00  0.000000e+00  0.000000e+00  1.590000e-02  1.520000e-02  1.030000e-02  0.000000e+00  0.000000e+00  0.000000e+00  0.000000e+00  1.400000e-02  1.590000e-02  1.520000e-02  1.030000e-02
7.740479e-03  0.000000e+00  0.000000e+00  0.000000e+00  0.000000e+00  0.000000e+00  1.390000e-02  1.450000e-02  9.200000e-03  0.000000e+00  0.000000e+00  0.000000e+00  0.000000e+00  1.420000e-02  1.390000e-02  1.450000e-02  9.200000e-03
8.587862e-03  0.000000e+00  0.000000e+00  0.000000e+00  0.000000e+00  1.010000e-02  1.330000e-02  1.370000e-02  7.800000e-03  0.000000e+00  0.000000e+00  0.000000e+00  6.700000e-03  1.680000e-02  1.330000e-02  1.370000e-02  7.800000e-03
9.528012e-03  0.000000e+00  0.000000e+00  0.000000e+00  0.000000e+00  1.730000e-02  1.230000e-02  1.430000e-02  7.200000e-03  0.000000e+00  0.000000e+00  0.000000e+00  1.130000e-02  1.730000e-02  1.230000e-02  1.430000e-02  7.200000e-03
1.057108e-02  0.000000e+00  0.000000e+00  0.000000e+00  0.000000e+00  1.590000e-02  1.560000e-02  1.260000e-02  7.100000e-03  0.000000e+00  0.000000e+00  0.000000e+00  1.040000e-02  1.590000e-02  1.560000e-02  1.260000e-02  7.100000e-03
1.172834e-02  0.000000e+00  0.000000e+00  0.000000e+00  0.000000e+00  1.590000e-02  1.620000e-02  1.310000e-02  8.100000e-03  0.000000e+00  0.000000e+00  0.000000e+00  1.100000e-02  1.590000e-02  1.620000e-02  1.310000e-02  8.100000e-03
1.301230e-02  0.000000e+00  0.000000e+00  0.000000e+00  0.000000e+00  1.500000e-02  1.440000e-02  1.240000e-02  7.600000e-03  0.000000e+00  0.000000e+00  0.000000e+00  1.360000e-02  1.500000e-02  1.440000e-02  1.240000e-02  7.600000e-03
1.443681e-02  0.000000e+00  0.000000e+00  0.000000e+00  0.000000e+00  1.520000e-02  1.390000e-02  1.400000e-02  6.900000e-03  0.000000e+00  0.000000e+00  0.000000e+00  1.450000e-02  1.520000e-02  1.390000e-02  1.400000e-02  6.900000e-03
1.601726e-02  0.000000e+00  0.000000e+00  0.000000e+00  0.000000e+00  1.390000e-02  1.480000e-02  1.360000e-02  7.000000e-03  0.000000e+00  0.000000e+00  0.000000e+00  1.410000e-02  1.390000e-02  1.480000e-02  1.360000e-02  7.000000e-03
1.777074e-02  0.000000e+00  0.000000e+00  0.000000e+00  0.000000e+00  1.540000e-02  1.350000e-02  1.300000e-02  8.500000e-03  0.000000e+00  0.000000e+00  0.000000e+00  1.450000e-02  1.540000e-02  1.350000e-02  1.300000e-02  8.500000e-03
1.971618e-02  0.000000e+00  0.000000e+00  0.000000e+00  0.000000e+00  1.170000e-02  1.430000e-02  1.120000e-02  4.100000e-03  0.000000e+00  0.000000e+00  0.000000e+00  1.350000e-02  1.170000e-02  1.430000e-02  1.120000e-02  8.400000e-03
2.187459e-02  0.000000e+00  0.000000e+00  0.000000e+00  0.000000e+00  1.640000e-02  1.610000e-02  1.010000e-02  0.000000e+00  0.000000e+00  0.000000e+00  0.000000e+00  1.590000e-02  1.640000e-02  1.610000e-02  1.010000e-02  7.900000e-03
2.426930e-02  0.000000e+00  0.000000e+00  0.000000e+00  4.100000e-03  1.580000e-02  1.300000e-02  1.130000e-02  0.000000e+00  0.000000e+00  0.000000e+00  0.000000e+00  1.360000e-02  1.580000e-02  1.300000e-02  1.130000e-02  8.400000e-03
2.692616e-02  0.000000e+00  0.000000e+00  0.000000e+00  1.770000e-02  1.360000e-02  1.330000e-02  1.160000e-02  0.000000e+00  0.000000e+00  0.000000e+00  0.000000e+00  1.770000e-02  1.360000e-02  1.330000e-02  1.160000e-02  6.800000e-03
2.987388e-02  0.000000e+00  0.000000e+00  0.000000e+00  1.770000e-02  1.560000e-02  1.480000e-02  1.190000e-02  0.000000e+00  0.000000e+00  0.000000e+00  0.000000e+00  1.770000e-02  1.560000e-02  1.480000e-02  1.190000e-02  7.800000e-03
3.314430e-02  0.000000e+00  0.000000e+00  0.000000e+00  1.560000e-02  1.420000e-02  1.320000e-02  1.070000e-02  0.000000e+00  0.000000e+00  0.000000e+00  0.000000e+00  1.560000e-02  1.420000e-02  1.320000e-02  1.070000e-02  6.700000e-03
3.677274e-02  0.000000e+00  0.000000e+00  0.000000e+00  1.420000e-02  1.500000e-02  1.440000e-02  1.060000e-02  0.000000e+00  0.000000e+00  0.000000e+00  0.000000e+00  1.420000e-02  1.500000e-02  1.440000e-02  1.060000e-02  7.300000e-03
4.079841e-02  0.000000e+00  0.000000e+00  0.000000e+00  1.570000e-02  1.340000e-02  1.270000e-02  1.070000e-02  0.000000e+00  0.000000e+00  0.000000e+00  3.900000e-03  1.570000e-02  1.340000e-02  1.270000e-02  1.070000e-02  6.600000e-03
4.526478e-02  0.000000e+00  0.000000e+00  0.000000e+00  1.520000e-02  1.620000e-02  1.310000e-02  1.090000e-02  0.000000e+00  0.000000e+00  0.000000e+00  1.270000e-02  1.520000e-02  1.620000e-02  1.310000e-02  1.090000e-02  7.400000e-03
5.022011e-02  0.000000e+00  0.000000e+00  0.000000e+00  1.560000e-02  1.610000e-02  1.240000e-02  1.130000e-02  0.000000e+00  0.000000e+00  0.000000e+00  1.200000e-02  1.560000e-02  1.610000e-02  1.240000e-02  1.130000e-02  8.000000e-03
5.571791e-02  0.000000e+00  0.000000e+00  0.000000e+00  1.480000e-02  1.520000e-02  1.170000e-02  1.130000e-02  0.000000e+00  0.000000e+00  0.000000e+00  1.360000e-02  1.480000e-02  1.520000e-02  1.170000e-02  1.130000e-02  7.400000e-03
6.181759e-02  0.000000e+00  0.000000e+00  0.000000e+00  1.520000e-02  1.500000e-02  1.450000e-02  9.300000e-03  0.000000e+00  0.000000e+00  0.000000e+00  1.150000e-02  1.520000e-02  1.500000e-02  1.450000e-02  9.300000e-03  6.500000e-03
6.858502e-02  0.000000e+00  0.000000e+00  0.000000e+00  1.500000e-02  1.370000e-02  1.240000e-02  8.800000e-03  0.000000e+00  0.000000e+00  0.000000e+00  1.340000e-02  1.500000e-02  1.370000e-02  1.240000e-02  8.800000e-03  7.100000e-03
7.609331e-02  0.000000e+00  0.000000e+00  0.000000e+00  1.570000e-02  1.370000e-02  1.050000e-02  8.000000e-03  0.000000e+00  0.000000e+00  0.000000e+00  1.340000e-02  1.570000e-02  1.370000e-02  1.050000e-02  8.000000e-03  6.500000e-03
8.442356e-02  0.000000e+00  0.000000e+00  0.000000e+00  1.570000e-02  1.440000e-02  1.220000e-02  7.800000e-03  0.000000e+00  0.000000e+00  0.000000e+00  1.490000e-02  1.570000e-02  1.440000e-02  1.220000e-02  7.800000e-03  5.700000e-03
9.366577e-02  0.000000e+00  0.000000e+00  0.000000e+00  1.670000e-02  1.300000e-02  1.350000e-02  9.400000e-03  0.000000e+00  0.000000e+00  0.000000e+00  1.570000e-02  1.670000e-02  1.300000e-02  1.350000e-02  9.400000e-03  6.500000e-03
1.039198e-01  0.000000e+00  0.000000e+00  0.000000e+00  1.550000e-02  1.270000e-02  1.180000e-02  1.090000e-02  0.000000e+00  0.000000e+00  0.000000e+00  1.250000e-02  1.550000e-02  1.270000e-02  1.180000e-02  1.090000e-02  7.200000e-03
1.152963e-01  0.000000e+00  0.000000e+00  6.900000e-03  1.510000e-02  1.060000e-02  1.240000e-02  1.000000e-02  0.000000e+00  0.000000e+00  0.000000e+00  1.830000e-02  1.510000e-02  1.060000e-02  1.240000e-02  1.000000e-02  5.700000e-03
1.279183e-01  0.000000e+00  0.000000e+00  1.770000e-02  1.510000e-02  1.190000e-02  1.080000e-02  7.800000e-03  0.000000e+00  0.000000e+00  0.000000e+00  1.770000e-02  1.510000e-02  1.190000e-02  1.080000e-02  7.800000e-03  4.400000e-03
1.419220e-01  0.000000e+00  0.000000e+00  1.610000e-02  1.390000e-02  1.370000e-02  1.120000e-02  9.200000e-03  0.000000e+00  0.000000e+00  0.000000e+00  1.610000e-02  1.390000e-02  1.370000e-02  1.120000e-02  9.200000e-03  5.800000e-03
1.574588e-01  0.000000e+00  0.000000e+00  1.740000e-02  1.590000e-02  1.150000e-02  1.040000e-02  7.400000e-03  0.000000e+00  0.000000e+00  6.700000e-03  1.740000e-02  1.590000e-02  1.150000e-02  1.040000e-02  7.400000e-03  1.000000e-03
1.746965e-01  0.000000e+00  0.000000e+00  1.690000e-02  1.450000e-02  1.420000e-02  1.040000e-02  7.000000e-03  0.000000e+00  0.000000e+00  1.110000e-02  1.690000e-02  1.450000e-02  1.420000e-02  1.040000e-02  7.000000e-03  0.000000e+00
1.938212e-01  0.000000e+00  0.000000e+00  1.780000e-02  1.590000e-02  1.130000e-02  1.240000e-02  8.600000e-03  0.000000e+00  0.000000e+00  1.240000e-02  1.780000e-02  1.590000e-02  1.130000e-02  1.240000e-02  8.600000e-03  0.000000e+00
2.150397e-01  0.000000e+00  0.000000e+00  1.630000e-02  1.490000e-02  1.260000e-02  9.100000e-03  6.200000e-03  0.000000e+00  0.000000e+00  1.300000e-02  1.630000e-02  1.490000e-02  1.260000e-02  9.100000e-03  6.200000e-03  0.000000e+00
2.385810e-01  0.000000e+00  0.000000e+00  1.570000e-02  1.330000e-02  1.240000e-02  9.900000e-03  9.100000e-03  0.000000e+00  0.000000e+00  1.670000e-02  1.570000e-02  1.330000e-02  1.240000e-02  9.900000e-03  9.100000e-03  0.000000e+00
2.646994e-01  0.000000e+00  0.000000e+00  1.720000e-02  1.450000e-02  1.120000e-02  1.010000e-02  9.100000e-03  0.000000e+00  0.000000e+00  1.410000e-02  1.720000e-02  1.450000e-02  1.120000e-02  1.010000e-02  9.100000e-03  0.000000e+00
2.936772e-01  0.000000e+00  0.000000e+00  1.700000e-02  1.360000e-02  1.060000e-02  8.900000e-03  9.400000e-03  0.000000e+00  0.000000e+00  1.500000e-02  1.700000e-02  1.360000e-02  1.060000e-02  8.900000e-03  9.400000e-03  0.000000e+00
3.258273e-01  0.000000e+00  0.000000e+00  1.910000e-02  1.230000e-02  1.160000e-02  1.020000e-02  8.000000e-03  0.000000e+00  0.000000e+00  1.600000e-02  1.910000e-02  1.230000e-02  1.160000e-02  1.020000e-02  8.000000e-03  0.000000e+00
3.614969e-01  0.000000e+00  0.000000e+00  1.660000e-02  1.420000e-02  1.280000e-02  8.800000e-03  7.100000e-03  0.000000e+00  0.000000e+00  1.740000e-02  1.660000e-02  1.420000e-02  1.280000e-02  8.800000e-03  7.100000e-03  0.000000e+00
4.010715e-01  0.000000e+00  4.700000e-03  1.920000e-02  1.150000e-02  1.120000e-02  8.900000e-03  7.400000e-03  0.000000e+00  0.000000e+00  1.730000e-02  1.920000e-02  1.150000e-02  1.120000e-02  8.900000e-03  7.400000e-03  0.000000e+00
4.449785e-01  0.000000e+00  1.700000e-02  1.730000e-02  1.120000e-02  1.120000e-02  8.900000e-03  7.500000e-03  0.000000e+00  0.000000e+00  1.700000e-02  1.730000e-02  1.120000e-02  1.120000e-02  8.900000e-03  7.500000e-03  0.000000e+00
4.936922e-01  0.000000e+00  1.770000e-02  1.630000e-02  1.380000e-02  1.300000e-02  9.800000e-03  4.300000e-03  0.000000e+00  0.000000e+00  1.770000e-02  1.630000e-02  1.380000e-02  1.300000e-02  9.800000e-03  8.200000e-03  0.000000e+00
5.477387e-01  0.000000e+00  1.910000e-02  1.700000e-02  1.380000e-02  1.100000e-02  8.200000e-03  0.000000e+00  0.000000e+00  0.000000e+00  1.910000e-02  1.700000e-02  1.380000e-02  1.100000e-02  8.200000e-03  6.500000e-03  0.000000e+00
6.077020e-01  0.000000e+00  2.220000e-02  1.630000e-02  1.360000e-02  1.040000e-02  1.050000e-02  0.000000e+00  0.000000e+00  0.000000e+00  2.220000e-02  1.630000e-02  1.360000e-02  1.040000e-02  1.050000e-02  7.000000e-03  0.000000e+00
6.742297e-01  0.000000e+00  1.940000e-02  1.740000e-02  1.400000e-02  1.040000e-02  9.300000e-03  0.000000e+00  0.000000e+00  0.000000e+00  1.940000e-02  1.740000e-02  1.400000e-02  1.040000e-02  9.300000e-03  7.200000e-03  0.000000e+00
7.480405e-01  0.000000e+00  1.960000e-02  1.820000e-02  1.360000e-02  8.100000e-03  9.500000e-03  0.000000e+00  0.000000e+00  0.000000e+00  1.960000e-02  1.820000e-02  1.360000e-02  8.100000e-03  9.500000e-03  6.500000e-03  0.000000e+00
8.299316e-01  0.000000e+00  2.220000e-02  1.840000e-02  1.400000e-02  1.110000e-02  9.400000e-03  0.000000e+00  0.000000e+00  0.000000e+00  2.220000e-02  1.840000e-02  1.400000e-02  1.110000e-02  9.400000e-03  6.900000e-03  0.000000e+00
9.207877e-01  0.000000e+00  1.790000e-02  1.830000e-02  1.430000e-02  9.300000e-03  9.600000e-03  0.000000e+00  0.000000e+00  0.000000e+00  1.790000e-02  1.830000e-02  1.430000e-02  9.300000e-03  9.600000e-03  8.300000e-03  0.000000e+00
1.021590e+00  0.000000e+00  1.960000e-02  1.660000e-02  1.570000e-02  1.050000e-02  9.000000e-03  0.000000e+00  0.000000e+00  0.000000e+00  1.960000e-02  1.660000e-02  1.570000e-02  1.050000e-02  9.000000e-03  8.300000e-03  0.000000e+00
1.133428e+00  0.000000e+00  2.140000e-02  1.700000e-02  1.280000e-02  1.140000e-02  1.080000e-02  0.000000e+00  0.000000e+00  0.000000e+00  2.140000e-02  1.700000e-02  1.280000e-02  1.140000e-02  1.080000e-02  7.400000e-03  0.000000e+00
1.257509e+00  0.000000e+00  2.530000e-02  1.540000e-02  1.300000e-02  1.190000e-02  4.000000e-03  0.000000e+00  0.000000e+00  0.000000e+00  2.530000e-02  1.540000e-02  1.300000e-02  1.190000e-02  8.200000e-03  9.600000e-03  0.000000e+00
1.395174e+00  0.000000e+00  2.090000e-02  1.930000e-02  1.490000e-02  1.210000e-02  0.000000e+00  0.000000e+00  0.000000e+00  0.000000e+00  2.090000e-02  1.930000e-02  1.490000e-02  1.210000e-02  9.900000e-03  7.300000e-03  0.000000e+00
1.547909e+00  0.000000e+00  2.240000e-02  1.920000e-02  1.500000e-02  1.130000e-02  0.000000e+00  0.000000e+00  0.000000e+00  0.000000e+00  2.240000e-02  1.920000e-02  1.500000e-02  1.130000e-02  1.210000e-02  7.600000e-03  0.000000e+00
1.717366e+00  0.000000e+00  2.230000e-02  1.740000e-02  1.300000e-02  1.180000e-02  0.000000e+00  0.000000e+00  0.000000e+00  1.900000e-03  2.230000e-02  1.740000e-02  1.300000e-02  1.180000e-02  7.700000e-03  7.500000e-03  0.000000e+00
1.905373e+00  0.000000e+00  2.300000e-02  1.750000e-02  1.650000e-02  6.500000e-03  0.000000e+00  0.000000e+00  0.000000e+00  1.270000e-02  2.300000e-02  1.750000e-02  1.650000e-02  1.160000e-02  1.260000e-02  8.100000e-03  0.000000e+00
2.113962e+00  0.000000e+00  2.160000e-02  2.240000e-02  1.500000e-02  0.000000e+00  0.000000e+00  0.000000e+00  0.000000e+00  1.610000e-02  2.160000e-02  2.240000e-02  1.500000e-02  1.330000e-02  1.160000e-02  8.100000e-03  0.000000e+00
2.345386e+00  0.000000e+00  2.210000e-02  2.010000e-02  1.350000e-02  0.000000e+00  0.000000e+00  0.000000e+00  0.000000e+00  1.670000e-02  2.210000e-02  2.010000e-02  1.350000e-02  1.400000e-02  1.080000e-02  7.300000e-03  0.000000e+00
2.602146e+00  0.000000e+00  2.700000e-02  2.220000e-02  1.750000e-02  0.000000e+00  0.000000e+00  0.000000e+00  0.000000e+00  2.030000e-02  2.700000e-02  2.220000e-02  1.750000e-02  1.360000e-02  1.230000e-02  6.300000e-03  0.000000e+00
2.887014e+00  0.000000e+00  2.310000e-02  1.980000e-02  1.570000e-02  0.000000e+00  0.000000e+00  0.000000e+00  0.000000e+00  2.200000e-02  2.310000e-02  1.980000e-02  1.730000e-02  1.370000e-02  1.030000e-02  6.000000e-03  0.000000e+00
3.203067e+00  0.000000e+00  2.660000e-02  2.240000e-02  0.000000e+00  0.000000e+00  0.000000e+00  0.000000e+00  0.000000e+00  2.350000e-02  2.660000e-02  2.240000e-02  1.610000e-02  1.460000e-02  9.600000e-03  5.200000e-03  0.000000e+00
3.553720e+00  4.400000e-03  2.630000e-02  2.580000e-02  0.000000e+00  0.000000e+00  0.000000e+00  0.000000e+00  0.000000e+00  2.620000e-02  2.630000e-02  2.580000e-02  1.640000e-02  1.140000e-02  9.500000e-03  0.000000e+00  0.000000e+00
3.942761e+00  2.160000e-02  2.560000e-02  2.410000e-02  0.000000e+00  0.000000e+00  0.000000e+00  0.000000e+00  0.000000e+00  2.160000e-02  2.560000e-02  2.410000e-02  1.710000e-02  1.200000e-02  9.000000e-03  0.000000e+00  0.000000e+00
4.374392e+00  2.840000e-02  2.870000e-02  1.960000e-02  0.000000e+00  0.000000e+00  0.000000e+00  0.000000e+00  0.000000e+00  2.840000e-02  2.870000e-02  1.960000e-02  1.590000e-02  1.300000e-02  9.100000e-03  0.000000e+00  0.000000e+00
4.853275e+00  2.720000e-02  2.790000e-02  2.090000e-02  0.000000e+00  0.000000e+00  0.000000e+00  0.000000e+00  0.000000e+00  2.720000e-02  2.790000e-02  2.090000e-02  1.700000e-02  1.130000e-02  6.300000e-03  0.000000e+00  0.000000e+00
5.384583e+00  3.220000e-02  2.910000e-02  7.200000e-03  0.000000e+00  0.000000e+00  0.000000e+00  0.000000e+00  0.000000e+00  3.220000e-02  2.910000e-02  1.920000e-02  1.640000e-02  1.080000e-02  0.000000e+00  0.000000e+00  0.000000e+00
5.974056e+00  3.300000e-02  2.840000e-02  0.000000e+00  0.000000e+00  0.000000e+00  0.000000e+00  0.000000e+00  0.000000e+00  3.300000e-02  2.840000e-02  2.280000e-02  1.560000e-02  2.200000e-03  0.000000e+00  0.000000e+00  0.000000e+00
6.628061e+00  3.230000e-02  2.610000e-02  0.000000e+00  0.000000e+00  0.000000e+00  0.000000e+00  0.000000e+00  0.000000e+00  3.230000e-02  2.610000e-02  2.240000e-02  1.400000e-02  0.000000e+00  0.000000e+00  0.000000e+00  0.000000e+00
7.353663e+00  3.730000e-02  2.670000e-02  0.000000e+00  0.000000e+00  0.000000e+00  0.000000e+00  0.000000e+00  0.000000e+00  3.730000e-02  2.670000e-02  2.270000e-02  4.900000e-03  0.000000e+00  0.000000e+00  0.000000e+00  0.000000e+00
8.158699e+00  3.900000e-02  2.490000e-02  0.000000e+00  0.000000e+00  0.000000e+00  0.000000e+00  0.000000e+00  0.000000e+00  3.900000e-02  2.490000e-02  2.040000e-02  0.000000e+00  0.000000e+00  0.000000e+00  0.000000e+00  0.000000e+00
9.051866e+00  3.660000e-02  1.200000e-03  0.000000e+00  0.000000e+00  0.000000e+00  0.000000e+00  0.000000e+00  0.000000e+00  3.660000e-02  2.830000e-02  2.060000e-02  0.000000e+00  0.000000e+00  0.000000e+00  0.000000e+00  0.000000e+00
1.004281e+01  4.250000e-02  0.000000e+00  0.000000e+00  0.000000e+00  0.000000e+00  0.000000e+00  0.000000e+00  0.000000e+00  4.250000e-02  2.550000e-02  1.410000e-02  0.000000e+00  0.000000e+00  0.000000e+00  0.000000e+00  0.000000e+00
1.114224e+01  4.260000e-02  0.000000e+00  0.000000e+00  0.000000e+00  0.000000e+00  0.000000e+00  0.000000e+00  0.000000e+00  4.260000e-02  2.510000e-02  0.000000e+00  0.000000e+00  0.000000e+00  0.000000e+00  0.000000e+00  0.000000e+00
1.236203e+01  4.430000e-02  0.000000e+00  0.000000e+00  0.000000e+00  0.000000e+00  0.000000e+00  0.000000e+00  0.000000e+00  4.430000e-02  2.390000e-02  0.000000e+00  0.000000e+00  0.000000e+00  0.000000e+00  0.000000e+00  0.000000e+00
1.371535e+01  4.380000e-02  0.000000e+00  0.000000e+00  0.000000e+00  0.000000e+00  0.000000e+00  0.000000e+00  0.000000e+00  4.380000e-02  2.060000e-02  0.000000e+00  0.000000e+00  0.000000e+00  0.000000e+00  0.000000e+00  0.000000e+00
1.521683e+01  4.020000e-02  0.000000e+00  0.000000e+00  0.000000e+00  0.000000e+00  0.000000e+00  0.000000e+00  0.000000e+00  4.020000e-02  1.280000e-02  0.000000e+00  0.000000e+00  0.000000e+00  0.000000e+00  0.000000e+00  0.000000e+00
1.688268e+01  4.010000e-02  0.000000e+00  0.000000e+00  0.000000e+00  0.000000e+00  0.000000e+00  0.000000e+00  0.000000e+00  4.010000e-02  0.000000e+00  0.000000e+00  0.000000e+00  0.000000e+00  0.000000e+00  0.000000e+00  0.000000e+00
1.873090e+01  4.040000e-02  0.000000e+00  0.000000e+00  0.000000e+00  0.000000e+00  0.000000e+00  0.000000e+00  0.000000e+00  4.040000e-02  0.000000e+00  0.000000e+00  0.000000e+00  0.000000e+00  0.000000e+00  0.000000e+00  0.000000e+00
2.078145e+01  3.410000e-02  0.000000e+00  0.000000e+00  0.000000e+00  0.000000e+00  0.000000e+00  0.000000e+00  0.000000e+00  3.410000e-02  0.000000e+00  0.000000e+00  0.000000e+00  0.000000e+00  0.000000e+00  0.000000e+00  0.000000e+00
2.305648e+01  3.510000e-02  0.000000e+00  0.000000e+00  0.000000e+00  0.000000e+00  0.000000e+00  0.000000e+00  0.000000e+00  3.510000e-02  0.000000e+00  0.000000e+00  0.000000e+00  0.000000e+00  0.000000e+00  0.000000e+00  0.000000e+00
2.558057e+01  2.490000e-02  0.000000e+00  0.000000e+00  0.000000e+00  0.000000e+00  0.000000e+00  0.000000e+00  0.000000e+00  3.400000e-02  0.000000e+00  0.000000e+00  0.000000e+00  0.000000e+00  0.000000e+00  0.000000e+00  0.000000e+00
2.838098e+01  0.000000e+00  0.000000e+00  0.000000e+00  0.000000e+00  0.000000e+00  0.000000e+00  0.000000e+00  0.000000e+00  3.080000e-02  0.000000e+00  0.000000e+00  0.000000e+00  0.000000e+00  0.000000e+00  0.000000e+00  0.000000e+00
3.148797e+01  0.000000e+00  0.000000e+00  0.000000e+00  0.000000e+00  0.000000e+00  0.000000e+00  0.000000e+00  0.000000e+00  2.650000e-02  0.000000e+00  0.000000e+00  0.000000e+00  0.000000e+00  0.000000e+00  0.000000e+00  0.000000e+00
3.493509e+01  0.000000e+00  0.000000e+00  0.000000e+00  0.000000e+00  0.000000e+00  0.000000e+00  0.000000e+00  0.000000e+00  2.910000e-02  0.000000e+00  0.000000e+00  0.000000e+00  0.000000e+00  0.000000e+00  0.000000e+00  0.000000e+00
3.875958e+01  0.000000e+00  0.000000e+00  0.000000e+00  0.000000e+00  0.000000e+00  0.000000e+00  0.000000e+00  0.000000e+00  2.350000e-02  0.000000e+00  0.000000e+00  0.000000e+00  0.000000e+00  0.000000e+00  0.000000e+00  0.000000e+00
4.300275e+01  0.000000e+00  0.000000e+00  0.000000e+00  0.000000e+00  0.000000e+00  0.000000e+00  0.000000e+00  0.000000e+00  1.600000e-02  0.000000e+00  0.000000e+00  0.000000e+00  0.000000e+00  0.000000e+00  0.000000e+00  0.000000e+00
