1.954610e-05  0.000000e+00  0.000000e+00  0.000000e+00  0.000000e+00  0.000000e+00  0.000000e+00  0.000000e+00  0.000000e+00  0.000000e+00  0.000000e+00  0.000000e+00  0.000000e+00  0.000000e+00  0.000000e+00  0.000000e+00  7.400000e-03
2.187764e-05  0.000000e+00  0.000000e+00  0.000000e+00  0.000000e+00  0.000000e+00  0.000000e+00  0.000000e+00  0.000000e+00  0.000000e+00  0.000000e+00  0.000000e+00  0.000000e+00  0.000000e+00  0.000000e+00  0.000000e+00  7.300000e-03
2.448728e-05  0.000000e+00  0.000000e+00  0.000000e+00  0.000000e+00  0.000000e+00  0.000000e+00  0.000000e+00  0.000000e+00  0.000000e+00  0.000000e+00  0.000000e+00  0.000000e+00  0.000000e+00  0.000000e+00  0.000000e+00  7.900000e-03
2.740822e-05  0.000000e+00  0.000000e+00  0.000000e+00  0.000000e+00  0.000000e+00  0.000000e+00  0.000000e+00  0.000000e+00  0.000000e+00  0.000000e+00  0.000000e+00  0.000000e+00  0.000000e+00  0.000000e+00  0.000000e+00  8.600000e-03
3.067757e-05  0.000000e+00  0.000000e+00  0.000000e+00  0.000000e+00  0.000000e+00  0.000000e+00  0.000000e+00  0.000000e+00  0.000000e+00  0.000000e+00  0.000000e+00  0.000000e+00  0.000000e+00  0.000000e+00  0.000000e+00  1.080000e-02
3.433691e-05  0.000000e+00  0.000000e+00  0.000000e+00  0.000000e+00  0.000000e+00  0.000000e+00  0.000000e+00  0.000000e+00  0.000000e+00  0.000000e+00  0.000000e+00  0.000000e+00  0.000000e+00  0.000000e+00  0.000000e+00  1.020000e-02
3.843274e-05  0.000000e+00  0.000000e+00  0.000000e+00  0.000000e+00  0.000000e+00  0.000000e+00  0.000000e+00  0.000000e+00  0.000000e+00  0.000000e+00  0.000000e+00  0.000000e+00  0.000000e+00  0.000000e+00  0.000000e+00  1.030000e-02
4.301715e-05  0.000000e+00  0.000000e+00  0.000000e+00  0.000000e+00  0.000000e+00  0.000000e+00  0.000000e+00  0.000000e+00  0.000000e+00  0.000000e+00  0.000000e+00  0.000000e+00  0.000000e+00  0.000000e+00  0.000000e+00  1.230000e-02
4.814839e-05  0.000000e+00  0.000000e+00  0.000000e+00  0.000000e+00  0.000000e+00  0.000000e+00  0.000000e+00  0.000000e+00  0.000000e+00  0.000000e+00  0.000000e+00  0.000000e+00  0.000000e+00  0.000000e+00  0.000000e+00  1.230000e-02
5.389171e-05  0.000000e+00  0.000000e+00  0.000000e+00  0.000000e+00  0.000000e+00  0.000000e+00  0.000000e+00  0.000000e+00  0.000000e+00  0.000000e+00  0.000000e+00  0.000000e+00  0.000000e+00  0.000000e+00  0.000000e+00  1.130000e-02
6.032012e-05  0.000000e+00  0.000000e+00  0.000000e+00  0.000000e+00  0.000000e+00  0.000000e+00  0.000000e+00  0.000000e+00  0.000000e+00  0.000000e+00  0.000000e+00  0.000000e+00  0.000000e+00  0.000000e+00  0.000000e+00  1.170000e-02
6.751533e-05  0.000000e+00  0.000000e+00  0.000000e+00  0.000000e+00  0.000000e+00  0.000000e+00  0.000000e+00  0.000000e+00  0.000000e+00  0.000000e+00  0.000000e+00  0.000000e+00  0.000000e+00  0.000000e+00  0.000000e+00  1.240000e-02
7.556881e-05  0.000000e+00  0.000000e+00  0.000000e+00  0.000000e+00  0.000000e+00  0.000000e+00  0.000000e+00  2.200000e-03  0.000000e+00  0.000000e+00  0.000000e+00  0.000000e+00  0.000000e+00  0.000000e+00  0.000000e+00  1.470000e-02
8.458294e-05  0.000000e+00  0.000000e+00  0.000000e+00  0.000000e+00  0.000000e+00  0.000000e+00  0.000000e+00  1.220000e-02  0.000000e+00  0.000000e+00  0.000000e+00  0.000000e+00  0.000000e+00  0.000000e+00  0.000000e+00  1.220000e-02
9.467231e-05  0.000000e+00  0.000000e+00  0.000000e+00  0.000000e+00  0.000000e+00  0.000000e+00  0.000000e+00  1.610000e-02  0.000000e+00  0.000000e+00  0.000000e+00  0.000000e+00  0.000000e+00  0.000000e+00  0.000000e+00  1.610000e-02
1.059652e-04  0.000000e+00  0.000000e+00  0.000000e+00  0.000000e+00  0.000000e+00  0.000000e+00  0.000000e+00  1.500000e-02  0.000000e+00  0.000000e+00  0.000000e+00  0.000000e+00  0.000000e+00  0.000000e+00  0.000000e+00  1.500000e-02
1.186051e-04  0.000000e+00  0.000000e+00  0.000000e+00  0.000000e+00  0.000000e+00  0.000000e+00  0.000000e+00  1.330000e-02  0.000000e+00  0.000000e+00  0.000000e+00  0.000000e+00  0.000000e+00  0.000000e+00  0.000000e+00  1.330000e-02
1.327528e-04  0.000000e+00  0.000000e+00  0.000000e+00  0.000000e+00  0.000000e+00  0.000000e+00  0.000000e+00  1.340000e-02  0.000000e+00  0.000000e+00  0.000000e+00  0.000000e+00  0.000000e+00  0.000000e+00  0.000000e+00  1.340000e-02
1.485880e-04  0.000000e+00  0.000000e+00  0.000000e+00  0.000000e+00  0.000000e+00  0.000000e+00  0.000000e+00  1.600000e-02  0.000000e+00  0.000000e+00  0.000000e+00  0.000000e+00  0.000000e+00  0.000000e+00  0.000000e+00  1.600000e-02
1.663121e-04  0.000000e+00  0.000000e+00  0.000000e+00  0.000000e+00  0.000000e+00  0.000000e+00  0.000000e+00  1.470000e-02  0.000000e+00  0.000000e+00  0.000000e+00  0.000000e+00  0.000000e+00  0.000000e+00  0.000000e+00  1.470000e-02
1.861505e-04  0.000000e+00  0.000000e+00  0.000000e+00  0.000000e+00  0.000000e+00  0.000000e+00  0.000000e+00  1.300000e-02  0.000000e+00  0.000000e+00  0.000000e+00  0.000000e+00  0.000000e+00  0.000000e+00  0.000000e+00  1.300000e-02
2.083552e-04  0.000000e+00  0.000000e+00  0.000000e+00  0.000000e+00  0.000000e+00  0.000000e+00  0.000000e+00  1.500000e-02  0.000000e+00  0.000000e+00  0.000000e+00  0.000000e+00  0.000000e+00  0.000000e+00  0.000000e+00  1.500000e-02
2.332086e-04  0.000000e+00  0.000000e+00  0.000000e+00  0.000000e+00  0.000000e+00  0.000000e+00  0.000000e+00  1.430000e-02  0.000000e+00  0.000000e+00  0.000000e+00  0.000000e+00  0.000000e+00  0.000000e+00  0.000000e+00  1.430000e-02
2.610266e-04  0.000000e+00  0.000000e+00  0.000000e+00  0.000000e+00  0.000000e+00  0.000000e+00  0.000000e+00  1.400000e-02  0.000000e+00  0.000000e+00  0.000000e+00  0.000000e+00  0.000000e+00  0.000000e+00  0.000000e+00  1.400000e-02
2.921628e-04  0.000000e+00  0.000000e+00  0.000000e+00  0.000000e+00  0.000000e+00  0.000000e+00  0.000000e+00  1.510000e-02  0.000000e+00  0.000000e+00  0.000000e+00  0.000000e+00  0.000000e+00  0.000000e+00  0.000000e+00  1.510000e-02
3.270131e-04  0.000000e+00  0.000000e+00  0.000000e+00  0.000000e+00  0.000000e+00  0.000000e+00  0.000000e+00  1.330000e-02  0.000000e+00  0.000000e+00  0.000000e+00  0.000000e+00  0.000000e+00  0.000000e+00  0.000000e+00  1.330000e-02
3.660204e-04  0.000000e+00  0.000000e+00  0.000000e+00  0.000000e+00  0.000000e+00  0.000000e+00  0.000000e+00  1.770000e-02  0.000000e+00  0.000000e+00  0.000000e+00  0.000000e+00  0.000000e+00  0.000000e+00  0.000000e+00  1.770000e-02
4.096807e-04  0.000000e+00  0.000000e+00  0.000000e+00  0.000000e+00  0.000000e+00  0.000000e+00  0.000000e+00  1.550000e-02  0.000000e+00  0.000000e+00  0.000000e+00  0.000000e+00  0.000000e+00  0.000000e+00  0.000000e+00  1.550000e-02
4.585489e-04  0.000000e+00  0.000000e+00  0.000000e+00  0.000000e+00  0.000000e+00  0.000000e+00  0.000000e+00  1.430000e-02  0.000000e+00  0.000000e+00  0.000000e+00  0.000000e+00  0.000000e+00  0.000000e+00  0.000000e+00  1.430000e-02
5.132464e-04  0.000000e+00  0.000000e+00  0.000000e+00  0.000000e+00  0.000000e+00  0.000000e+00  0.000000e+00  1.360000e-02  0.000000e+00  0.000000e+00  0.000000e+00  0.000000e+00  0.000000e+00  0.000000e+00  0.000000e+00  1.360000e-02
5.744683e-04  0.000000e+00  0.000000e+00  0.000000e+00  0.000000e+00  0.000000e+00  0.000000e+00  0.000000e+00  1.400000e-02  0.000000e+00  0.000000e+00  0.000000e+00  0.000000e+00  0.000000e+00  0.000000e+00  0.000000e+00  1.400000e-02
6.429930e-04  0.000000e+00  0.000000e+00  0.000000e+00  0.000000e+00  0.000000e+00  0.000000e+00  0.000000e+00  1.560000e-02  0.000000e+00  0.000000e+00  0.000000e+00  0.000000e+00  0.000000e+00  0.000000e+00  0.000000e+00  1.560000e-02
7.196917e-04  0.000000e+00  0.000000e+00  0.000000e+00  0.000000e+00  0.000000e+00  0.000000e+00  0.000000e+00  1.330000e-02  0.000000e+00  0.000000e+00  0.000000e+00  0.000000e+00  0.000000e+00  0.000000e+00  0.000000e+00  1.330000e-02
8.055392e-04  0.000000e+00  0.000000e+00  0.000000e+00  0.000000e+00  0.000000e+00  0.000000e+00  0.000000e+00  1.180000e-02  0.000000e+00  0.000000e+00  0.000000e+00  0.000000e+00  0.000000e+00  0.000000e+00  0.000000e+00  1.180000e-02
9.016269e-04  0.000000e+00  0.000000e+00  0.000000e+00  0.000000e+00  0.000000e+00  0.000000e+00  0.000000e+00  1.320000e-02  0.000000e+00  0.000000e+00  0.000000e+00  0.000000e+00  0.000000e+00  0.000000e+00  0.000000e+00  1.320000e-02
1.009176e-03  0.000000e+00  0.000000e+00  0.000000e+00  0.000000e+00  0.000000e+00  0.000000e+00  0.000000e+00  1.370000e-02  0.000000e+00  0.000000e+00  0.000000e+00  0.000000e+00  0.000000e+00  0.000000e+00  0.000000e+00  1.370000e-02
1.129555e-03  0.000000e+00  0.000000e+00  0.000000e+00  0.000000e+00  0.000000e+00  0.000000e+00  0.000000e+00  1.450000e-02  0.000000e+00  0.000000e+00  0.000000e+00  0.000000e+00  0.000000e+00  0.000000e+00  0.000000e+00  1.450000e-02
1.264292e-03  0.000000e+00  0.000000e+00  0.000000e+00  0.000000e+00  0.000000e+00  0.000000e+00  0.000000e+00  1.200000e-02  0.000000e+00  0.000000e+00  0.000000e+00  0.000000e+00  0.000000e+00  0.000000e+00  0.000000e+00  1.200000e-02
1.415102e-03  0.000000e+00  0.000000e+00  0.000000e+00  0.000000e+00  0.000000e+00  0.000000e+00  0.000000e+00  1.470000e-02  0.000000e+00  0.000000e+00  0.000000e+00  0.000000e+00  0.000000e+00  0.000000e+00  0.000000e+00  1.470000e-02
1.583900e-03  0.000000e+00  0.000000e+00  0.000000e+00  0.000000e+00  0.000000e+00  0.000000e+00  0.000000e+00  1.380000e-02  0.000000e+00  0.000000e+00  0.000000e+00  0.000000e+00  0.000000e+00  0.000000e+00  0.000000e+00  1.380000e-02
1.772834e-03  0.000000e+00  0.000000e+00  0.000000e+00  0.000000e+00  0.000000e+00  0.000000e+00  0.000000e+00  1.470000e-02  0.000000e+00  0.000000e+00  0.000000e+00  0.000000e+00  0.000000e+00  0.000000e+00  0.000000e+00  1.470000e-02
1.984304e-03  0.000000e+00  0.000000e+00  0.000000e+00  0.000000e+00  0.000000e+00  0.000000e+00  0.000000e+00  1.360000e-02  0.000000e+00  0.000000e+00  0.000000e+00  0.000000e+00  0.000000e+00  0.000000e+00  0.000000e+00  1.360000e-02
2.220999e-03  0.000000e+00  0.000000e+00  0.000000e+00  0.000000e+00  0.000000e+00  0.000000e+00  0.000000e+00  1.140000e-02  0.000000e+00  0.000000e+00  0.000000e+00  0.000000e+00  0.000000e+00  0.000000e+00  0.000000e+00  1.140000e-02
2.485928e-03  0.000000e+00  0.000000e+00  0.000000e+00  0.000000e+00  0.000000e+00  0.000000e+00  0.000000e+00  1.370000e-02  0.000000e+00  0.000000e+00  0.000000e+00  0.000000e+00  0.000000e+00  0.000000e+00  0.000000e+00  1.370000e-02
2.782459e-03  0.000000e+00  0.000000e+00  0.000000e+00  0.000000e+00  0.000000e+00  0.000000e+00  0.000000e+00  1.280000e-02  0.000000e+00  0.000000e+00  0.000000e+00  0.000000e+00  0.000000e+00  0.000000e+00  0.000000e+00  1.280000e-02
3.114361e-03  0.000000e+00  0.000000e+00  0.000000e+00  0.000000e+00  0.000000e+00  0.000000e+00  0.000000e+00  1.050000e-02  0.000000e+00  0.000000e+00  0.000000e+00  0.000000e+00  0.000000e+00  0.000000e+00  0.000000e+00  1.050000e-02
3.485854e-03  0.000000e+00  0.000000e+00  0.000000e+00  0.000000e+00  0.000000e+00  0.000000e+00  0.000000e+00  1.120000e-02  0.000000e+00  0.000000e+00  0.000000e+00  0.000000e+00  0.000000e+00  0.000000e+00  0.000000e+00  1.120000e-02
3.901660e-03  0.000000e+00  0.000000e+00  0.000000e+00  0.000000e+00  0.000000e+00  0.000000e+00  0.000000e+00  1.310000e-02  0.000000e+00  0.000000e+00  0.000000e+00  0.000000e+00  0.000000e+00  0.000000e+00  2.000000e-04  1.310000e-02
4.367064e-03  0.000000e+00  0.000000e+00  0.000000e+00  0.000000e+00  0.000000e+00  0.000000e+00  0.000000e+00  1.280000e-02  0.000000e+00  0.000000e+00  0.000000e+00  0.000000e+00  0.000000e+00  9.400000e-03  1.190000e-02  1.280000e-02
4.887984e-03  0.000000e+00  0.000000e+00  0.000000e+00  0.000000e+00  0.000000e+00  0.000000e+00  0.000000e+00  9.900000e-03  0.000000e+00  0.000000e+00  0.000000e+00  0.000000e+00  0.000000e+00  1.250000e-02  1.250000e-02  9.900000e-03
5.471041e-03  0.000000e+00  0.000000e+00  0.000000e+00  0.000000e+00  0.000000e+00  0.000000e+00  0.000000e+00  1.050000e-02  0.000000e+00  0.000000e+00  0.000000e+00  0.000000e+00  0.000000e+00  1.400000e-02  1.550000e-02  1.050000e-02
6.123648e-03  0.000000e+00  0.000000e+00  0.000000e+00  0.000000e+00  0.000000e+00  0.000000e+00  0.000000e+00  1.100000e-02  0.000000e+00  0.000000e+00  0.000000e+00  0.000000e+00  0.000000e+00  1.550000e-02  1.600000e-02  1.100000e-02
6.854099e-03  0.000000e+00  0.000000e+00  0.000000e+00  0.000000e+00  0.000000e+00  0.000000e+00  0.000000e+00  1.140000e-02  0.000000e+00  0.000000e+00  0.000000e+00  0.000000e+00  0.000000e+00  1.850000e-02  1.850000e-02  1.140000e-02
7.671682e-03  0.000000e+00  0.000000e+00  0.000000e+00  0.000000e+00  0.000000e+00  0.000000e+00  0.000000e+00  1.130000e-02  0.000000e+00  0.000000e+00  0.000000e+00  0.000000e+00  0.000000e+00  1.770000e-02  1.690000e-02  1.130000e-02
8.586789e-03  0.000000e+00  0.000000e+00  0.000000e+00  0.000000e+00  0.000000e+00  0.000000e+00  0.000000e+00  8.300000e-03  0.000000e+00  0.000000e+00  0.000000e+00  0.000000e+00  0.000000e+00  1.910000e-02  1.910000e-02  8.300000e-03
9.611053e-03  0.000000e+00  0.000000e+00  0.000000e+00  0.000000e+00  0.000000e+00  0.000000e+00  0.000000e+00  9.000000e-03  0.000000e+00  0.000000e+00  0.000000e+00  0.000000e+00  8.300000e-03  1.630000e-02  1.660000e-02  9.000000e-03
1.075750e-02  0.000000e+00  0.000000e+00  0.000000e+00  0.000000e+00  0.000000e+00  5.300000e-03  1.030000e-02  9.800000e-03  0.000000e+00  0.000000e+00  0.000000e+00  0.000000e+00  1.090000e-02  1.730000e-02  1.810000e-02  9.800000e-03
1.204069e-02  0.000000e+00  0.000000e+00  0.000000e+00  0.000000e+00  0.000000e+00  1.650000e-02  1.600000e-02  9.300000e-03  0.000000e+00  0.000000e+00  0.000000e+00  0.000000e+00  1.380000e-02  1.650000e-02  1.600000e-02  9.300000e-03
1.347695e-02  0.000000e+00  0.000000e+00  0.000000e+00  0.000000e+00  0.000000e+00  1.810000e-02  1.680000e-02  9.800000e-03  0.000000e+00  0.000000e+00  0.000000e+00  0.000000e+00  1.310000e-02  1.810000e-02  1.680000e-02  9.800000e-03
1.508453e-02  0.000000e+00  0.000000e+00  0.000000e+00  0.000000e+00  0.000000e+00  1.410000e-02  1.540000e-02  7.900000e-03  0.000000e+00  0.000000e+00  0.000000e+00  0.000000e+00  1.390000e-02  1.410000e-02  1.540000e-02  7.900000e-03
1.688387e-02  0.000000e+00  0.000000e+00  0.000000e+00  0.000000e+00  0.000000e+00  1.600000e-02  1.610000e-02  8.600000e-03  0.000000e+00  0.000000e+00  0.000000e+00  0.000000e+00  1.700000e-02  1.600000e-02  1.610000e-02  8.600000e-03
1.889784e-02  0.000000e+00  0.000000e+00  0.000000e+00  0.000000e+00  0.000000e+00  1.780000e-02  1.800000e-02  1.150000e-02  0.000000e+00  0.000000e+00  0.000000e+00  0.000000e+00  1.770000e-02  1.780000e-02  1.800000e-02  1.150000e-02
2.115204e-02  0.000000e+00  0.000000e+00  0.000000e+00  0.000000e+00  0.000000e+00  1.770000e-02  1.670000e-02  7.300000e-03  0.000000e+00  0.000000e+00  0.000000e+00  0.000000e+00  1.710000e-02  1.770000e-02  1.670000e-02  7.300000e-03
2.367514e-02  0.000000e+00  0.000000e+00  0.000000e+00  0.000000e+00  0.000000e+00  1.450000e-02  1.430000e-02  6.200000e-03  0.000000e+00  0.000000e+00  0.000000e+00  0.000000e+00  1.650000e-02  1.450000e-02  1.430000e-02  6.200000e-03
2.649920e-02  0.000000e+00  0.000000e+00  0.000000e+00  0.000000e+00  8.000000e-03  1.510000e-02  1.640000e-02  8.500000e-03  0.000000e+00  0.000000e+00  0.000000e+00  0.000000e+00  1.470000e-02  1.510000e-02  1.640000e-02  8.500000e-03
2.966012e-02  0.000000e+00  0.000000e+00  0.000000e+00  0.000000e+00  1.600000e-02  1.870000e-02  1.870000e-02  9.500000e-03  0.000000e+00  0.000000e+00  0.000000e+00  0.000000e+00  1.600000e-02  1.870000e-02  1.870000e-02  9.500000e-03
3.319809e-02  0.000000e+00  0.000000e+00  0.000000e+00  0.000000e+00  1.680000e-02  1.640000e-02  1.590000e-02  9.800000e-03  0.000000e+00  0.000000e+00  0.000000e+00  0.000000e+00  1.680000e-02  1.640000e-02  1.590000e-02  9.800000e-03
3.715808e-02  0.000000e+00  0.000000e+00  0.000000e+00  0.000000e+00  1.680000e-02  1.670000e-02  1.670000e-02  7.500000e-03  0.000000e+00  0.000000e+00  0.000000e+00  0.000000e+00  1.680000e-02  1.670000e-02  1.670000e-02  7.500000e-03
4.159044e-02  0.000000e+00  0.000000e+00  0.000000e+00  0.000000e+00  1.630000e-02  1.480000e-02  1.520000e-02  3.800000e-03  0.000000e+00  0.000000e+00  0.000000e+00  3.900000e-03  1.630000e-02  1.480000e-02  1.520000e-02  8.400000e-03
4.655150e-02  0.000000e+00  0.000000e+00  0.000000e+00  0.000000e+00  1.910000e-02  1.540000e-02  1.550000e-02  0.000000e+00  0.000000e+00  0.000000e+00  0.000000e+00  1.060000e-02  1.910000e-02  1.540000e-02  1.550000e-02  8.700000e-03
5.210434e-02  0.000000e+00  0.000000e+00  0.000000e+00  0.000000e+00  1.390000e-02  1.650000e-02  1.490000e-02  0.000000e+00  0.000000e+00  0.000000e+00  0.000000e+00  1.140000e-02  1.390000e-02  1.650000e-02  1.490000e-02  7.700000e-03
5.831954e-02  0.000000e+00  0.000000e+00  0.000000e+00  0.000000e+00  1.460000e-02  1.290000e-02  1.360000e-02  0.000000e+00  0.000000e+00  0.000000e+00  0.000000e+00  1.520000e-02  1.460000e-02  1.290000e-02  1.360000e-02  9.200000e-03
6.527611e-02  0.000000e+00  0.000000e+00  0.000000e+00  0.000000e+00  1.640000e-02  1.510000e-02  1.520000e-02  0.000000e+00  0.000000e+00  0.000000e+00  0.000000e+00  1.500000e-02  1.640000e-02  1.510000e-02  1.520000e-02  8.400000e-03
7.306249e-02  0.000000e+00  0.000000e+00  0.000000e+00  0.000000e+00  1.530000e-02  1.340000e-02  1.350000e-02  0.000000e+00  0.000000e+00  0.000000e+00  0.000000e+00  1.650000e-02  1.530000e-02  1.340000e-02  1.350000e-02  1.010000e-02
8.177766e-02  0.000000e+00  0.000000e+00  0.000000e+00  0.000000e+00  1.750000e-02  1.720000e-02  1.620000e-02  0.000000e+00  0.000000e+00  0.000000e+00  0.000000e+00  1.830000e-02  1.750000e-02  1.720000e-02  1.620000e-02  7.800000e-03
9.153241e-02  0.000000e+00  0.000000e+00  0.000000e+00  0.000000e+00  1.450000e-02  1.300000e-02  1.270000e-02  0.000000e+00  0.000000e+00  0.000000e+00  0.000000e+00  1.610000e-02  1.450000e-02  1.300000e-02  1.270000e-02  9.800000e-03
1.024507e-01  0.000000e+00  0.000000e+00  0.000000e+00  0.000000e+00  1.760000e-02  1.020000e-02  1.210000e-02  0.000000e+00  0.000000e+00  0.000000e+00  0.000000e+00  1.710000e-02  1.760000e-02  1.020000e-02  1.210000e-02  8.600000e-03
1.146714e-01  0.000000e+00  0.000000e+00  0.000000e+00  6.000000e-03  1.590000e-02  1.520000e-02  1.390000e-02  0.000000e+00  0.000000e+00  0.000000e+00  0.000000e+00  1.690000e-02  1.590000e-02  1.520000e-02  1.390000e-02  8.800000e-03
1.283499e-01  0.000000e+00  0.000000e+00  0.000000e+00  1.690000e-02  1.740000e-02  1.260000e-02  1.260000e-02  0.000000e+00  0.000000e+00  0.000000e+00  0.000000e+00  1.690000e-02  1.740000e-02  1.260000e-02  1.260000e-02  9.600000e-03
1.436599e-01  0.000000e+00  0.000000e+00  0.000000e+00  1.730000e-02  1.430000e-02  1.350000e-02  1.330000e-02  0.000000e+00  0.000000e+00  0.000000e+00  0.000000e+00  1.730000e-02  1.430000e-02  1.350000e-02  1.330000e-02  9.900000e-03
1.607962e-01  0.000000e+00  0.000000e+00  0.000000e+00  1.590000e-02  1.380000e-02  1.340000e-02  1.380000e-02  0.000000e+00  0.000000e+00  0.000000e+00  0.000000e+00  1.590000e-02  1.380000e-02  1.340000e-02  1.380000e-02  8.000000e-03
1.799766e-01  0.000000e+00  0.000000e+00  0.000000e+00  1.900000e-02  1.550000e-02  1.370000e-02  1.370000e-02  0.000000e+00  0.000000e+00  0.000000e+00  0.000000e+00  1.900000e-02  1.550000e-02  1.370000e-02  1.370000e-02  9.600000e-03
2.014449e-01  0.000000e+00  0.000000e+00  0.000000e+00  1.880000e-02  1.490000e-02  1.280000e-02  1.160000e-02  0.000000e+00  0.000000e+00  0.000000e+00  0.000000e+00  1.880000e-02  1.490000e-02  1.280000e-02  1.160000e-02  6.000000e-03
2.254740e-01  0.000000e+00  0.000000e+00  0.000000e+00  1.350000e-02  1.220000e-02  1.110000e-02  1.270000e-02  0.000000e+00  0.000000e+00  0.000000e+00  0.000000e+00  1.350000e-02  1.220000e-02  1.110000e-02  1.270000e-02  5.700000e-03
2.523694e-01  0.000000e+00  0.000000e+00  0.000000e+00  1.890000e-02  1.380000e-02  1.290000e-02  1.100000e-02  0.000000e+00  0.000000e+00  0.000000e+00  7.600000e-03  1.890000e-02  1.380000e-02  1.290000e-02  1.100000e-02  2.500000e-03
2.824729e-01  0.000000e+00  0.000000e+00  0.000000e+00  1.680000e-02  1.360000e-02  1.180000e-02  1.250000e-02  0.000000e+00  0.000000e+00  0.000000e+00  1.470000e-02  1.680000e-02  1.360000e-02  1.180000e-02  1.250000e-02  0.000000e+00
3.161674e-01  0.000000e+00  0.000000e+00  0.000000e+00  1.580000e-02  1.280000e-02  1.240000e-02  1.260000e-02  0.000000e+00  0.000000e+00  0.000000e+00  1.490000e-02  1.580000e-02  1.280000e-02  1.240000e-02  1.260000e-02  0.000000e+00
3.538810e-01  0.000000e+00  0.000000e+00  0.000000e+00  1.660000e-02  1.430000e-02  1.210000e-02  1.200000e-02  0.000000e+00  0.000000e+00  0.000000e+00  1.450000e-02  1.660000e-02  1.430000e-02  1.210000e-02  1.200000e-02  0.000000e+00
3.960932e-01  0.000000e+00  0.000000e+00  0.000000e+00  1.720000e-02  1.420000e-02  1.270000e-02  1.240000e-02  0.000000e+00  0.000000e+00  0.000000e+00  1.690000e-02  1.720000e-02  1.420000e-02  1.270000e-02  1.240000e-02  0.000000e+00
4.433407e-01  0.000000e+00  0.000000e+00  0.000000e+00  1.820000e-02  1.260000e-02  1.020000e-02  1.030000e-02  0.000000e+00  0.000000e+00  0.000000e+00  1.680000e-02  1.820000e-02  1.260000e-02  1.020000e-02  1.030000e-02  0.000000e+00
4.962241e-01  0.000000e+00  0.000000e+00  0.000000e+00  1.730000e-02  1.030000e-02  1.010000e-02  1.050000e-02  0.000000e+00  0.000000e+00  0.000000e+00  1.690000e-02  1.730000e-02  1.030000e-02  1.010000e-02  1.050000e-02  0.000000e+00
5.554155e-01  0.000000e+00  0.000000e+00  0.000000e+00  1.630000e-02  1.200000e-02  1.290000e-02  1.210000e-02  0.000000e+00  0.000000e+00  0.000000e+00  1.670000e-02  1.630000e-02  1.200000e-02  1.290000e-02  1.210000e-02  0.000000e+00
6.216676e-01  0.000000e+00  0.000000e+00  4.000000e-04  1.470000e-02  1.290000e-02  9.100000e-03  9.600000e-03  0.000000e+00  0.000000e+00  0.000000e+00  1.640000e-02  1.470000e-02  1.290000e-02  9.100000e-03  9.600000e-03  0.000000e+00
6.958224e-01  0.000000e+00  0.000000e+00  1.920000e-02  1.550000e-02  1.300000e-02  1.050000e-02  1.160000e-02  0.000000e+00  0.000000e+00  0.000000e+00  1.920000e-02  1.550000e-02  1.300000e-02  1.050000e-02  1.160000e-02  0.000000e+00
7.788227e-01  0.000000e+00  0.000000e+00  1.990000e-02  1.500000e-02  1.080000e-02  1.090000e-02  9.800000e-03  0.000000e+00  0.000000e+00  0.000000e+00  1.990000e-02  1.500000e-02  1.080000e-02  1.090000e-02  9.800000e-03  0.000000e+00
8.717236e-01  0.000000e+00  0.000000e+00  1.910000e-02  1.560000e-02  1.320000e-02  9.800000e-03  1.000000e-02  0.000000e+00  0.000000e+00  0.000000e+00  1.910000e-02  1.560000e-02  1.320000e-02  9.800000e-03  1.000000e-02  0.000000e+00
9.757060e-01  0.000000e+00  0.000000e+00  1.750000e-02  1.670000e-02  1.170000e-02  1.060000e-02  9.800000e-03  0.000000e+00  0.000000e+00  9.700000e-03  1.750000e-02  1.670000e-02  1.170000e-02  1.060000e-02  9.800000e-03  0.000000e+00
1.092092e+00  0.000000e+00  0.000000e+00  1.640000e-02  1.510000e-02  1.270000e-02  1.010000e-02  9.500000e-03  0.000000e+00  0.000000e+00  1.390000e-02  1.640000e-02  1.510000e-02  1.270000e-02  1.010000e-02  9.500000e-03  0.000000e+00
1.222361e+00  0.000000e+00  0.000000e+00  1.880000e-02  1.400000e-02  1.200000e-02  8.800000e-03  9.200000e-03  0.000000e+00  0.000000e+00  1.310000e-02  1.880000e-02  1.400000e-02  1.200000e-02  8.800000e-03  9.200000e-03  0.000000e+00
1.368168e+00  0.000000e+00  0.000000e+00  1.770000e-02  1.490000e-02  1.100000e-02  9.000000e-03  9.200000e-03  0.000000e+00  0.000000e+00  1.560000e-02  1.770000e-02  1.490000e-02  1.100000e-02  9.000000e-03  9.200000e-03  0.000000e+00
1.531369e+00  0.000000e+00  0.000000e+00  1.860000e-02  1.390000e-02  1.040000e-02  9.100000e-03  9.300000e-03  0.000000e+00  0.000000e+00  1.720000e-02  1.860000e-02  1.390000e-02  1.040000e-02  9.100000e-03  9.300000e-03  0.000000e+00
1.714036e+00  0.000000e+00  0.000000e+00  1.870000e-02  1.300000e-02  1.070000e-02  8.900000e-03  9.000000e-03  0.000000e+00  0.000000e+00  1.850000e-02  1.870000e-02  1.300000e-02  1.070000e-02  8.900000e-03  9.000000e-03  0.000000e+00
1.918493e+00  0.000000e+00  0.000000e+00  2.070000e-02  1.450000e-02  1.000000e-02  9.700000e-03  9.400000e-03  0.000000e+00  0.000000e+00  1.820000e-02  2.070000e-02  1.450000e-02  1.000000e-02  9.700000e-03  9.400000e-03  0.000000e+00
2.147338e+00  0.000000e+00  0.000000e+00  1.940000e-02  1.240000e-02  1.140000e-02  9.800000e-03  9.000000e-03  0.000000e+00  0.000000e+00  1.910000e-02  1.940000e-02  1.240000e-02  1.140000e-02  9.800000e-03  9.000000e-03  0.000000e+00
2.403480e+00  0.000000e+00  1.080000e-02  1.990000e-02  1.190000e-02  9.400000e-03  6.900000e-03  7.800000e-03  0.000000e+00  0.000000e+00  2.050000e-02  1.990000e-02  1.190000e-02  9.400000e-03  6.900000e-03  7.800000e-03  0.000000e+00
2.690176e+00  0.000000e+00  2.040000e-02  1.890000e-02  1.150000e-02  1.150000e-02  8.400000e-03  8.800000e-03  0.000000e+00  0.000000e+00  2.040000e-02  1.890000e-02  1.150000e-02  1.150000e-02  8.400000e-03  8.800000e-03  0.000000e+00
3.011071e+00  0.000000e+00  2.080000e-02  2.110000e-02  1.670000e-02  9.100000e-03  8.400000e-03  7.400000e-03  0.000000e+00  0.000000e+00  2.080000e-02  2.110000e-02  1.670000e-02  9.100000e-03  8.400000e-03  7.400000e-03  0.000000e+00
3.370242e+00  0.000000e+00  2.010000e-02  1.710000e-02  1.290000e-02  1.180000e-02  8.400000e-03  8.700000e-03  0.000000e+00  0.000000e+00  2.010000e-02  1.710000e-02  1.290000e-02  1.180000e-02  8.400000e-03  8.700000e-03  0.000000e+00
3.772258e+00  0.000000e+00  1.890000e-02  1.800000e-02  1.370000e-02  1.040000e-02  9.200000e-03  8.800000e-03  0.000000e+00  0.000000e+00  1.890000e-02  1.800000e-02  1.370000e-02  1.040000e-02  9.200000e-03  8.800000e-03  0.000000e+00
4.222227e+00  0.000000e+00  2.120000e-02  1.880000e-02  1.380000e-02  9.700000e-03  8.200000e-03  8.400000e-03  0.000000e+00  0.000000e+00  2.120000e-02  1.880000e-02  1.380000e-02  9.700000e-03  8.200000e-03  8.400000e-03  0.000000e+00
4.725869e+00  0.000000e+00  2.330000e-02  1.850000e-02  1.190000e-02  1.190000e-02  8.600000e-03  8.200000e-03  0.000000e+00  0.000000e+00  2.330000e-02  1.850000e-02  1.190000e-02  1.190000e-02  8.600000e-03  8.200000e-03  0.000000e+00
5.289589e+00  0.000000e+00  2.020000e-02  1.750000e-02  1.380000e-02  1.010000e-02  2.800000e-03  1.300000e-03  0.000000e+00  0.000000e+00  2.020000e-02  1.750000e-02  1.380000e-02  1.010000e-02  7.700000e-03  7.400000e-03  0.000000e+00
5.920551e+00  0.000000e+00  2.420000e-02  1.890000e-02  1.480000e-02  1.000000e-02  0.000000e+00  0.000000e+00  0.000000e+00  0.000000e+00  2.420000e-02  1.890000e-02  1.480000e-02  1.000000e-02  7.500000e-03  7.700000e-03  0.000000e+00
6.626776e+00  0.000000e+00  2.320000e-02  1.580000e-02  1.380000e-02  9.400000e-03  0.000000e+00  0.000000e+00  0.000000e+00  0.000000e+00  2.320000e-02  1.580000e-02  1.380000e-02  9.400000e-03  8.500000e-03  8.400000e-03  0.000000e+00
7.417243e+00  0.000000e+00  2.320000e-02  1.700000e-02  1.520000e-02  1.000000e-02  0.000000e+00  0.000000e+00  0.000000e+00  0.000000e+00  2.320000e-02  1.700000e-02  1.520000e-02  1.000000e-02  9.200000e-03  9.100000e-03  0.000000e+00
8.301999e+00  0.000000e+00  2.110000e-02  1.880000e-02  1.260000e-02  1.100000e-02  0.000000e+00  0.000000e+00  0.000000e+00  0.000000e+00  2.110000e-02  1.880000e-02  1.260000e-02  1.100000e-02  9.900000e-03  1.030000e-02  0.000000e+00
9.292293e+00  0.000000e+00  2.180000e-02  1.700000e-02  1.290000e-02  5.500000e-03  0.000000e+00  0.000000e+00  0.000000e+00  0.000000e+00  2.180000e-02  1.700000e-02  1.290000e-02  1.260000e-02  8.300000e-03  7.900000e-03  0.000000e+00
1.040071e+01  0.000000e+00  2.390000e-02  2.000000e-02  1.600000e-02  0.000000e+00  0.000000e+00  0.000000e+00  0.000000e+00  5.000000e-04  2.390000e-02  2.000000e-02  1.600000e-02  1.020000e-02  9.500000e-03  9.800000e-03  0.000000e+00
1.164135e+01  0.000000e+00  2.200000e-02  1.770000e-02  1.560000e-02  0.000000e+00  0.000000e+00  0.000000e+00  0.000000e+00  1.200000e-02  2.200000e-02  1.770000e-02  1.560000e-02  1.110000e-02  8.900000e-03  9.000000e-03  0.000000e+00
1.302997e+01  0.000000e+00  2.380000e-02  2.040000e-02  1.550000e-02  0.000000e+00  0.000000e+00  0.000000e+00  0.000000e+00  1.650000e-02  2.380000e-02  2.040000e-02  1.550000e-02  9.700000e-03  8.400000e-03  8.200000e-03  0.000000e+00
1.458424e+01  0.000000e+00  2.530000e-02  1.960000e-02  1.590000e-02  0.000000e+00  0.000000e+00  0.000000e+00  0.000000e+00  1.980000e-02  2.530000e-02  1.960000e-02  1.590000e-02  1.140000e-02  9.600000e-03  9.300000e-03  0.000000e+00
1.632390e+01  0.000000e+00  2.460000e-02  2.050000e-02  1.760000e-02  0.000000e+00  0.000000e+00  0.000000e+00  0.000000e+00  2.140000e-02  2.460000e-02  2.050000e-02  1.760000e-02  1.230000e-02  9.100000e-03  9.200000e-03  0.000000e+00
1.827107e+01  0.000000e+00  2.680000e-02  2.490000e-02  4.100000e-03  0.000000e+00  0.000000e+00  0.000000e+00  0.000000e+00  2.290000e-02  2.680000e-02  2.490000e-02  1.540000e-02  1.070000e-02  8.300000e-03  7.900000e-03  0.000000e+00
2.045052e+01  0.000000e+00  2.690000e-02  2.040000e-02  0.000000e+00  0.000000e+00  0.000000e+00  0.000000e+00  0.000000e+00  2.570000e-02  2.690000e-02  2.040000e-02  1.580000e-02  1.140000e-02  8.600000e-03  8.600000e-03  0.000000e+00
2.288993e+01  8.800000e-03  2.960000e-02  2.210000e-02  0.000000e+00  0.000000e+00  0.000000e+00  0.000000e+00  0.000000e+00  2.500000e-02  2.960000e-02  2.210000e-02  1.560000e-02  1.050000e-02  9.800000e-03  1.040000e-02  0.000000e+00
2.562033e+01  2.730000e-02  2.820000e-02  2.310000e-02  0.000000e+00  0.000000e+00  0.000000e+00  0.000000e+00  0.000000e+00  2.730000e-02  2.820000e-02  2.310000e-02  1.540000e-02  1.090000e-02  7.400000e-03  7.100000e-03  0.000000e+00
2.867641e+01  2.640000e-02  2.620000e-02  2.330000e-02  0.000000e+00  0.000000e+00  0.000000e+00  0.000000e+00  0.000000e+00  2.640000e-02  2.620000e-02  2.330000e-02  1.640000e-02  1.230000e-02  7.100000e-03  6.000000e-03  0.000000e+00
3.209704e+01  3.030000e-02  2.880000e-02  2.320000e-02  0.000000e+00  0.000000e+00  0.000000e+00  0.000000e+00  0.000000e+00  3.030000e-02  2.880000e-02  2.320000e-02  1.360000e-02  1.100000e-02  0.000000e+00  0.000000e+00  0.000000e+00
3.592570e+01  3.080000e-02  2.540000e-02  1.100000e-03  0.000000e+00  0.000000e+00  0.000000e+00  0.000000e+00  0.000000e+00  3.080000e-02  2.540000e-02  2.210000e-02  1.530000e-02  6.400000e-03  0.000000e+00  0.000000e+00  0.000000e+00
4.021105e+01  3.400000e-02  2.950000e-02  0.000000e+00  0.000000e+00  0.000000e+00  0.000000e+00  0.000000e+00  0.000000e+00  3.400000e-02  2.950000e-02  2.320000e-02  1.660000e-02  0.000000e+00  0.000000e+00  0.000000e+00  0.000000e+00
4.500758e+01  3.950000e-02  2.940000e-02  0.000000e+00  0.000000e+00  0.000000e+00  0.000000e+00  0.000000e+00  0.000000e+00  3.950000e-02  2.940000e-02  2.240000e-02  1.500000e-02  0.000000e+00  0.000000e+00  0.000000e+00  0.000000e+00
5.037625e+01  3.440000e-02  2.480000e-02  0.000000e+00  0.000000e+00  0.000000e+00  0.000000e+00  0.000000e+00  0.000000e+00  3.440000e-02  2.480000e-02  1.950000e-02  0.000000e+00  0.000000e+00  0.000000e+00  0.000000e+00  0.000000e+00
5.638532e+01  3.450000e-02  1.560000e-02  0.000000e+00  0.000000e+00  0.000000e+00  0.000000e+00  0.000000e+00  0.000000e+00  3.450000e-02  2.800000e-02  2.080000e-02  0.000000e+00  0.000000e+00  0.000000e+00  0.000000e+00  0.000000e+00
6.311117e+01  4.060000e-02  0.000000e+00  0.000000e+00  0.000000e+00  0.000000e+00  0.000000e+00  0.000000e+00  0.000000e+00  4.060000e-02  2.310000e-02  1.920000e-02  0.000000e+00  0.000000e+00  0.000000e+00  0.000000e+00  0.000000e+00
7.063930e+01  4.110000e-02  0.000000e+00  0.000000e+00  0.000000e+00  0.000000e+00  0.000000e+00  0.000000e+00  0.000000e+00  4.110000e-02  2.750000e-02  8.900000e-03  0.000000e+00  0.000000e+00  0.000000e+00  0.000000e+00  0.000000e+00
7.906543e+01  4.020000e-02  0.000000e+00  0.000000e+00  0.000000e+00  0.000000e+00  0.000000e+00  0.000000e+00  0.000000e+00  4.020000e-02  2.770000e-02  0.000000e+00  0.000000e+00  0.000000e+00  0.000000e+00  0.000000e+00  0.000000e+00
8.849665e+01  4.280000e-02  0.000000e+00  0.000000e+00  0.000000e+00  0.000000e+00  0.000000e+00  0.000000e+00  0.000000e+00  4.280000e-02  2.230000e-02  0.000000e+00  0.000000e+00  0.000000e+00  0.000000e+00  0.000000e+00  0.000000e+00
9.905286e+01  4.240000e-02  0.000000e+00  0.000000e+00  0.000000e+00  0.000000e+00  0.000000e+00  0.000000e+00  0.000000e+00  4.240000e-02  2.040000e-02  0.000000e+00  0.000000e+00  0.000000e+00  0.000000e+00  0.000000e+00  0.000000e+00
1.108683e+02  4.390000e-02  0.000000e+00  0.000000e+00  0.000000e+00  0.000000e+00  0.000000e+00  0.000000e+00  0.000000e+00  4.390000e-02  1.600000e-03  0.000000e+00  0.000000e+00  0.000000e+00  0.000000e+00  0.000000e+00  0.000000e+00
1.240930e+02  4.130000e-02  0.000000e+00  0.000000e+00  0.000000e+00  0.000000e+00  0.000000e+00  0.000000e+00  0.000000e+00  4.130000e-02  0.000000e+00  0.000000e+00  0.000000e+00  0.000000e+00  0.000000e+00  0.000000e+00  0.000000e+00
1.388953e+02  3.770000e-02  0.000000e+00  0.000000e+00  0.000000e+00  0.000000e+00  0.000000e+00  0.000000e+00  0.000000e+00  3.770000e-02  0.000000e+00  0.000000e+00  0.000000e+00  0.000000e+00  0.000000e+00  0.000000e+00  0.000000e+00
1.554633e+02  3.670000e-02  0.000000e+00  0.000000e+00  0.000000e+00  0.000000e+00  0.000000e+00  0.000000e+00  0.000000e+00  3.670000e-02  0.000000e+00  0.000000e+00  0.000000e+00  0.000000e+00  0.000000e+00  0.000000e+00  0.000000e+00
1.740075e+02  3.000000e-02  0.000000e+00  0.000000e+00  0.000000e+00  0.000000e+00  0.000000e+00  0.000000e+00  0.000000e+00  3.000000e-02  0.000000e+00  0.000000e+00  0.000000e+00  0.000000e+00  0.000000e+00  0.000000e+00  0.000000e+00
1.947638e+02  1.730000e-02  0.000000e+00  0.000000e+00  0.000000e+00  0.000000e+00  0.000000e+00  0.000000e+00  0.000000e+00  2.990000e-02  0.000000e+00  0.000000e+00  0.000000e+00  0.000000e+00  0.000000e+00  0.000000e+00  0.000000e+00
2.179959e+02  0.000000e+00  0.000000e+00  0.000000e+00  0.000000e+00  0.000000e+00  0.000000e+00  0.000000e+00  0.000000e+00  2.720000e-02  0.000000e+00  0.000000e+00  0.000000e+00  0.000000e+00  0.000000e+00  0.000000e+00  0.000000e+00
2.439993e+02  0.000000e+00  0.000000e+00  0.000000e+00  0.000000e+00  0.000000e+00  0.000000e+00  0.000000e+00  0.000000e+00  2.930000e-02  0.000000e+00  0.000000e+00  0.000000e+00  0.000000e+00  0.000000e+00  0.000000e+00  0.000000e+00
2.731044e+02  0.000000e+00  0.000000e+00  0.000000e+00  0.000000e+00  0.000000e+00  0.000000e+00  0.000000e+00  0.000000e+00  2.710000e-02  0.000000e+00  0.000000e+00  0.000000e+00  0.000000e+00  0.000000e+00  0.000000e+00  0.000000e+00
3.056814e+02  0.000000e+00  0.000000e+00  0.000000e+00  0.000000e+00  0.000000e+00  0.000000e+00  0.000000e+00  0.000000e+00  2.300000e-02  0.000000e+00  0.000000e+00  0.000000e+00  0.000000e+00  0.000000e+00  0.000000e+00  0.000000e+00
3.421442e+02  0.000000e+00  0.000000e+00  0.000000e+00  0.000000e+00  0.000000e+00  0.000000e+00  0.000000e+00  0.000000e+00  1.580000e-02  0.000000e+00  0.000000e+00  0.000000e+00  0.000000e+00  0.000000e+00  0.000000e+00  0.000000e+00
