5.605287e-05  0.000000e+00  0.000000e+00  0.000000e+00  0.000000e+00  0.000000e+00  0.000000e+00  0.000000e+00  0.000000e+00  0.000000e+00  0.000000e+00  0.000000e+00  0.000000e+00  0.000000e+00  0.000000e+00  0.000000e+00  6.000000e-03
6.263373e-05  0.000000e+00  0.000000e+00  0.000000e+00  0.000000e+00  0.000000e+00  0.000000e+00  0.000000e+00  0.000000e+00  0.000000e+00  0.000000e+00  0.000000e+00  0.000000e+00  0.000000e+00  0.000000e+00  0.000000e+00  7.400000e-03
6.998722e-05  0.000000e+00  0.000000e+00  0.000000e+00  0.000000e+00  0.000000e+00  0.000000e+00  0.000000e+00  0.000000e+00  0.000000e+00  0.000000e+00  0.000000e+00  0.000000e+00  0.000000e+00  0.000000e+00  0.000000e+00  7.000000e-03
7.820404e-05  0.000000e+00  0.000000e+00  0.000000e+00  0.000000e+00  0.000000e+00  0.000000e+00  0.000000e+00  0.000000e+00  0.000000e+00  0.000000e+00  0.000000e+00  0.000000e+00  0.000000e+00  0.000000e+00  0.000000e+00  7.500000e-03
8.738556e-05  0.000000e+00  0.000000e+00  0.000000e+00  0.000000e+00  0.000000e+00  0.000000e+00  0.000000e+00  0.000000e+00  0.000000e+00  0.000000e+00  0.000000e+00  0.000000e+00  0.000000e+00  0.000000e+00  0.000000e+00  8.400000e-03
9.764503e-05  0.000000e+00  0.000000e+00  0.000000e+00  0.000000e+00  0.000000e+00  0.000000e+00  0.000000e+00  0.000000e+00  0.000000e+00  0.000000e+00  0.000000e+00  0.000000e+00  0.000000e+00  0.000000e+00  0.000000e+00  8.100000e-03
1.091090e-04  0.000000e+00  0.000000e+00  0.000000e+00  0.000000e+00  0.000000e+00  0.000000e+00  0.000000e+00  0.000000e+00  0.000000e+00  0.000000e+00  0.000000e+00  0.000000e+00  0.000000e+00  0.000000e+00  0.000000e+00  1.000000e-02
1.219189e-04  0.000000e+00  0.000000e+00  0.000000e+00  0.000000e+00  0.000000e+00  0.000000e+00  0.000000e+00  0.000000e+00  0.000000e+00  0.000000e+00  0.000000e+00  0.000000e+00  0.000000e+00  0.000000e+00  0.000000e+00  1.000000e-02
1.362327e-04  0.000000e+00  0.000000e+00  0.000000e+00  0.000000e+00  0.000000e+00  0.000000e+00  0.000000e+00  0.000000e+00  0.000000e+00  0.000000e+00  0.000000e+00  0.000000e+00  0.000000e+00  0.000000e+00  0.000000e+00  8.200000e-03
1.522271e-04  0.000000e+00  0.000000e+00  0.000000e+00  0.000000e+00  0.000000e+00  0.000000e+00  0.000000e+00  0.000000e+00  0.000000e+00  0.000000e+00  0.000000e+00  0.000000e+00  0.000000e+00  0.000000e+00  0.000000e+00  9.600000e-03
1.700993e-04  0.000000e+00  0.000000e+00  0.000000e+00  0.000000e+00  0.000000e+00  0.000000e+00  0.000000e+00  0.000000e+00  0.000000e+00  0.000000e+00  0.000000e+00  0.000000e+00  0.000000e+00  0.000000e+00  0.000000e+00  1.020000e-02
1.900697e-04  0.000000e+00  0.000000e+00  0.000000e+00  0.000000e+00  0.000000e+00  0.000000e+00  0.000000e+00  0.000000e+00  0.000000e+00  0.000000e+00  0.000000e+00  0.000000e+00  0.000000e+00  0.000000e+00  0.000000e+00  9.300000e-03
2.123847e-04  0.000000e+00  0.000000e+00  0.000000e+00  0.000000e+00  0.000000e+00  0.000000e+00  0.000000e+00  0.000000e+00  0.000000e+00  0.000000e+00  0.000000e+00  0.000000e+00  0.000000e+00  0.000000e+00  0.000000e+00  9.600000e-03
2.373197e-04  0.000000e+00  0.000000e+00  0.000000e+00  0.000000e+00  0.000000e+00  0.000000e+00  0.000000e+00  0.000000e+00  0.000000e+00  0.000000e+00  0.000000e+00  0.000000e+00  0.000000e+00  0.000000e+00  0.000000e+00  1.190000e-02
2.651821e-04  0.000000e+00  0.000000e+00  0.000000e+00  0.000000e+00  0.000000e+00  0.000000e+00  0.000000e+00  1.000000e-03  0.000000e+00  0.000000e+00  0.000000e+00  0.000000e+00  0.000000e+00  0.000000e+00  0.000000e+00  1.280000e-02
2.963157e-04  0.000000e+00  0.000000e+00  0.000000e+00  0.000000e+00  0.000000e+00  0.000000e+00  0.000000e+00  1.160000e-02  0.000000e+00  0.000000e+00  0.000000e+00  0.000000e+00  0.000000e+00  0.000000e+00  0.000000e+00  1.160000e-02
3.311046e-04  0.000000e+00  0.000000e+00  0.000000e+00  0.000000e+00  0.000000e+00  0.000000e+00  0.000000e+00  1.370000e-02  0.000000e+00  0.000000e+00  0.000000e+00  0.000000e+00  0.000000e+00  0.000000e+00  0.000000e+00  1.370000e-02
3.699778e-04  0.000000e+00  0.000000e+00  0.000000e+00  0.000000e+00  0.000000e+00  0.000000e+00  0.000000e+00  1.410000e-02  0.000000e+00  0.000000e+00  0.000000e+00  0.000000e+00  0.000000e+00  0.000000e+00  0.000000e+00  1.410000e-02
4.134148e-04  0.000000e+00  0.000000e+00  0.000000e+00  0.000000e+00  0.000000e+00  0.000000e+00  0.000000e+00  1.370000e-02  0.000000e+00  0.000000e+00  0.000000e+00  0.000000e+00  0.000000e+00  0.000000e+00  0.000000e+00  1.370000e-02
4.619517e-04  0.000000e+00  0.000000e+00  0.000000e+00  0.000000e+00  0.000000e+00  0.000000e+00  0.000000e+00  1.250000e-02  0.000000e+00  0.000000e+00  0.000000e+00  0.000000e+00  0.000000e+00  0.000000e+00  0.000000e+00  1.250000e-02
5.161869e-04  0.000000e+00  0.000000e+00  0.000000e+00  0.000000e+00  0.000000e+00  0.000000e+00  0.000000e+00  1.400000e-02  0.000000e+00  0.000000e+00  0.000000e+00  0.000000e+00  0.000000e+00  0.000000e+00  0.000000e+00  1.400000e-02
5.767896e-04  0.000000e+00  0.000000e+00  0.000000e+00  0.000000e+00  0.000000e+00  0.000000e+00  0.000000e+00  1.540000e-02  0.000000e+00  0.000000e+00  0.000000e+00  0.000000e+00  0.000000e+00  0.000000e+00  0.000000e+00  1.540000e-02
6.445074e-04  0.000000e+00  0.000000e+00  0.000000e+00  0.000000e+00  0.000000e+00  0.000000e+00  0.000000e+00  1.510000e-02  0.000000e+00  0.000000e+00  0.000000e+00  0.000000e+00  0.000000e+00  0.000000e+00  0.000000e+00  1.510000e-02
7.201755e-04  0.000000e+00  0.000000e+00  0.000000e+00  0.000000e+00  0.000000e+00  0.000000e+00  0.000000e+00  1.340000e-02  0.000000e+00  0.000000e+00  0.000000e+00  0.000000e+00  0.000000e+00  0.000000e+00  0.000000e+00  1.340000e-02
8.047274e-04  0.000000e+00  0.000000e+00  0.000000e+00  0.000000e+00  0.000000e+00  0.000000e+00  0.000000e+00  1.200000e-02  0.000000e+00  0.000000e+00  0.000000e+00  0.000000e+00  0.000000e+00  0.000000e+00  0.000000e+00  1.200000e-02
8.992062e-04  0.000000e+00  0.000000e+00  0.000000e+00  0.000000e+00  0.000000e+00  0.000000e+00  0.000000e+00  1.400000e-02  0.000000e+00  0.000000e+00  0.000000e+00  0.000000e+00  0.000000e+00  0.000000e+00  0.000000e+00  1.400000e-02
1.004777e-03  0.000000e+00  0.000000e+00  0.000000e+00  0.000000e+00  0.000000e+00  0.000000e+00  0.000000e+00  1.630000e-02  0.000000e+00  0.000000e+00  0.000000e+00  0.000000e+00  0.000000e+00  0.000000e+00  0.000000e+00  1.630000e-02
1.122743e-03  0.000000e+00  0.000000e+00  0.000000e+00  0.000000e+00  0.000000e+00  0.000000e+00  0.000000e+00  1.560000e-02  0.000000e+00  0.000000e+00  0.000000e+00  0.000000e+00  0.000000e+00  0.000000e+00  0.000000e+00  1.560000e-02
1.254558e-03  0.000000e+00  0.000000e+00  0.000000e+00  0.000000e+00  0.000000e+00  0.000000e+00  0.000000e+00  1.380000e-02  0.000000e+00  0.000000e+00  0.000000e+00  0.000000e+00  0.000000e+00  0.000000e+00  0.000000e+00  1.380000e-02
1.401849e-03  0.000000e+00  0.000000e+00  0.000000e+00  0.000000e+00  0.000000e+00  0.000000e+00  0.000000e+00  1.600000e-02  0.000000e+00  0.000000e+00  0.000000e+00  0.000000e+00  0.000000e+00  0.000000e+00  0.000000e+00  1.600000e-02
1.566432e-03  0.000000e+00  0.000000e+00  0.000000e+00  0.000000e+00  0.000000e+00  0.000000e+00  0.000000e+00  1.460000e-02  0.000000e+00  0.000000e+00  0.000000e+00  0.000000e+00  0.000000e+00  0.000000e+00  0.000000e+00  1.460000e-02
1.750338e-03  0.000000e+00  0.000000e+00  0.000000e+00  0.000000e+00  0.000000e+00  0.000000e+00  0.000000e+00  1.650000e-02  0.000000e+00  0.000000e+00  0.000000e+00  0.000000e+00  0.000000e+00  0.000000e+00  0.000000e+00  1.650000e-02
1.955836e-03  0.000000e+00  0.000000e+00  0.000000e+00  0.000000e+00  0.000000e+00  0.000000e+00  0.000000e+00  2.050000e-02  0.000000e+00  0.000000e+00  0.000000e+00  0.000000e+00  0.000000e+00  0.000000e+00  0.000000e+00  2.050000e-02
2.185460e-03  0.000000e+00  0.000000e+00  0.000000e+00  0.000000e+00  0.000000e+00  0.000000e+00  0.000000e+00  1.880000e-02  0.000000e+00  0.000000e+00  0.000000e+00  0.000000e+00  0.000000e+00  0.000000e+00  0.000000e+00  1.880000e-02
2.442043e-03  0.000000e+00  0.000000e+00  0.000000e+00  0.000000e+00  0.000000e+00  0.000000e+00  0.000000e+00  1.850000e-02  0.000000e+00  0.000000e+00  0.000000e+00  0.000000e+00  0.000000e+00  0.000000e+00  0.000000e+00  1.850000e-02
2.728751e-03  0.000000e+00  0.000000e+00  0.000000e+00  0.000000e+00  0.000000e+00  0.000000e+00  0.000000e+00  1.750000e-02  0.000000e+00  0.000000e+00  0.000000e+00  0.000000e+00  0.000000e+00  0.000000e+00  0.000000e+00  1.750000e-02
3.049118e-03  0.000000e+00  0.000000e+00  0.000000e+00  0.000000e+00  0.000000e+00  0.000000e+00  0.000000e+00  1.650000e-02  0.000000e+00  0.000000e+00  0.000000e+00  0.000000e+00  0.000000e+00  0.000000e+00  0.000000e+00  1.650000e-02
3.407099e-03  0.000000e+00  0.000000e+00  0.000000e+00  0.000000e+00  0.000000e+00  0.000000e+00  0.000000e+00  1.760000e-02  0.000000e+00  0.000000e+00  0.000000e+00  0.000000e+00  0.000000e+00  0.000000e+00  0.000000e+00  1.760000e-02
3.807108e-03  0.000000e+00  0.000000e+00  0.000000e+00  0.000000e+00  0.000000e+00  0.000000e+00  0.000000e+00  1.460000e-02  0.000000e+00  0.000000e+00  0.000000e+00  0.000000e+00  0.000000e+00  0.000000e+00  0.000000e+00  1.460000e-02
4.254080e-03  0.000000e+00  0.000000e+00  0.000000e+00  0.000000e+00  0.000000e+00  0.000000e+00  0.000000e+00  1.780000e-02  0.000000e+00  0.000000e+00  0.000000e+00  0.000000e+00  0.000000e+00  0.000000e+00  0.000000e+00  1.780000e-02
4.753529e-03  0.000000e+00  0.000000e+00  0.000000e+00  0.000000e+00  0.000000e+00  0.000000e+00  0.000000e+00  1.750000e-02  0.000000e+00  0.000000e+00  0.000000e+00  0.000000e+00  0.000000e+00  0.000000e+00  0.000000e+00  1.750000e-02
5.311615e-03  0.000000e+00  0.000000e+00  0.000000e+00  0.000000e+00  0.000000e+00  0.000000e+00  0.000000e+00  1.710000e-02  0.000000e+00  0.000000e+00  0.000000e+00  0.000000e+00  0.000000e+00  0.000000e+00  0.000000e+00  1.710000e-02
5.935223e-03  0.000000e+00  0.000000e+00  0.000000e+00  0.000000e+00  0.000000e+00  0.000000e+00  0.000000e+00  1.710000e-02  0.000000e+00  0.000000e+00  0.000000e+00  0.000000e+00  0.000000e+00  0.000000e+00  0.000000e+00  1.710000e-02
6.632046e-03  0.000000e+00  0.000000e+00  0.000000e+00  0.000000e+00  0.000000e+00  0.000000e+00  0.000000e+00  1.500000e-02  0.000000e+00  0.000000e+00  0.000000e+00  0.000000e+00  0.000000e+00  0.000000e+00  0.000000e+00  1.500000e-02
7.410678e-03  0.000000e+00  0.000000e+00  0.000000e+00  0.000000e+00  0.000000e+00  0.000000e+00  0.000000e+00  1.430000e-02  0.000000e+00  0.000000e+00  0.000000e+00  0.000000e+00  0.000000e+00  0.000000e+00  0.000000e+00  1.430000e-02
8.280726e-03  0.000000e+00  0.000000e+00  0.000000e+00  0.000000e+00  0.000000e+00  0.000000e+00  0.000000e+00  1.660000e-02  0.000000e+00  0.000000e+00  0.000000e+00  0.000000e+00  0.000000e+00  0.000000e+00  0.000000e+00  1.660000e-02
9.252921e-03  0.000000e+00  0.000000e+00  0.000000e+00  0.000000e+00  0.000000e+00  0.000000e+00  0.000000e+00  1.450000e-02  0.000000e+00  0.000000e+00  0.000000e+00  0.000000e+00  0.000000e+00  0.000000e+00  0.000000e+00  1.450000e-02
1.033926e-02  0.000000e+00  0.000000e+00  0.000000e+00  0.000000e+00  0.000000e+00  0.000000e+00  0.000000e+00  1.370000e-02  0.000000e+00  0.000000e+00  0.000000e+00  0.000000e+00  0.000000e+00  0.000000e+00  0.000000e+00  1.370000e-02
1.155313e-02  0.000000e+00  0.000000e+00  0.000000e+00  0.000000e+00  0.000000e+00  0.000000e+00  0.000000e+00  1.330000e-02  0.000000e+00  0.000000e+00  0.000000e+00  0.000000e+00  0.000000e+00  0.000000e+00  0.000000e+00  1.330000e-02
1.290952e-02  0.000000e+00  0.000000e+00  0.000000e+00  0.000000e+00  0.000000e+00  0.000000e+00  0.000000e+00  1.400000e-02  0.000000e+00  0.000000e+00  0.000000e+00  0.000000e+00  0.000000e+00  0.000000e+00  4.500000e-03  1.400000e-02
1.442516e-02  0.000000e+00  0.000000e+00  0.000000e+00  0.000000e+00  0.000000e+00  0.000000e+00  0.000000e+00  1.250000e-02  0.000000e+00  0.000000e+00  0.000000e+00  0.000000e+00  0.000000e+00  0.000000e+00  1.080000e-02  1.250000e-02
1.611874e-02  0.000000e+00  0.000000e+00  0.000000e+00  0.000000e+00  0.000000e+00  0.000000e+00  0.000000e+00  1.210000e-02  0.000000e+00  0.000000e+00  0.000000e+00  0.000000e+00  0.000000e+00  0.000000e+00  1.060000e-02  1.210000e-02
1.801116e-02  0.000000e+00  0.000000e+00  0.000000e+00  0.000000e+00  0.000000e+00  0.000000e+00  0.000000e+00  1.220000e-02  0.000000e+00  0.000000e+00  0.000000e+00  0.000000e+00  0.000000e+00  0.000000e+00  1.260000e-02  1.220000e-02
2.012575e-02  0.000000e+00  0.000000e+00  0.000000e+00  0.000000e+00  0.000000e+00  0.000000e+00  0.000000e+00  1.300000e-02  0.000000e+00  0.000000e+00  0.000000e+00  0.000000e+00  0.000000e+00  0.000000e+00  1.230000e-02  1.300000e-02
2.248861e-02  0.000000e+00  0.000000e+00  0.000000e+00  0.000000e+00  0.000000e+00  0.000000e+00  0.000000e+00  1.070000e-02  0.000000e+00  0.000000e+00  0.000000e+00  0.000000e+00  0.000000e+00  0.000000e+00  1.560000e-02  1.070000e-02
2.512887e-02  0.000000e+00  0.000000e+00  0.000000e+00  0.000000e+00  0.000000e+00  0.000000e+00  0.000000e+00  1.100000e-02  0.000000e+00  0.000000e+00  0.000000e+00  0.000000e+00  0.000000e+00  0.000000e+00  1.620000e-02  1.100000e-02
2.807912e-02  0.000000e+00  0.000000e+00  0.000000e+00  0.000000e+00  0.000000e+00  0.000000e+00  0.000000e+00  1.210000e-02  0.000000e+00  0.000000e+00  0.000000e+00  0.000000e+00  0.000000e+00  0.000000e+00  1.450000e-02  1.210000e-02
3.137573e-02  0.000000e+00  0.000000e+00  0.000000e+00  0.000000e+00  0.000000e+00  0.000000e+00  0.000000e+00  1.190000e-02  0.000000e+00  0.000000e+00  0.000000e+00  0.000000e+00  0.000000e+00  0.000000e+00  1.580000e-02  1.190000e-02
3.505939e-02  0.000000e+00  0.000000e+00  0.000000e+00  0.000000e+00  0.000000e+00  0.000000e+00  0.000000e+00  1.220000e-02  0.000000e+00  0.000000e+00  0.000000e+00  0.000000e+00  0.000000e+00  0.000000e+00  1.780000e-02  1.220000e-02
3.917552e-02  0.000000e+00  0.000000e+00  0.000000e+00  0.000000e+00  0.000000e+00  0.000000e+00  1.250000e-02  1.090000e-02  0.000000e+00  0.000000e+00  0.000000e+00  0.000000e+00  0.000000e+00  0.000000e+00  1.680000e-02  1.090000e-02
4.377491e-02  0.000000e+00  0.000000e+00  0.000000e+00  0.000000e+00  0.000000e+00  0.000000e+00  1.570000e-02  1.160000e-02  0.000000e+00  0.000000e+00  0.000000e+00  0.000000e+00  0.000000e+00  5.700000e-03  1.570000e-02  1.160000e-02
4.891429e-02  0.000000e+00  0.000000e+00  0.000000e+00  0.000000e+00  0.000000e+00  0.000000e+00  1.880000e-02  1.020000e-02  0.000000e+00  0.000000e+00  0.000000e+00  0.000000e+00  0.000000e+00  9.300000e-03  1.880000e-02  1.020000e-02
5.465705e-02  0.000000e+00  0.000000e+00  0.000000e+00  0.000000e+00  0.000000e+00  0.000000e+00  1.940000e-02  1.400000e-03  0.000000e+00  0.000000e+00  0.000000e+00  0.000000e+00  0.000000e+00  1.190000e-02  1.940000e-02  9.800000e-03
6.107404e-02  0.000000e+00  0.000000e+00  0.000000e+00  0.000000e+00  0.000000e+00  0.000000e+00  1.680000e-02  0.000000e+00  0.000000e+00  0.000000e+00  0.000000e+00  0.000000e+00  0.000000e+00  1.120000e-02  1.680000e-02  9.700000e-03
6.824441e-02  0.000000e+00  0.000000e+00  0.000000e+00  0.000000e+00  0.000000e+00  0.000000e+00  1.680000e-02  0.000000e+00  0.000000e+00  0.000000e+00  0.000000e+00  0.000000e+00  0.000000e+00  1.350000e-02  1.680000e-02  1.120000e-02
7.625662e-02  0.000000e+00  0.000000e+00  0.000000e+00  0.000000e+00  0.000000e+00  0.000000e+00  1.540000e-02  0.000000e+00  0.000000e+00  0.000000e+00  0.000000e+00  0.000000e+00  1.100000e-03  1.430000e-02  1.540000e-02  9.400000e-03
8.520950e-02  0.000000e+00  0.000000e+00  0.000000e+00  0.000000e+00  0.000000e+00  0.000000e+00  1.630000e-02  0.000000e+00  0.000000e+00  0.000000e+00  0.000000e+00  0.000000e+00  9.300000e-03  1.470000e-02  1.630000e-02  8.400000e-03
9.521349e-02  0.000000e+00  0.000000e+00  0.000000e+00  0.000000e+00  0.000000e+00  0.000000e+00  1.730000e-02  0.000000e+00  0.000000e+00  0.000000e+00  0.000000e+00  0.000000e+00  1.080000e-02  1.700000e-02  1.730000e-02  7.900000e-03
1.063920e-01  0.000000e+00  0.000000e+00  0.000000e+00  0.000000e+00  0.000000e+00  0.000000e+00  1.500000e-02  0.000000e+00  0.000000e+00  0.000000e+00  0.000000e+00  0.000000e+00  1.260000e-02  1.420000e-02  1.500000e-02  6.600000e-03
1.188829e-01  0.000000e+00  0.000000e+00  0.000000e+00  0.000000e+00  0.000000e+00  0.000000e+00  1.580000e-02  0.000000e+00  0.000000e+00  0.000000e+00  0.000000e+00  0.000000e+00  1.420000e-02  1.430000e-02  1.580000e-02  8.300000e-03
1.328403e-01  0.000000e+00  0.000000e+00  0.000000e+00  0.000000e+00  0.000000e+00  7.100000e-03  1.520000e-02  0.000000e+00  0.000000e+00  0.000000e+00  0.000000e+00  0.000000e+00  1.330000e-02  1.600000e-02  1.520000e-02  6.700000e-03
1.484364e-01  0.000000e+00  0.000000e+00  0.000000e+00  0.000000e+00  0.000000e+00  1.830000e-02  1.530000e-02  0.000000e+00  0.000000e+00  0.000000e+00  0.000000e+00  0.000000e+00  1.450000e-02  1.830000e-02  1.530000e-02  7.000000e-03
1.658635e-01  0.000000e+00  0.000000e+00  0.000000e+00  0.000000e+00  0.000000e+00  1.740000e-02  1.480000e-02  0.000000e+00  0.000000e+00  0.000000e+00  0.000000e+00  0.000000e+00  1.650000e-02  1.740000e-02  1.480000e-02  6.400000e-03
1.853366e-01  0.000000e+00  0.000000e+00  0.000000e+00  0.000000e+00  0.000000e+00  1.770000e-02  1.680000e-02  0.000000e+00  0.000000e+00  0.000000e+00  0.000000e+00  0.000000e+00  1.490000e-02  1.770000e-02  1.680000e-02  6.400000e-03
2.070960e-01  0.000000e+00  0.000000e+00  0.000000e+00  0.000000e+00  0.000000e+00  1.800000e-02  1.520000e-02  0.000000e+00  0.000000e+00  0.000000e+00  0.000000e+00  8.800000e-03  1.390000e-02  1.800000e-02  1.520000e-02  5.900000e-03
2.314100e-01  0.000000e+00  0.000000e+00  0.000000e+00  0.000000e+00  1.200000e-03  1.520000e-02  1.520000e-02  0.000000e+00  0.000000e+00  0.000000e+00  0.000000e+00  1.080000e-02  1.510000e-02  1.520000e-02  1.520000e-02  5.800000e-03
2.585786e-01  0.000000e+00  0.000000e+00  0.000000e+00  0.000000e+00  1.700000e-02  1.810000e-02  1.660000e-02  0.000000e+00  0.000000e+00  0.000000e+00  0.000000e+00  1.360000e-02  1.700000e-02  1.810000e-02  1.660000e-02  5.500000e-03
2.889369e-01  0.000000e+00  0.000000e+00  0.000000e+00  0.000000e+00  1.790000e-02  1.660000e-02  1.590000e-02  0.000000e+00  0.000000e+00  0.000000e+00  0.000000e+00  1.480000e-02  1.790000e-02  1.660000e-02  1.590000e-02  4.300000e-03
3.228594e-01  0.000000e+00  0.000000e+00  0.000000e+00  0.000000e+00  1.710000e-02  1.630000e-02  1.630000e-02  0.000000e+00  0.000000e+00  0.000000e+00  0.000000e+00  1.350000e-02  1.710000e-02  1.630000e-02  1.630000e-02  3.700000e-03
3.607646e-01  0.000000e+00  0.000000e+00  0.000000e+00  0.000000e+00  1.710000e-02  1.350000e-02  1.320000e-02  0.000000e+00  0.000000e+00  0.000000e+00  0.000000e+00  1.330000e-02  1.710000e-02  1.350000e-02  1.320000e-02  2.800000e-03
4.031201e-01  0.000000e+00  0.000000e+00  0.000000e+00  0.000000e+00  1.550000e-02  1.710000e-02  1.390000e-02  0.000000e+00  0.000000e+00  0.000000e+00  0.000000e+00  1.720000e-02  1.550000e-02  1.710000e-02  1.390000e-02  4.100000e-03
4.504482e-01  0.000000e+00  0.000000e+00  0.000000e+00  0.000000e+00  1.570000e-02  1.760000e-02  1.560000e-02  0.000000e+00  0.000000e+00  0.000000e+00  0.000000e+00  1.510000e-02  1.570000e-02  1.760000e-02  1.560000e-02  2.500000e-03
5.033329e-01  0.000000e+00  0.000000e+00  0.000000e+00  0.000000e+00  1.610000e-02  1.570000e-02  1.570000e-02  0.000000e+00  0.000000e+00  0.000000e+00  0.000000e+00  1.490000e-02  1.610000e-02  1.570000e-02  1.570000e-02  1.600000e-03
5.624265e-01  0.000000e+00  0.000000e+00  0.000000e+00  2.500000e-03  1.470000e-02  1.430000e-02  1.570000e-02  0.000000e+00  0.000000e+00  0.000000e+00  0.000000e+00  1.550000e-02  1.470000e-02  1.430000e-02  1.570000e-02  2.400000e-03
6.284580e-01  0.000000e+00  0.000000e+00  0.000000e+00  1.770000e-02  1.770000e-02  1.330000e-02  1.880000e-02  0.000000e+00  0.000000e+00  0.000000e+00  0.000000e+00  1.770000e-02  1.770000e-02  1.330000e-02  1.880000e-02  0.000000e+00
7.022418e-01  0.000000e+00  0.000000e+00  0.000000e+00  1.690000e-02  1.500000e-02  1.510000e-02  1.730000e-02  0.000000e+00  0.000000e+00  0.000000e+00  0.000000e+00  1.690000e-02  1.500000e-02  1.510000e-02  1.730000e-02  0.000000e+00
7.846883e-01  0.000000e+00  0.000000e+00  0.000000e+00  1.510000e-02  1.650000e-02  1.590000e-02  1.490000e-02  0.000000e+00  0.000000e+00  0.000000e+00  2.000000e-04  1.510000e-02  1.650000e-02  1.590000e-02  1.490000e-02  0.000000e+00
8.768143e-01  0.000000e+00  0.000000e+00  0.000000e+00  1.620000e-02  1.790000e-02  1.340000e-02  1.330000e-02  0.000000e+00  0.000000e+00  0.000000e+00  1.020000e-02  1.620000e-02  1.790000e-02  1.340000e-02  1.330000e-02  0.000000e+00
9.797563e-01  0.000000e+00  0.000000e+00  0.000000e+00  1.610000e-02  1.570000e-02  1.520000e-02  1.540000e-02  0.000000e+00  0.000000e+00  0.000000e+00  1.350000e-02  1.610000e-02  1.570000e-02  1.520000e-02  1.540000e-02  0.000000e+00
1.094784e+00  0.000000e+00  0.000000e+00  0.000000e+00  1.600000e-02  1.550000e-02  1.400000e-02  1.530000e-02  0.000000e+00  0.000000e+00  0.000000e+00  1.450000e-02  1.600000e-02  1.550000e-02  1.400000e-02  1.530000e-02  0.000000e+00
1.223317e+00  0.000000e+00  0.000000e+00  0.000000e+00  1.610000e-02  1.280000e-02  1.500000e-02  1.580000e-02  0.000000e+00  0.000000e+00  0.000000e+00  1.650000e-02  1.610000e-02  1.280000e-02  1.500000e-02  1.580000e-02  0.000000e+00
1.366940e+00  0.000000e+00  0.000000e+00  0.000000e+00  1.650000e-02  1.600000e-02  1.510000e-02  1.390000e-02  0.000000e+00  0.000000e+00  0.000000e+00  1.520000e-02  1.650000e-02  1.600000e-02  1.510000e-02  1.390000e-02  0.000000e+00
1.527425e+00  0.000000e+00  0.000000e+00  0.000000e+00  1.740000e-02  1.440000e-02  1.390000e-02  1.520000e-02  0.000000e+00  0.000000e+00  0.000000e+00  1.370000e-02  1.740000e-02  1.440000e-02  1.390000e-02  1.520000e-02  0.000000e+00
1.706752e+00  0.000000e+00  0.000000e+00  0.000000e+00  1.610000e-02  1.600000e-02  1.590000e-02  1.350000e-02  0.000000e+00  0.000000e+00  0.000000e+00  1.640000e-02  1.610000e-02  1.600000e-02  1.590000e-02  1.350000e-02  0.000000e+00
1.907132e+00  0.000000e+00  0.000000e+00  0.000000e+00  1.500000e-02  1.600000e-02  1.560000e-02  1.440000e-02  0.000000e+00  0.000000e+00  0.000000e+00  1.500000e-02  1.500000e-02  1.600000e-02  1.560000e-02  1.440000e-02  0.000000e+00
2.131038e+00  0.000000e+00  0.000000e+00  0.000000e+00  1.670000e-02  1.440000e-02  1.470000e-02  1.570000e-02  0.000000e+00  0.000000e+00  0.000000e+00  1.710000e-02  1.670000e-02  1.440000e-02  1.470000e-02  1.570000e-02  0.000000e+00
2.381232e+00  0.000000e+00  0.000000e+00  1.450000e-02  1.600000e-02  1.640000e-02  1.660000e-02  1.360000e-02  0.000000e+00  0.000000e+00  0.000000e+00  1.720000e-02  1.600000e-02  1.640000e-02  1.660000e-02  1.360000e-02  0.000000e+00
2.660800e+00  0.000000e+00  0.000000e+00  1.780000e-02  1.560000e-02  1.210000e-02  1.440000e-02  1.070000e-02  0.000000e+00  0.000000e+00  0.000000e+00  1.780000e-02  1.560000e-02  1.210000e-02  1.440000e-02  1.070000e-02  0.000000e+00
2.973190e+00  0.000000e+00  0.000000e+00  1.610000e-02  1.740000e-02  1.380000e-02  1.470000e-02  1.200000e-02  0.000000e+00  0.000000e+00  7.100000e-03  1.610000e-02  1.740000e-02  1.380000e-02  1.470000e-02  1.200000e-02  0.000000e+00
3.322256e+00  0.000000e+00  0.000000e+00  1.880000e-02  1.570000e-02  1.590000e-02  1.640000e-02  1.560000e-02  0.000000e+00  0.000000e+00  1.290000e-02  1.880000e-02  1.570000e-02  1.590000e-02  1.640000e-02  1.560000e-02  0.000000e+00
3.712304e+00  0.000000e+00  0.000000e+00  1.650000e-02  1.460000e-02  1.650000e-02  1.650000e-02  9.900000e-03  0.000000e+00  0.000000e+00  1.340000e-02  1.650000e-02  1.460000e-02  1.650000e-02  1.650000e-02  9.900000e-03  0.000000e+00
4.148146e+00  0.000000e+00  0.000000e+00  2.000000e-02  1.680000e-02  1.940000e-02  1.450000e-02  1.130000e-02  0.000000e+00  0.000000e+00  1.760000e-02  2.000000e-02  1.680000e-02  1.940000e-02  1.450000e-02  1.130000e-02  0.000000e+00
4.635157e+00  0.000000e+00  0.000000e+00  1.700000e-02  1.800000e-02  1.550000e-02  1.180000e-02  9.300000e-03  0.000000e+00  0.000000e+00  1.570000e-02  1.700000e-02  1.800000e-02  1.550000e-02  1.180000e-02  9.300000e-03  0.000000e+00
5.179346e+00  0.000000e+00  0.000000e+00  1.680000e-02  1.590000e-02  1.540000e-02  1.340000e-02  1.090000e-02  0.000000e+00  0.000000e+00  1.630000e-02  1.680000e-02  1.590000e-02  1.540000e-02  1.340000e-02  1.090000e-02  0.000000e+00
5.787425e+00  0.000000e+00  0.000000e+00  1.930000e-02  1.560000e-02  1.630000e-02  1.300000e-02  8.000000e-03  0.000000e+00  0.000000e+00  1.810000e-02  1.930000e-02  1.560000e-02  1.630000e-02  1.300000e-02  1.320000e-02  0.000000e+00
6.466895e+00  0.000000e+00  0.000000e+00  1.770000e-02  1.820000e-02  1.440000e-02  1.350000e-02  0.000000e+00  0.000000e+00  0.000000e+00  1.910000e-02  1.770000e-02  1.820000e-02  1.440000e-02  1.350000e-02  1.010000e-02  0.000000e+00
7.226139e+00  0.000000e+00  3.400000e-03  1.890000e-02  1.580000e-02  1.340000e-02  1.440000e-02  0.000000e+00  0.000000e+00  0.000000e+00  1.820000e-02  1.890000e-02  1.580000e-02  1.340000e-02  1.440000e-02  9.000000e-03  0.000000e+00
8.074521e+00  0.000000e+00  1.810000e-02  1.760000e-02  1.740000e-02  1.390000e-02  1.420000e-02  0.000000e+00  0.000000e+00  0.000000e+00  1.810000e-02  1.760000e-02  1.740000e-02  1.390000e-02  1.420000e-02  8.400000e-03  0.000000e+00
9.022507e+00  0.000000e+00  1.930000e-02  1.810000e-02  1.670000e-02  1.530000e-02  1.450000e-02  0.000000e+00  0.000000e+00  0.000000e+00  1.930000e-02  1.810000e-02  1.670000e-02  1.530000e-02  1.450000e-02  9.800000e-03  0.000000e+00
1.008179e+01  0.000000e+00  2.040000e-02  1.920000e-02  1.750000e-02  1.310000e-02  1.160000e-02  0.000000e+00  0.000000e+00  0.000000e+00  2.040000e-02  1.920000e-02  1.750000e-02  1.310000e-02  1.160000e-02  8.000000e-03  0.000000e+00
1.126544e+01  0.000000e+00  1.920000e-02  1.810000e-02  1.650000e-02  1.500000e-02  1.480000e-02  0.000000e+00  0.000000e+00  0.000000e+00  1.920000e-02  1.810000e-02  1.650000e-02  1.500000e-02  1.480000e-02  9.300000e-03  0.000000e+00
1.258805e+01  0.000000e+00  2.080000e-02  2.040000e-02  1.520000e-02  1.420000e-02  1.500000e-02  0.000000e+00  0.000000e+00  0.000000e+00  2.080000e-02  2.040000e-02  1.520000e-02  1.420000e-02  1.500000e-02  9.000000e-03  0.000000e+00
1.406595e+01  0.000000e+00  1.980000e-02  1.820000e-02  1.530000e-02  1.680000e-02  1.490000e-02  0.000000e+00  0.000000e+00  0.000000e+00  1.980000e-02  1.820000e-02  1.530000e-02  1.680000e-02  1.490000e-02  8.100000e-03  0.000000e+00
1.571736e+01  0.000000e+00  2.200000e-02  2.000000e-02  1.590000e-02  1.400000e-02  1.420000e-02  0.000000e+00  0.000000e+00  0.000000e+00  2.200000e-02  2.000000e-02  1.590000e-02  1.400000e-02  1.420000e-02  8.200000e-03  0.000000e+00
1.756265e+01  0.000000e+00  2.190000e-02  1.910000e-02  1.830000e-02  1.540000e-02  1.310000e-02  0.000000e+00  0.000000e+00  0.000000e+00  2.190000e-02  1.910000e-02  1.830000e-02  1.540000e-02  1.310000e-02  7.600000e-03  0.000000e+00
1.962458e+01  0.000000e+00  2.220000e-02  2.000000e-02  1.700000e-02  1.800000e-02  8.500000e-03  0.000000e+00  0.000000e+00  0.000000e+00  2.220000e-02  2.000000e-02  1.700000e-02  1.800000e-02  1.220000e-02  6.800000e-03  0.000000e+00
2.192860e+01  0.000000e+00  2.010000e-02  2.220000e-02  1.890000e-02  1.490000e-02  0.000000e+00  0.000000e+00  0.000000e+00  0.000000e+00  2.010000e-02  2.220000e-02  1.890000e-02  1.490000e-02  1.100000e-02  8.100000e-03  0.000000e+00
2.450312e+01  0.000000e+00  2.360000e-02  2.020000e-02  1.690000e-02  1.360000e-02  0.000000e+00  0.000000e+00  0.000000e+00  0.000000e+00  2.360000e-02  2.020000e-02  1.690000e-02  1.360000e-02  1.180000e-02  5.700000e-03  0.000000e+00
2.737990e+01  0.000000e+00  2.420000e-02  1.670000e-02  1.810000e-02  1.360000e-02  0.000000e+00  0.000000e+00  0.000000e+00  0.000000e+00  2.420000e-02  1.670000e-02  1.810000e-02  1.360000e-02  1.360000e-02  6.100000e-03  0.000000e+00
3.059442e+01  0.000000e+00  2.410000e-02  2.140000e-02  2.060000e-02  1.290000e-02  0.000000e+00  0.000000e+00  0.000000e+00  1.400000e-03  2.410000e-02  2.140000e-02  2.060000e-02  1.690000e-02  1.350000e-02  5.400000e-03  0.000000e+00
3.418635e+01  0.000000e+00  2.490000e-02  2.020000e-02  1.680000e-02  0.000000e+00  0.000000e+00  0.000000e+00  0.000000e+00  1.520000e-02  2.490000e-02  2.020000e-02  1.680000e-02  1.580000e-02  1.200000e-02  5.500000e-03  0.000000e+00
3.819998e+01  0.000000e+00  2.580000e-02  2.580000e-02  1.890000e-02  0.000000e+00  0.000000e+00  0.000000e+00  0.000000e+00  1.590000e-02  2.580000e-02  2.580000e-02  1.890000e-02  1.360000e-02  1.120000e-02  4.600000e-03  0.000000e+00
4.268484e+01  0.000000e+00  2.800000e-02  2.790000e-02  1.860000e-02  0.000000e+00  0.000000e+00  0.000000e+00  0.000000e+00  1.950000e-02  2.800000e-02  2.790000e-02  1.860000e-02  1.500000e-02  1.080000e-02  1.000000e-04  0.000000e+00
4.769623e+01  0.000000e+00  2.750000e-02  2.440000e-02  1.670000e-02  0.000000e+00  0.000000e+00  0.000000e+00  0.000000e+00  2.090000e-02  2.750000e-02  2.440000e-02  1.670000e-02  1.410000e-02  1.100000e-02  0.000000e+00  0.000000e+00
5.329599e+01  0.000000e+00  2.680000e-02  2.360000e-02  6.800000e-03  0.000000e+00  0.000000e+00  0.000000e+00  0.000000e+00  2.520000e-02  2.680000e-02  2.360000e-02  1.840000e-02  1.420000e-02  1.030000e-02  0.000000e+00  0.000000e+00
5.955318e+01  0.000000e+00  3.130000e-02  2.550000e-02  0.000000e+00  0.000000e+00  0.000000e+00  0.000000e+00  0.000000e+00  2.340000e-02  3.130000e-02  2.550000e-02  1.860000e-02  1.360000e-02  9.700000e-03  0.000000e+00  0.000000e+00
6.654500e+01  1.310000e-02  2.980000e-02  2.650000e-02  0.000000e+00  0.000000e+00  0.000000e+00  0.000000e+00  0.000000e+00  2.660000e-02  2.980000e-02  2.650000e-02  1.650000e-02  1.210000e-02  1.010000e-02  0.000000e+00  0.000000e+00
7.435769e+01  2.890000e-02  2.760000e-02  2.450000e-02  0.000000e+00  0.000000e+00  0.000000e+00  0.000000e+00  0.000000e+00  2.890000e-02  2.760000e-02  2.450000e-02  1.880000e-02  1.350000e-02  6.300000e-03  0.000000e+00  0.000000e+00
8.308763e+01  3.170000e-02  2.990000e-02  2.290000e-02  0.000000e+00  0.000000e+00  0.000000e+00  0.000000e+00  0.000000e+00  3.170000e-02  2.990000e-02  2.290000e-02  1.780000e-02  1.180000e-02  0.000000e+00  0.000000e+00  0.000000e+00
9.284250e+01  3.340000e-02  3.490000e-02  1.410000e-02  0.000000e+00  0.000000e+00  0.000000e+00  0.000000e+00  0.000000e+00  3.340000e-02  3.490000e-02  2.180000e-02  1.910000e-02  7.300000e-03  0.000000e+00  0.000000e+00  0.000000e+00
1.037426e+02  3.060000e-02  2.910000e-02  0.000000e+00  0.000000e+00  0.000000e+00  0.000000e+00  0.000000e+00  0.000000e+00  3.060000e-02  2.910000e-02  2.210000e-02  1.910000e-02  0.000000e+00  0.000000e+00  0.000000e+00  0.000000e+00
1.159225e+02  3.600000e-02  2.740000e-02  0.000000e+00  0.000000e+00  0.000000e+00  0.000000e+00  0.000000e+00  0.000000e+00  3.600000e-02  2.740000e-02  2.540000e-02  1.350000e-02  0.000000e+00  0.000000e+00  0.000000e+00  0.000000e+00
1.295323e+02  3.860000e-02  2.880000e-02  0.000000e+00  0.000000e+00  0.000000e+00  0.000000e+00  0.000000e+00  0.000000e+00  3.860000e-02  2.880000e-02  2.410000e-02  0.000000e+00  0.000000e+00  0.000000e+00  0.000000e+00  0.000000e+00
1.447400e+02  3.970000e-02  2.810000e-02  0.000000e+00  0.000000e+00  0.000000e+00  0.000000e+00  0.000000e+00  0.000000e+00  3.970000e-02  2.810000e-02  2.650000e-02  0.000000e+00  0.000000e+00  0.000000e+00  0.000000e+00  0.000000e+00
1.617332e+02  4.380000e-02  1.000000e-03  0.000000e+00  0.000000e+00  0.000000e+00  0.000000e+00  0.000000e+00  0.000000e+00  4.380000e-02  3.030000e-02  1.900000e-02  0.000000e+00  0.000000e+00  0.000000e+00  0.000000e+00  0.000000e+00
1.807214e+02  4.580000e-02  0.000000e+00  0.000000e+00  0.000000e+00  0.000000e+00  0.000000e+00  0.000000e+00  0.000000e+00  4.580000e-02  2.940000e-02  1.020000e-02  0.000000e+00  0.000000e+00  0.000000e+00  0.000000e+00  0.000000e+00
2.019389e+02  4.660000e-02  0.000000e+00  0.000000e+00  0.000000e+00  0.000000e+00  0.000000e+00  0.000000e+00  0.000000e+00  4.660000e-02  2.840000e-02  0.000000e+00  0.000000e+00  0.000000e+00  0.000000e+00  0.000000e+00  0.000000e+00
2.256475e+02  4.330000e-02  0.000000e+00  0.000000e+00  0.000000e+00  0.000000e+00  0.000000e+00  0.000000e+00  0.000000e+00  4.330000e-02  2.450000e-02  0.000000e+00  0.000000e+00  0.000000e+00  0.000000e+00  0.000000e+00  0.000000e+00
2.521395e+02  4.760000e-02  0.000000e+00  0.000000e+00  0.000000e+00  0.000000e+00  0.000000e+00  0.000000e+00  0.000000e+00  4.760000e-02  2.040000e-02  0.000000e+00  0.000000e+00  0.000000e+00  0.000000e+00  0.000000e+00  0.000000e+00
2.817419e+02  4.910000e-02  0.000000e+00  0.000000e+00  0.000000e+00  0.000000e+00  0.000000e+00  0.000000e+00  0.000000e+00  4.910000e-02  3.000000e-03  0.000000e+00  0.000000e+00  0.000000e+00  0.000000e+00  0.000000e+00  0.000000e+00
3.148197e+02  3.840000e-02  0.000000e+00  0.000000e+00  0.000000e+00  0.000000e+00  0.000000e+00  0.000000e+00  0.000000e+00  3.840000e-02  0.000000e+00  0.000000e+00  0.000000e+00  0.000000e+00  0.000000e+00  0.000000e+00  0.000000e+00
3.517809e+02  4.070000e-02  0.000000e+00  0.000000e+00  0.000000e+00  0.000000e+00  0.000000e+00  0.000000e+00  0.000000e+00  4.070000e-02  0.000000e+00  0.000000e+00  0.000000e+00  0.000000e+00  0.000000e+00  0.000000e+00  0.000000e+00
3.930816e+02  3.790000e-02  0.000000e+00  0.000000e+00  0.000000e+00  0.000000e+00  0.000000e+00  0.000000e+00  0.000000e+00  3.790000e-02  0.000000e+00  0.000000e+00  0.000000e+00  0.000000e+00  0.000000e+00  0.000000e+00  0.000000e+00
4.392312e+02  3.310000e-02  0.000000e+00  0.000000e+00  0.000000e+00  0.000000e+00  0.000000e+00  0.000000e+00  0.000000e+00  3.310000e-02  0.000000e+00  0.000000e+00  0.000000e+00  0.000000e+00  0.000000e+00  0.000000e+00  0.000000e+00
4.907990e+02  1.700000e-03  0.000000e+00  0.000000e+00  0.000000e+00  0.000000e+00  0.000000e+00  0.000000e+00  0.000000e+00  3.400000e-02  0.000000e+00  0.000000e+00  0.000000e+00  0.000000e+00  0.000000e+00  0.000000e+00  0.000000e+00
5.484211e+02  0.000000e+00  0.000000e+00  0.000000e+00  0.000000e+00  0.000000e+00  0.000000e+00  0.000000e+00  0.000000e+00  3.150000e-02  0.000000e+00  0.000000e+00  0.000000e+00  0.000000e+00  0.000000e+00  0.000000e+00  0.000000e+00
6.128082e+02  0.000000e+00  0.000000e+00  0.000000e+00  0.000000e+00  0.000000e+00  0.000000e+00  0.000000e+00  0.000000e+00  3.070000e-02  0.000000e+00  0.000000e+00  0.000000e+00  0.000000e+00  0.000000e+00  0.000000e+00  0.000000e+00
6.847547e+02  0.000000e+00  0.000000e+00  0.000000e+00  0.000000e+00  0.000000e+00  0.000000e+00  0.000000e+00  0.000000e+00  2.240000e-02  0.000000e+00  0.000000e+00  0.000000e+00  0.000000e+00  0.000000e+00  0.000000e+00  0.000000e+00
7.651481e+02  0.000000e+00  0.000000e+00  0.000000e+00  0.000000e+00  0.000000e+00  0.000000e+00  0.000000e+00  0.000000e+00  1.810000e-02  0.000000e+00  0.000000e+00  0.000000e+00  0.000000e+00  0.000000e+00  0.000000e+00  0.000000e+00
