2.361668e-04  0.000000e+00  0.000000e+00  0.000000e+00  0.000000e+00  0.000000e+00  0.000000e+00  0.000000e+00  0.000000e+00  0.000000e+00  0.000000e+00  0.000000e+00  0.000000e+00  0.000000e+00  0.000000e+00  0.000000e+00  5.305561e-03
2.507819e-04  0.000000e+00  0.000000e+00  0.000000e+00  0.000000e+00  0.000000e+00  0.000000e+00  0.000000e+00  0.000000e+00  0.000000e+00  0.000000e+00  0.000000e+00  0.000000e+00  0.000000e+00  0.000000e+00  0.000000e+00  4.912556e-03
2.663014e-04  0.000000e+00  0.000000e+00  0.000000e+00  0.000000e+00  0.000000e+00  0.000000e+00  0.000000e+00  0.000000e+00  0.000000e+00  0.000000e+00  0.000000e+00  0.000000e+00  0.000000e+00  0.000000e+00  0.000000e+00  6.681077e-03
2.827814e-04  0.000000e+00  0.000000e+00  0.000000e+00  0.000000e+00  0.000000e+00  0.000000e+00  0.000000e+00  0.000000e+00  0.000000e+00  0.000000e+00  0.000000e+00  0.000000e+00  0.000000e+00  0.000000e+00  0.000000e+00  5.109059e-03
3.002812e-04  0.000000e+00  0.000000e+00  0.000000e+00  0.000000e+00  0.000000e+00  0.000000e+00  0.000000e+00  0.000000e+00  0.000000e+00  0.000000e+00  0.000000e+00  0.000000e+00  0.000000e+00  0.000000e+00  3.930045e-04  5.109059e-03
3.188639e-04  0.000000e+00  0.000000e+00  0.000000e+00  0.000000e+00  0.000000e+00  0.000000e+00  0.000000e+00  0.000000e+00  0.000000e+00  0.000000e+00  0.000000e+00  0.000000e+00  0.000000e+00  0.000000e+00  3.930045e-03  7.074081e-03
3.385967e-04  0.000000e+00  0.000000e+00  0.000000e+00  0.000000e+00  0.000000e+00  0.000000e+00  0.000000e+00  0.000000e+00  0.000000e+00  0.000000e+00  0.000000e+00  0.000000e+00  0.000000e+00  0.000000e+00  7.270584e-03  9.235606e-03
3.595506e-04  0.000000e+00  0.000000e+00  0.000000e+00  0.000000e+00  0.000000e+00  0.000000e+00  0.000000e+00  0.000000e+00  0.000000e+00  0.000000e+00  0.000000e+00  0.000000e+00  0.000000e+00  0.000000e+00  6.288072e-03  8.646099e-03
3.818012e-04  0.000000e+00  0.000000e+00  0.000000e+00  0.000000e+00  0.000000e+00  0.000000e+00  0.000000e+00  0.000000e+00  0.000000e+00  0.000000e+00  0.000000e+00  0.000000e+00  0.000000e+00  0.000000e+00  5.895068e-03  6.877579e-03
4.054288e-04  0.000000e+00  0.000000e+00  0.000000e+00  0.000000e+00  0.000000e+00  0.000000e+00  0.000000e+00  0.000000e+00  0.000000e+00  0.000000e+00  0.000000e+00  0.000000e+00  0.000000e+00  0.000000e+00  6.091570e-03  7.270584e-03
4.305186e-04  0.000000e+00  0.000000e+00  0.000000e+00  0.000000e+00  0.000000e+00  0.000000e+00  0.000000e+00  0.000000e+00  0.000000e+00  0.000000e+00  0.000000e+00  0.000000e+00  0.000000e+00  0.000000e+00  6.681077e-03  9.235606e-03
4.571610e-04  0.000000e+00  0.000000e+00  0.000000e+00  0.000000e+00  0.000000e+00  0.000000e+00  0.000000e+00  0.000000e+00  0.000000e+00  0.000000e+00  0.000000e+00  0.000000e+00  0.000000e+00  0.000000e+00  8.056593e-03  8.842602e-03
4.854522e-04  0.000000e+00  0.000000e+00  0.000000e+00  0.000000e+00  0.000000e+00  0.000000e+00  0.000000e+00  0.000000e+00  0.000000e+00  0.000000e+00  0.000000e+00  0.000000e+00  0.000000e+00  0.000000e+00  9.628611e-03  8.449597e-03
5.154942e-04  0.000000e+00  0.000000e+00  0.000000e+00  0.000000e+00  0.000000e+00  0.000000e+00  0.000000e+00  0.000000e+00  0.000000e+00  0.000000e+00  0.000000e+00  0.000000e+00  0.000000e+00  0.000000e+00  7.467086e-03  8.449597e-03
5.473953e-04  0.000000e+00  0.000000e+00  0.000000e+00  0.000000e+00  0.000000e+00  0.000000e+00  0.000000e+00  0.000000e+00  0.000000e+00  0.000000e+00  0.000000e+00  0.000000e+00  0.000000e+00  3.537041e-03  9.628611e-03  1.139713e-02
5.812706e-04  0.000000e+00  0.000000e+00  0.000000e+00  0.000000e+00  0.000000e+00  0.000000e+00  0.000000e+00  0.000000e+00  0.000000e+00  0.000000e+00  0.000000e+00  0.000000e+00  0.000000e+00  5.698566e-03  1.061112e-02  7.860090e-03
6.172423e-04  0.000000e+00  0.000000e+00  0.000000e+00  0.000000e+00  0.000000e+00  0.000000e+00  0.000000e+00  0.000000e+00  0.000000e+00  0.000000e+00  0.000000e+00  0.000000e+00  0.000000e+00  5.895068e-03  1.002162e-02  9.039104e-03
6.554401e-04  0.000000e+00  0.000000e+00  0.000000e+00  0.000000e+00  0.000000e+00  0.000000e+00  0.000000e+00  4.519552e-03  0.000000e+00  0.000000e+00  0.000000e+00  0.000000e+00  0.000000e+00  5.502063e-03  6.288072e-03  1.002162e-02
6.960017e-04  0.000000e+00  0.000000e+00  0.000000e+00  0.000000e+00  0.000000e+00  0.000000e+00  0.000000e+00  1.002162e-02  0.000000e+00  0.000000e+00  0.000000e+00  0.000000e+00  0.000000e+00  6.091570e-03  1.080762e-02  1.002162e-02
7.390734e-04  0.000000e+00  0.000000e+00  0.000000e+00  0.000000e+00  0.000000e+00  0.000000e+00  0.000000e+00  8.056593e-03  0.000000e+00  0.000000e+00  0.000000e+00  0.000000e+00  0.000000e+00  7.663588e-03  7.074081e-03  8.056593e-03
7.848107e-04  0.000000e+00  0.000000e+00  0.000000e+00  0.000000e+00  0.000000e+00  0.000000e+00  0.000000e+00  1.100413e-02  0.000000e+00  0.000000e+00  0.000000e+00  0.000000e+00  0.000000e+00  7.074081e-03  1.002162e-02  1.100413e-02
8.333783e-04  0.000000e+00  0.000000e+00  0.000000e+00  0.000000e+00  0.000000e+00  0.000000e+00  1.179014e-03  1.080762e-02  0.000000e+00  0.000000e+00  0.000000e+00  0.000000e+00  0.000000e+00  9.432108e-03  1.002162e-02  1.080762e-02
8.849515e-04  0.000000e+00  0.000000e+00  0.000000e+00  0.000000e+00  0.000000e+00  0.000000e+00  1.218314e-02  8.842602e-03  0.000000e+00  0.000000e+00  0.000000e+00  0.000000e+00  0.000000e+00  8.253095e-03  1.218314e-02  8.842602e-03
9.397164e-04  0.000000e+00  0.000000e+00  0.000000e+00  0.000000e+00  0.000000e+00  0.000000e+00  9.432108e-03  1.218314e-02  0.000000e+00  0.000000e+00  0.000000e+00  0.000000e+00  0.000000e+00  6.877579e-03  9.432108e-03  1.218314e-02
9.978703e-04  0.000000e+00  0.000000e+00  0.000000e+00  0.000000e+00  0.000000e+00  0.000000e+00  1.021812e-02  1.061112e-02  0.000000e+00  0.000000e+00  0.000000e+00  0.000000e+00  2.947534e-03  8.056593e-03  1.021812e-02  1.061112e-02
1.059623e-03  0.000000e+00  0.000000e+00  0.000000e+00  0.000000e+00  0.000000e+00  0.000000e+00  1.296915e-02  1.218314e-02  0.000000e+00  0.000000e+00  0.000000e+00  0.000000e+00  5.109059e-03  8.056593e-03  1.296915e-02  1.218314e-02
1.125197e-03  0.000000e+00  0.000000e+00  0.000000e+00  0.000000e+00  0.000000e+00  0.000000e+00  1.454117e-02  1.414816e-02  0.000000e+00  0.000000e+00  0.000000e+00  0.000000e+00  6.288072e-03  5.895068e-03  1.454117e-02  1.414816e-02
1.194830e-03  0.000000e+00  0.000000e+00  0.000000e+00  0.000000e+00  0.000000e+00  0.000000e+00  1.218314e-02  1.021812e-02  0.000000e+00  0.000000e+00  0.000000e+00  0.000000e+00  7.270584e-03  1.080762e-02  1.218314e-02  1.021812e-02
1.268771e-03  0.000000e+00  0.000000e+00  0.000000e+00  0.000000e+00  0.000000e+00  0.000000e+00  1.179014e-02  1.336215e-02  0.000000e+00  0.000000e+00  0.000000e+00  0.000000e+00  5.305561e-03  9.825113e-03  1.179014e-02  1.336215e-02
1.347288e-03  0.000000e+00  0.000000e+00  0.000000e+00  0.000000e+00  0.000000e+00  0.000000e+00  9.039104e-03  1.277265e-02  0.000000e+00  0.000000e+00  0.000000e+00  0.000000e+00  6.681077e-03  9.235606e-03  9.039104e-03  1.277265e-02
1.430665e-03  0.000000e+00  0.000000e+00  0.000000e+00  0.000000e+00  0.000000e+00  0.000000e+00  1.021812e-02  1.296915e-02  0.000000e+00  0.000000e+00  0.000000e+00  0.000000e+00  6.484575e-03  8.253095e-03  1.021812e-02  1.296915e-02
1.519201e-03  0.000000e+00  0.000000e+00  0.000000e+00  0.000000e+00  0.000000e+00  2.161525e-03  1.159363e-02  1.454117e-02  0.000000e+00  0.000000e+00  0.000000e+00  0.000000e+00  9.235606e-03  1.100413e-02  1.159363e-02  1.454117e-02
1.613216e-03  0.000000e+00  0.000000e+00  0.000000e+00  0.000000e+00  0.000000e+00  1.434466e-02  1.336215e-02  1.237964e-02  0.000000e+00  0.000000e+00  0.000000e+00  0.000000e+00  8.842602e-03  1.434466e-02  1.336215e-02  1.237964e-02
1.713049e-03  0.000000e+00  0.000000e+00  0.000000e+00  0.000000e+00  0.000000e+00  9.825113e-03  1.100413e-02  1.336215e-02  0.000000e+00  0.000000e+00  0.000000e+00  0.000000e+00  9.628611e-03  9.825113e-03  1.100413e-02  1.336215e-02
1.819060e-03  0.000000e+00  0.000000e+00  0.000000e+00  0.000000e+00  0.000000e+00  7.663588e-03  1.120063e-02  1.532718e-02  0.000000e+00  0.000000e+00  0.000000e+00  0.000000e+00  7.074081e-03  7.663588e-03  1.120063e-02  1.532718e-02
1.931632e-03  0.000000e+00  0.000000e+00  0.000000e+00  0.000000e+00  0.000000e+00  1.080762e-02  1.296915e-02  1.277265e-02  0.000000e+00  0.000000e+00  0.000000e+00  0.000000e+00  7.467086e-03  1.080762e-02  1.296915e-02  1.277265e-02
2.051170e-03  0.000000e+00  0.000000e+00  0.000000e+00  0.000000e+00  0.000000e+00  9.825113e-03  1.493417e-02  1.454117e-02  0.000000e+00  0.000000e+00  0.000000e+00  0.000000e+00  7.074081e-03  9.825113e-03  1.493417e-02  1.454117e-02
2.178106e-03  0.000000e+00  0.000000e+00  0.000000e+00  0.000000e+00  0.000000e+00  1.041462e-02  1.513067e-02  1.886422e-02  0.000000e+00  0.000000e+00  0.000000e+00  0.000000e+00  1.021812e-02  1.041462e-02  1.513067e-02  1.886422e-02
2.312897e-03  0.000000e+00  0.000000e+00  0.000000e+00  0.000000e+00  0.000000e+00  1.120063e-02  1.689919e-02  1.788171e-02  0.000000e+00  0.000000e+00  0.000000e+00  0.000000e+00  8.842602e-03  1.120063e-02  1.689919e-02  1.788171e-02
2.456030e-03  0.000000e+00  0.000000e+00  0.000000e+00  0.000000e+00  0.000000e+00  7.270584e-03  1.807821e-02  1.630969e-02  0.000000e+00  0.000000e+00  0.000000e+00  0.000000e+00  8.056593e-03  7.270584e-03  1.807821e-02  1.630969e-02
2.608020e-03  0.000000e+00  0.000000e+00  0.000000e+00  0.000000e+00  0.000000e+00  9.825113e-03  1.768520e-02  1.355866e-02  0.000000e+00  0.000000e+00  0.000000e+00  0.000000e+00  7.270584e-03  9.825113e-03  1.768520e-02  1.355866e-02
2.769416e-03  0.000000e+00  0.000000e+00  0.000000e+00  0.000000e+00  0.000000e+00  1.198664e-02  1.965023e-02  1.572018e-02  0.000000e+00  0.000000e+00  0.000000e+00  0.000000e+00  9.628611e-03  1.198664e-02  1.965023e-02  1.572018e-02
2.940800e-03  0.000000e+00  0.000000e+00  0.000000e+00  0.000000e+00  8.646099e-03  1.179014e-02  1.807821e-02  1.807821e-02  0.000000e+00  0.000000e+00  0.000000e+00  0.000000e+00  1.021812e-02  1.179014e-02  1.807821e-02  1.807821e-02
3.122790e-03  0.000000e+00  0.000000e+00  0.000000e+00  0.000000e+00  9.432108e-03  9.432108e-03  2.318727e-02  1.847121e-02  0.000000e+00  0.000000e+00  0.000000e+00  0.000000e+00  9.432108e-03  9.432108e-03  2.318727e-02  1.847121e-02
3.316043e-03  0.000000e+00  0.000000e+00  0.000000e+00  0.000000e+00  9.039104e-03  1.080762e-02  1.807821e-02  2.082924e-02  0.000000e+00  0.000000e+00  0.000000e+00  0.000000e+00  9.039104e-03  1.080762e-02  1.807821e-02  2.082924e-02
3.521254e-03  0.000000e+00  0.000000e+00  0.000000e+00  0.000000e+00  8.449597e-03  1.179014e-02  2.023973e-02  2.102574e-02  0.000000e+00  0.000000e+00  0.000000e+00  0.000000e+00  8.449597e-03  1.179014e-02  2.023973e-02  2.102574e-02
3.739166e-03  0.000000e+00  0.000000e+00  0.000000e+00  0.000000e+00  8.449597e-03  1.080762e-02  2.141875e-02  1.807821e-02  0.000000e+00  0.000000e+00  0.000000e+00  0.000000e+00  8.449597e-03  1.080762e-02  2.141875e-02  1.807821e-02
3.970562e-03  0.000000e+00  0.000000e+00  0.000000e+00  0.000000e+00  6.681077e-03  1.237964e-02  1.886422e-02  2.063274e-02  0.000000e+00  0.000000e+00  0.000000e+00  0.000000e+00  6.681077e-03  1.237964e-02  1.886422e-02  2.063274e-02
4.216279e-03  0.000000e+00  0.000000e+00  0.000000e+00  0.000000e+00  8.842602e-03  1.611319e-02  1.807821e-02  2.063274e-02  0.000000e+00  0.000000e+00  0.000000e+00  0.000000e+00  8.842602e-03  1.611319e-02  1.807821e-02  2.063274e-02
4.477201e-03  0.000000e+00  0.000000e+00  0.000000e+00  0.000000e+00  1.002162e-02  1.336215e-02  2.200825e-02  1.827471e-02  0.000000e+00  0.000000e+00  0.000000e+00  1.768520e-03  1.002162e-02  1.336215e-02  2.200825e-02  1.827471e-02
4.754271e-03  0.000000e+00  0.000000e+00  0.000000e+00  0.000000e+00  1.080762e-02  1.296915e-02  1.965023e-02  1.788171e-02  0.000000e+00  0.000000e+00  0.000000e+00  5.502063e-03  1.080762e-02  1.296915e-02  1.965023e-02  1.788171e-02
5.048487e-03  0.000000e+00  0.000000e+00  0.000000e+00  0.000000e+00  1.100413e-02  1.237964e-02  1.984673e-02  1.670269e-02  0.000000e+00  0.000000e+00  0.000000e+00  4.912556e-03  1.100413e-02  1.237964e-02  1.984673e-02  1.670269e-02
5.360910e-03  0.000000e+00  0.000000e+00  0.000000e+00  0.000000e+00  9.432108e-03  1.572018e-02  2.436628e-02  1.866771e-02  0.000000e+00  0.000000e+00  0.000000e+00  6.484575e-03  9.432108e-03  1.572018e-02  2.436628e-02  1.866771e-02
5.692667e-03  0.000000e+00  0.000000e+00  0.000000e+00  0.000000e+00  1.277265e-02  1.807821e-02  1.965023e-02  2.161525e-02  0.000000e+00  0.000000e+00  0.000000e+00  5.502063e-03  1.277265e-02  1.807821e-02  1.965023e-02  2.161525e-02
6.044956e-03  0.000000e+00  0.000000e+00  0.000000e+00  0.000000e+00  1.120063e-02  1.611319e-02  1.689919e-02  1.650619e-02  0.000000e+00  0.000000e+00  0.000000e+00  8.646099e-03  1.120063e-02  1.611319e-02  1.689919e-02  1.650619e-02
6.419045e-03  0.000000e+00  0.000000e+00  0.000000e+00  0.000000e+00  1.080762e-02  1.670269e-02  1.630969e-02  1.670269e-02  0.000000e+00  0.000000e+00  0.000000e+00  6.484575e-03  1.080762e-02  1.670269e-02  1.630969e-02  1.670269e-02
6.816285e-03  0.000000e+00  0.000000e+00  0.000000e+00  0.000000e+00  1.277265e-02  1.611319e-02  1.827471e-02  1.513067e-02  0.000000e+00  0.000000e+00  0.000000e+00  5.895068e-03  1.277265e-02  1.611319e-02  1.827471e-02  1.513067e-02
7.238107e-03  0.000000e+00  0.000000e+00  0.000000e+00  0.000000e+00  1.434466e-02  1.847121e-02  1.650619e-02  1.768520e-02  0.000000e+00  0.000000e+00  0.000000e+00  1.021812e-02  1.434466e-02  1.847121e-02  1.650619e-02  1.768520e-02
7.686034e-03  0.000000e+00  0.000000e+00  0.000000e+00  0.000000e+00  1.277265e-02  2.043624e-02  1.670269e-02  1.552368e-02  0.000000e+00  0.000000e+00  0.000000e+00  6.484575e-03  1.277265e-02  2.043624e-02  1.670269e-02  1.552368e-02
8.161681e-03  0.000000e+00  0.000000e+00  0.000000e+00  0.000000e+00  1.296915e-02  1.788171e-02  1.650619e-02  1.532718e-02  0.000000e+00  0.000000e+00  0.000000e+00  8.253095e-03  1.296915e-02  1.788171e-02  1.650619e-02  1.532718e-02
8.666763e-03  0.000000e+00  0.000000e+00  0.000000e+00  0.000000e+00  1.316565e-02  1.572018e-02  1.552368e-02  1.296915e-02  0.000000e+00  0.000000e+00  0.000000e+00  7.663588e-03  1.316565e-02  1.572018e-02  1.552368e-02  1.296915e-02
9.203102e-03  0.000000e+00  0.000000e+00  0.000000e+00  0.000000e+00  1.473767e-02  1.434466e-02  1.139713e-02  1.630969e-02  0.000000e+00  0.000000e+00  0.000000e+00  6.877579e-03  1.473767e-02  1.434466e-02  1.139713e-02  1.630969e-02
9.772631e-03  0.000000e+00  0.000000e+00  0.000000e+00  0.000000e+00  1.296915e-02  1.768520e-02  1.709570e-02  5.698566e-03  0.000000e+00  0.000000e+00  0.000000e+00  9.825113e-03  1.296915e-02  1.768520e-02  1.709570e-02  1.375516e-02
1.037741e-02  0.000000e+00  0.000000e+00  0.000000e+00  0.000000e+00  1.414816e-02  1.729220e-02  1.473767e-02  0.000000e+00  0.000000e+00  0.000000e+00  0.000000e+00  1.041462e-02  1.414816e-02  1.729220e-02  1.473767e-02  1.336215e-02
1.101961e-02  0.000000e+00  0.000000e+00  0.000000e+00  0.000000e+00  1.611319e-02  1.611319e-02  1.002162e-02  0.000000e+00  0.000000e+00  0.000000e+00  0.000000e+00  8.253095e-03  1.611319e-02  1.611319e-02  1.179014e-02  1.080762e-02
1.170155e-02  0.000000e+00  0.000000e+00  0.000000e+00  0.000000e+00  1.375516e-02  1.768520e-02  0.000000e+00  0.000000e+00  0.000000e+00  0.000000e+00  0.000000e+00  8.842602e-03  1.375516e-02  1.768520e-02  1.316565e-02  9.825113e-03
1.242570e-02  0.000000e+00  0.000000e+00  0.000000e+00  0.000000e+00  1.237964e-02  1.513067e-02  0.000000e+00  0.000000e+00  0.000000e+00  0.000000e+00  0.000000e+00  1.120063e-02  1.237964e-02  1.513067e-02  9.432108e-03  1.041462e-02
1.319465e-02  0.000000e+00  0.000000e+00  0.000000e+00  7.074081e-03  2.043624e-02  1.886422e-02  0.000000e+00  0.000000e+00  0.000000e+00  0.000000e+00  0.000000e+00  8.842602e-03  2.043624e-02  1.886422e-02  1.021812e-02  8.842602e-03
1.401120e-02  0.000000e+00  0.000000e+00  0.000000e+00  8.842602e-03  1.473767e-02  1.827471e-02  0.000000e+00  0.000000e+00  0.000000e+00  0.000000e+00  0.000000e+00  8.842602e-03  1.473767e-02  1.827471e-02  9.039104e-03  8.449597e-03
1.487828e-02  0.000000e+00  0.000000e+00  0.000000e+00  8.449597e-03  1.709570e-02  1.847121e-02  0.000000e+00  0.000000e+00  0.000000e+00  0.000000e+00  0.000000e+00  8.449597e-03  1.709570e-02  1.847121e-02  8.646099e-03  6.681077e-03
1.579901e-02  0.000000e+00  0.000000e+00  0.000000e+00  1.061112e-02  1.572018e-02  1.729220e-02  0.000000e+00  0.000000e+00  0.000000e+00  0.000000e+00  0.000000e+00  1.061112e-02  1.572018e-02  1.729220e-02  1.120063e-02  6.091570e-03
1.677673e-02  0.000000e+00  0.000000e+00  0.000000e+00  1.120063e-02  1.375516e-02  1.296915e-02  0.000000e+00  0.000000e+00  0.000000e+00  0.000000e+00  0.000000e+00  1.120063e-02  1.375516e-02  1.296915e-02  8.449597e-03  6.091570e-03
1.781495e-02  0.000000e+00  0.000000e+00  0.000000e+00  8.056593e-03  1.847121e-02  1.709570e-02  0.000000e+00  0.000000e+00  0.000000e+00  0.000000e+00  0.000000e+00  8.056593e-03  1.847121e-02  1.709570e-02  6.484575e-03  7.860090e-03
1.891742e-02  0.000000e+00  0.000000e+00  0.000000e+00  1.021812e-02  1.670269e-02  1.552368e-02  0.000000e+00  0.000000e+00  0.000000e+00  0.000000e+00  0.000000e+00  1.021812e-02  1.670269e-02  1.552368e-02  6.877579e-03  4.912556e-03
2.008811e-02  0.000000e+00  0.000000e+00  0.000000e+00  1.257614e-02  1.336215e-02  1.513067e-02  0.000000e+00  0.000000e+00  0.000000e+00  0.000000e+00  0.000000e+00  1.257614e-02  1.336215e-02  1.513067e-02  6.681077e-03  5.109059e-03
2.133126e-02  0.000000e+00  0.000000e+00  0.000000e+00  1.434466e-02  1.316565e-02  1.355866e-02  0.000000e+00  0.000000e+00  0.000000e+00  0.000000e+00  0.000000e+00  1.434466e-02  1.316565e-02  1.355866e-02  5.305561e-03  5.502063e-03
2.265133e-02  0.000000e+00  0.000000e+00  0.000000e+00  1.159363e-02  1.729220e-02  1.355866e-02  0.000000e+00  0.000000e+00  0.000000e+00  0.000000e+00  0.000000e+00  1.159363e-02  1.729220e-02  1.355866e-02  5.109059e-03  5.502063e-03
2.405310e-02  0.000000e+00  0.000000e+00  0.000000e+00  1.139713e-02  1.945372e-02  1.532718e-02  0.000000e+00  0.000000e+00  0.000000e+00  0.000000e+00  5.305561e-03  1.139713e-02  1.945372e-02  1.532718e-02  3.930045e-03  3.930045e-03
2.554161e-02  0.000000e+00  0.000000e+00  0.000000e+00  1.120063e-02  1.866771e-02  1.041462e-02  0.000000e+00  0.000000e+00  0.000000e+00  0.000000e+00  7.663588e-03  1.120063e-02  1.866771e-02  1.041462e-02  5.502063e-03  2.161525e-03
2.712224e-02  0.000000e+00  0.000000e+00  0.000000e+00  1.257614e-02  1.630969e-02  1.218314e-02  0.000000e+00  0.000000e+00  0.000000e+00  0.000000e+00  8.646099e-03  1.257614e-02  1.630969e-02  1.218314e-02  4.716054e-03  2.947534e-03
2.880069e-02  0.000000e+00  0.000000e+00  0.000000e+00  1.414816e-02  1.611319e-02  3.930045e-04  0.000000e+00  0.000000e+00  0.000000e+00  0.000000e+00  1.002162e-02  1.414816e-02  1.611319e-02  1.159363e-02  2.554529e-03  2.358027e-03
3.058301e-02  0.000000e+00  0.000000e+00  0.000000e+00  1.041462e-02  1.513067e-02  0.000000e+00  0.000000e+00  0.000000e+00  0.000000e+00  0.000000e+00  1.120063e-02  1.041462e-02  1.513067e-02  1.100413e-02  3.537041e-03  2.161525e-03
3.247563e-02  0.000000e+00  0.000000e+00  0.000000e+00  1.729220e-02  1.414816e-02  0.000000e+00  0.000000e+00  0.000000e+00  0.000000e+00  0.000000e+00  6.681077e-03  1.729220e-02  1.414816e-02  9.235606e-03  4.519552e-03  1.572018e-03
3.448537e-02  0.000000e+00  0.000000e+00  0.000000e+00  1.630969e-02  1.709570e-02  0.000000e+00  0.000000e+00  0.000000e+00  0.000000e+00  0.000000e+00  9.825113e-03  1.630969e-02  1.709570e-02  9.628611e-03  1.965023e-03  2.358027e-03
3.661948e-02  0.000000e+00  0.000000e+00  0.000000e+00  1.729220e-02  1.650619e-02  0.000000e+00  0.000000e+00  0.000000e+00  0.000000e+00  0.000000e+00  1.139713e-02  1.729220e-02  1.650619e-02  8.842602e-03  1.768520e-03  0.000000e+00
3.888566e-02  0.000000e+00  0.000000e+00  0.000000e+00  1.395166e-02  1.277265e-02  0.000000e+00  0.000000e+00  0.000000e+00  0.000000e+00  0.000000e+00  1.237964e-02  1.395166e-02  1.277265e-02  7.467086e-03  1.965023e-03  0.000000e+00
4.129208e-02  0.000000e+00  0.000000e+00  0.000000e+00  1.572018e-02  1.454117e-02  0.000000e+00  0.000000e+00  0.000000e+00  0.000000e+00  0.000000e+00  9.825113e-03  1.572018e-02  1.454117e-02  8.842602e-03  2.161525e-03  0.000000e+00
4.384742e-02  0.000000e+00  0.000000e+00  0.000000e+00  1.277265e-02  1.650619e-02  0.000000e+00  0.000000e+00  0.000000e+00  0.000000e+00  0.000000e+00  1.237964e-02  1.277265e-02  1.650619e-02  7.074081e-03  0.000000e+00  0.000000e+00
4.656090e-02  0.000000e+00  0.000000e+00  0.000000e+00  1.847121e-02  1.375516e-02  0.000000e+00  0.000000e+00  0.000000e+00  0.000000e+00  2.358027e-03  1.061112e-02  1.847121e-02  1.375516e-02  6.288072e-03  0.000000e+00  0.000000e+00
4.944230e-02  0.000000e+00  0.000000e+00  0.000000e+00  1.630969e-02  1.277265e-02  0.000000e+00  0.000000e+00  0.000000e+00  0.000000e+00  8.449597e-03  1.513067e-02  1.630969e-02  1.277265e-02  7.270584e-03  0.000000e+00  0.000000e+00
5.250201e-02  0.000000e+00  0.000000e+00  1.021812e-02  1.414816e-02  1.375516e-02  0.000000e+00  0.000000e+00  0.000000e+00  0.000000e+00  7.467086e-03  1.414816e-02  1.414816e-02  1.375516e-02  5.109059e-03  0.000000e+00  0.000000e+00
5.575107e-02  0.000000e+00  0.000000e+00  1.237964e-02  1.591668e-02  1.316565e-02  0.000000e+00  0.000000e+00  0.000000e+00  0.000000e+00  7.270584e-03  1.237964e-02  1.591668e-02  1.316565e-02  4.323050e-03  0.000000e+00  0.000000e+00
5.920120e-02  0.000000e+00  0.000000e+00  1.120063e-02  1.886422e-02  2.554529e-03  0.000000e+00  0.000000e+00  0.000000e+00  0.000000e+00  9.432108e-03  1.120063e-02  1.886422e-02  1.198664e-02  4.126547e-03  0.000000e+00  0.000000e+00
6.286484e-02  0.000000e+00  0.000000e+00  1.198664e-02  1.709570e-02  0.000000e+00  0.000000e+00  0.000000e+00  0.000000e+00  0.000000e+00  1.080762e-02  1.198664e-02  1.709570e-02  1.139713e-02  4.323050e-03  0.000000e+00  0.000000e+00
6.675521e-02  0.000000e+00  0.000000e+00  1.572018e-02  1.807821e-02  0.000000e+00  0.000000e+00  0.000000e+00  0.000000e+00  0.000000e+00  1.179014e-02  1.572018e-02  1.807821e-02  1.002162e-02  4.912556e-03  0.000000e+00  0.000000e+00
7.088632e-02  0.000000e+00  0.000000e+00  1.493417e-02  1.906072e-02  0.000000e+00  0.000000e+00  0.000000e+00  0.000000e+00  0.000000e+00  1.375516e-02  1.493417e-02  1.906072e-02  9.235606e-03  2.947534e-03  0.000000e+00  0.000000e+00
7.527309e-02  0.000000e+00  0.000000e+00  1.611319e-02  1.984673e-02  0.000000e+00  0.000000e+00  0.000000e+00  0.000000e+00  0.000000e+00  1.355866e-02  1.611319e-02  1.984673e-02  7.467086e-03  3.144036e-03  0.000000e+00  0.000000e+00
7.993133e-02  0.000000e+00  0.000000e+00  1.532718e-02  1.925722e-02  0.000000e+00  0.000000e+00  0.000000e+00  0.000000e+00  0.000000e+00  1.277265e-02  1.532718e-02  1.925722e-02  1.002162e-02  3.930045e-03  0.000000e+00  0.000000e+00
8.487784e-02  0.000000e+00  0.000000e+00  1.591668e-02  2.082924e-02  0.000000e+00  0.000000e+00  0.000000e+00  0.000000e+00  0.000000e+00  1.198664e-02  1.591668e-02  2.082924e-02  7.467086e-03  2.161525e-03  0.000000e+00  0.000000e+00
9.013047e-02  0.000000e+00  0.000000e+00  1.729220e-02  1.591668e-02  0.000000e+00  0.000000e+00  0.000000e+00  0.000000e+00  0.000000e+00  1.277265e-02  1.729220e-02  1.591668e-02  7.860090e-03  1.572018e-03  0.000000e+00  0.000000e+00
9.570816e-02  0.000000e+00  1.965023e-03  2.082924e-02  2.023973e-02  0.000000e+00  0.000000e+00  0.000000e+00  0.000000e+00  0.000000e+00  1.454117e-02  2.082924e-02  2.023973e-02  6.877579e-03  2.751032e-03  0.000000e+00  0.000000e+00
1.016310e-01  0.000000e+00  1.552368e-02  1.847121e-02  1.965023e-02  0.000000e+00  0.000000e+00  0.000000e+00  0.000000e+00  0.000000e+00  1.552368e-02  1.847121e-02  1.965023e-02  4.912556e-03  2.947534e-03  0.000000e+00  0.000000e+00
1.079204e-01  0.000000e+00  1.807821e-02  2.141875e-02  1.788171e-02  0.000000e+00  0.000000e+00  0.000000e+00  0.000000e+00  0.000000e+00  1.807821e-02  2.141875e-02  1.788171e-02  5.502063e-03  3.144036e-03  0.000000e+00  0.000000e+00
1.145990e-01  0.000000e+00  1.611319e-02  2.004323e-02  1.689919e-02  0.000000e+00  0.000000e+00  0.000000e+00  0.000000e+00  0.000000e+00  1.611319e-02  2.004323e-02  1.689919e-02  4.126547e-03  2.751032e-03  0.000000e+00  0.000000e+00
1.216909e-01  0.000000e+00  1.886422e-02  2.338377e-02  1.670269e-02  0.000000e+00  0.000000e+00  0.000000e+00  0.000000e+00  0.000000e+00  1.886422e-02  2.338377e-02  1.670269e-02  4.126547e-03  0.000000e+00  0.000000e+00  0.000000e+00
1.292217e-01  0.000000e+00  1.945372e-02  2.770682e-02  1.788171e-02  0.000000e+00  0.000000e+00  0.000000e+00  0.000000e+00  0.000000e+00  1.945372e-02  2.770682e-02  1.788171e-02  4.519552e-03  0.000000e+00  0.000000e+00  0.000000e+00
1.372185e-01  0.000000e+00  2.004323e-02  2.554529e-02  1.729220e-02  0.000000e+00  0.000000e+00  0.000000e+00  0.000000e+00  2.751032e-03  2.004323e-02  2.554529e-02  1.729220e-02  3.733543e-03  0.000000e+00  0.000000e+00  0.000000e+00
1.457102e-01  0.000000e+00  2.299076e-02  2.633130e-02  1.866771e-02  0.000000e+00  0.000000e+00  0.000000e+00  0.000000e+00  1.061112e-02  2.299076e-02  2.633130e-02  1.866771e-02  2.947534e-03  0.000000e+00  0.000000e+00  0.000000e+00
1.547274e-01  0.000000e+00  2.161525e-02  2.456278e-02  1.827471e-02  0.000000e+00  0.000000e+00  0.000000e+00  0.000000e+00  9.628611e-03  2.161525e-02  2.456278e-02  1.827471e-02  3.930045e-03  0.000000e+00  0.000000e+00  0.000000e+00
1.643027e-01  0.000000e+00  2.554529e-02  2.318727e-02  1.611319e-02  0.000000e+00  0.000000e+00  0.000000e+00  0.000000e+00  1.277265e-02  2.554529e-02  2.318727e-02  1.611319e-02  3.930045e-03  0.000000e+00  0.000000e+00  0.000000e+00
1.744705e-01  0.000000e+00  2.318727e-02  2.652781e-02  2.004323e-02  0.000000e+00  0.000000e+00  0.000000e+00  0.000000e+00  1.257614e-02  2.318727e-02  2.652781e-02  2.004323e-02  3.340538e-03  0.000000e+00  0.000000e+00  0.000000e+00
1.852675e-01  0.000000e+00  2.888583e-02  2.652781e-02  1.021812e-02  0.000000e+00  0.000000e+00  0.000000e+00  0.000000e+00  1.414816e-02  2.888583e-02  2.652781e-02  1.473767e-02  2.358027e-03  0.000000e+00  0.000000e+00  0.000000e+00
1.967327e-01  0.000000e+00  2.633130e-02  2.181175e-02  0.000000e+00  0.000000e+00  0.000000e+00  0.000000e+00  0.000000e+00  1.630969e-02  2.633130e-02  2.181175e-02  1.473767e-02  3.144036e-03  0.000000e+00  0.000000e+00  0.000000e+00
2.089074e-01  0.000000e+00  2.751032e-02  2.436628e-02  0.000000e+00  0.000000e+00  0.000000e+00  0.000000e+00  0.000000e+00  1.434466e-02  2.751032e-02  2.436628e-02  1.513067e-02  1.179014e-03  0.000000e+00  0.000000e+00  0.000000e+00
2.218356e-01  0.000000e+00  2.181175e-02  2.436628e-02  0.000000e+00  0.000000e+00  0.000000e+00  0.000000e+00  0.000000e+00  2.240126e-02  2.181175e-02  2.436628e-02  1.080762e-02  2.161525e-03  0.000000e+00  0.000000e+00  0.000000e+00
2.355637e-01  1.375516e-03  3.242287e-02  1.847121e-02  0.000000e+00  0.000000e+00  0.000000e+00  0.000000e+00  0.000000e+00  2.082924e-02  3.242287e-02  1.847121e-02  1.198664e-02  1.768520e-03  0.000000e+00  0.000000e+00  0.000000e+00
2.501415e-01  2.397328e-02  2.574180e-02  2.436628e-02  0.000000e+00  0.000000e+00  0.000000e+00  0.000000e+00  0.000000e+00  2.397328e-02  2.574180e-02  2.436628e-02  9.432108e-03  2.947534e-03  0.000000e+00  0.000000e+00  0.000000e+00
2.656214e-01  2.181175e-02  2.692081e-02  2.181175e-02  0.000000e+00  0.000000e+00  0.000000e+00  0.000000e+00  0.000000e+00  2.181175e-02  2.692081e-02  2.181175e-02  9.628611e-03  5.895068e-04  0.000000e+00  0.000000e+00  0.000000e+00
2.820593e-01  2.947534e-02  2.338377e-02  2.043624e-02  0.000000e+00  0.000000e+00  0.000000e+00  0.000000e+00  0.000000e+00  2.947534e-02  2.338377e-02  2.043624e-02  1.061112e-02  0.000000e+00  0.000000e+00  0.000000e+00  0.000000e+00
2.995144e-01  2.751032e-02  2.888583e-02  2.122224e-02  0.000000e+00  0.000000e+00  0.000000e+00  0.000000e+00  0.000000e+00  2.751032e-02  2.888583e-02  2.122224e-02  7.270584e-03  0.000000e+00  0.000000e+00  0.000000e+00  0.000000e+00
3.180497e-01  2.751032e-02  2.908233e-02  2.338377e-02  0.000000e+00  0.000000e+00  0.000000e+00  0.000000e+00  0.000000e+00  2.751032e-02  2.908233e-02  2.338377e-02  7.860090e-03  0.000000e+00  0.000000e+00  0.000000e+00  0.000000e+00
3.377320e-01  2.947534e-02  2.181175e-02  2.240126e-02  0.000000e+00  0.000000e+00  0.000000e+00  0.000000e+00  0.000000e+00  2.947534e-02  2.181175e-02  2.240126e-02  5.502063e-03  0.000000e+00  0.000000e+00  0.000000e+00  0.000000e+00
3.586324e-01  2.475928e-02  2.534879e-02  2.102574e-02  0.000000e+00  0.000000e+00  0.000000e+00  0.000000e+00  0.000000e+00  2.475928e-02  2.534879e-02  2.102574e-02  5.698566e-03  0.000000e+00  0.000000e+00  0.000000e+00  0.000000e+00
3.808262e-01  2.279426e-02  2.613480e-02  1.041462e-02  0.000000e+00  0.000000e+00  0.000000e+00  0.000000e+00  0.000000e+00  2.279426e-02  2.613480e-02  2.023973e-02  7.074081e-03  0.000000e+00  0.000000e+00  0.000000e+00  0.000000e+00
4.043935e-01  2.377677e-02  2.770682e-02  0.000000e+00  0.000000e+00  0.000000e+00  0.000000e+00  0.000000e+00  0.000000e+00  2.377677e-02  2.770682e-02  2.023973e-02  4.912556e-03  0.000000e+00  0.000000e+00  0.000000e+00  0.000000e+00
4.294192e-01  2.927884e-02  2.279426e-02  0.000000e+00  0.000000e+00  0.000000e+00  0.000000e+00  0.000000e+00  0.000000e+00  2.927884e-02  2.279426e-02  1.788171e-02  4.323050e-03  0.000000e+00  0.000000e+00  0.000000e+00  0.000000e+00
4.559936e-01  2.652781e-02  2.515229e-02  0.000000e+00  0.000000e+00  0.000000e+00  0.000000e+00  0.000000e+00  0.000000e+00  2.652781e-02  2.515229e-02  1.493417e-02  2.358027e-03  0.000000e+00  0.000000e+00  0.000000e+00  0.000000e+00
4.842126e-01  2.358027e-02  2.711731e-02  0.000000e+00  0.000000e+00  0.000000e+00  0.000000e+00  0.000000e+00  0.000000e+00  2.358027e-02  2.711731e-02  1.414816e-02  3.144036e-03  0.000000e+00  0.000000e+00  0.000000e+00  0.000000e+00
5.141779e-01  2.751032e-02  2.358027e-02  0.000000e+00  0.000000e+00  0.000000e+00  0.000000e+00  0.000000e+00  0.000000e+00  2.751032e-02  2.358027e-02  1.395166e-02  0.000000e+00  0.000000e+00  0.000000e+00  0.000000e+00  0.000000e+00
5.459975e-01  2.397328e-02  5.698566e-03  0.000000e+00  0.000000e+00  0.000000e+00  0.000000e+00  0.000000e+00  0.000000e+00  2.397328e-02  2.240126e-02  1.296915e-02  0.000000e+00  0.000000e+00  0.000000e+00  0.000000e+00  0.000000e+00
5.797863e-01  2.829633e-02  0.000000e+00  0.000000e+00  0.000000e+00  0.000000e+00  0.000000e+00  0.000000e+00  0.000000e+00  2.829633e-02  2.102574e-02  8.056593e-03  0.000000e+00  0.000000e+00  0.000000e+00  0.000000e+00  0.000000e+00
6.156661e-01  2.868933e-02  0.000000e+00  0.000000e+00  0.000000e+00  0.000000e+00  0.000000e+00  0.000000e+00  0.000000e+00  2.868933e-02  2.279426e-02  9.432108e-03  0.000000e+00  0.000000e+00  0.000000e+00  0.000000e+00  0.000000e+00
6.537664e-01  2.868933e-02  0.000000e+00  0.000000e+00  0.000000e+00  0.000000e+00  0.000000e+00  0.000000e+00  0.000000e+00  2.868933e-02  1.572018e-02  5.698566e-03  0.000000e+00  0.000000e+00  0.000000e+00  0.000000e+00  0.000000e+00
6.942244e-01  3.085085e-02  0.000000e+00  0.000000e+00  0.000000e+00  0.000000e+00  0.000000e+00  0.000000e+00  0.000000e+00  3.085085e-02  1.513067e-02  5.109059e-03  0.000000e+00  0.000000e+00  0.000000e+00  0.000000e+00  0.000000e+00
7.371862e-01  3.340538e-02  0.000000e+00  0.000000e+00  0.000000e+00  0.000000e+00  0.000000e+00  0.000000e+00  0.000000e+00  3.340538e-02  1.277265e-02  2.751032e-03  0.000000e+00  0.000000e+00  0.000000e+00  0.000000e+00  0.000000e+00
7.828066e-01  3.202987e-02  0.000000e+00  0.000000e+00  0.000000e+00  0.000000e+00  0.000000e+00  0.000000e+00  0.000000e+00  3.202987e-02  1.061112e-02  0.000000e+00  0.000000e+00  0.000000e+00  0.000000e+00  0.000000e+00  0.000000e+00
8.312502e-01  3.340538e-02  0.000000e+00  0.000000e+00  0.000000e+00  0.000000e+00  0.000000e+00  0.000000e+00  0.000000e+00  3.340538e-02  1.061112e-02  0.000000e+00  0.000000e+00  0.000000e+00  0.000000e+00  0.000000e+00  0.000000e+00
8.826918e-01  3.320888e-02  0.000000e+00  0.000000e+00  0.000000e+00  0.000000e+00  0.000000e+00  0.000000e+00  0.000000e+00  3.320888e-02  6.288072e-03  0.000000e+00  0.000000e+00  0.000000e+00  0.000000e+00  0.000000e+00  0.000000e+00
9.373167e-01  3.202987e-02  0.000000e+00  0.000000e+00  0.000000e+00  0.000000e+00  0.000000e+00  0.000000e+00  0.000000e+00  3.202987e-02  3.340538e-03  0.000000e+00  0.000000e+00  0.000000e+00  0.000000e+00  0.000000e+00  0.000000e+00
9.953222e-01  3.261938e-02  0.000000e+00  0.000000e+00  0.000000e+00  0.000000e+00  0.000000e+00  0.000000e+00  0.000000e+00  3.261938e-02  0.000000e+00  0.000000e+00  0.000000e+00  0.000000e+00  0.000000e+00  0.000000e+00  0.000000e+00
1.056917e+00  3.144036e-03  0.000000e+00  0.000000e+00  0.000000e+00  0.000000e+00  0.000000e+00  0.000000e+00  0.000000e+00  2.986834e-02  0.000000e+00  0.000000e+00  0.000000e+00  0.000000e+00  0.000000e+00  0.000000e+00  0.000000e+00
1.122324e+00  0.000000e+00  0.000000e+00  0.000000e+00  0.000000e+00  0.000000e+00  0.000000e+00  0.000000e+00  0.000000e+00  2.829633e-02  0.000000e+00  0.000000e+00  0.000000e+00  0.000000e+00  0.000000e+00  0.000000e+00  0.000000e+00
1.191779e+00  0.000000e+00  0.000000e+00  0.000000e+00  0.000000e+00  0.000000e+00  0.000000e+00  0.000000e+00  0.000000e+00  1.886422e-02  0.000000e+00  0.000000e+00  0.000000e+00  0.000000e+00  0.000000e+00  0.000000e+00  0.000000e+00
1.265531e+00  0.000000e+00  0.000000e+00  0.000000e+00  0.000000e+00  0.000000e+00  0.000000e+00  0.000000e+00  0.000000e+00  1.768520e-02  0.000000e+00  0.000000e+00  0.000000e+00  0.000000e+00  0.000000e+00  0.000000e+00  0.000000e+00
1.343848e+00  0.000000e+00  0.000000e+00  0.000000e+00  0.000000e+00  0.000000e+00  0.000000e+00  0.000000e+00  0.000000e+00  1.454117e-02  0.000000e+00  0.000000e+00  0.000000e+00  0.000000e+00  0.000000e+00  0.000000e+00  0.000000e+00
1.427012e+00  0.000000e+00  0.000000e+00  0.000000e+00  0.000000e+00  0.000000e+00  0.000000e+00  0.000000e+00  0.000000e+00  7.860090e-03  0.000000e+00  0.000000e+00  0.000000e+00  0.000000e+00  0.000000e+00  0.000000e+00  0.000000e+00
1.515321e+00  0.000000e+00  0.000000e+00  0.000000e+00  0.000000e+00  0.000000e+00  0.000000e+00  0.000000e+00  0.000000e+00  8.646099e-03  0.000000e+00  0.000000e+00  0.000000e+00  0.000000e+00  0.000000e+00  0.000000e+00  0.000000e+00
1.609096e+00  0.000000e+00  0.000000e+00  0.000000e+00  0.000000e+00  0.000000e+00  0.000000e+00  0.000000e+00  0.000000e+00  7.467086e-03  0.000000e+00  0.000000e+00  0.000000e+00  0.000000e+00  0.000000e+00  0.000000e+00  0.000000e+00
1.708675e+00  0.000000e+00  0.000000e+00  0.000000e+00  0.000000e+00  0.000000e+00  0.000000e+00  0.000000e+00  0.000000e+00  4.912556e-03  0.000000e+00  0.000000e+00  0.000000e+00  0.000000e+00  0.000000e+00  0.000000e+00  0.000000e+00
