1.964068e-03  0.000000e+00  0.000000e+00  0.000000e+00  0.000000e+00  0.000000e+00  0.000000e+00  0.000000e+00  0.000000e+00  0.000000e+00  0.000000e+00  0.000000e+00  0.000000e+00  0.000000e+00  0.000000e+00  0.000000e+00  6.500000e-03
2.185292e-03  0.000000e+00  0.000000e+00  0.000000e+00  0.000000e+00  0.000000e+00  0.000000e+00  0.000000e+00  0.000000e+00  0.000000e+00  0.000000e+00  0.000000e+00  0.000000e+00  0.000000e+00  0.000000e+00  0.000000e+00  6.500000e-03
2.431434e-03  0.000000e+00  0.000000e+00  0.000000e+00  0.000000e+00  0.000000e+00  0.000000e+00  0.000000e+00  0.000000e+00  0.000000e+00  0.000000e+00  0.000000e+00  0.000000e+00  0.000000e+00  0.000000e+00  0.000000e+00  7.600000e-03
2.705301e-03  0.000000e+00  0.000000e+00  0.000000e+00  0.000000e+00  0.000000e+00  0.000000e+00  0.000000e+00  0.000000e+00  0.000000e+00  0.000000e+00  0.000000e+00  0.000000e+00  0.000000e+00  0.000000e+00  0.000000e+00  7.700000e-03
3.010015e-03  0.000000e+00  0.000000e+00  0.000000e+00  0.000000e+00  0.000000e+00  0.000000e+00  0.000000e+00  0.000000e+00  0.000000e+00  0.000000e+00  0.000000e+00  0.000000e+00  0.000000e+00  0.000000e+00  0.000000e+00  9.300000e-03
3.349050e-03  0.000000e+00  0.000000e+00  0.000000e+00  0.000000e+00  0.000000e+00  0.000000e+00  0.000000e+00  0.000000e+00  0.000000e+00  0.000000e+00  0.000000e+00  0.000000e+00  0.000000e+00  0.000000e+00  0.000000e+00  9.400000e-03
3.726273e-03  0.000000e+00  0.000000e+00  0.000000e+00  0.000000e+00  0.000000e+00  0.000000e+00  0.000000e+00  0.000000e+00  0.000000e+00  0.000000e+00  0.000000e+00  0.000000e+00  0.000000e+00  0.000000e+00  0.000000e+00  9.900000e-03
4.145985e-03  0.000000e+00  0.000000e+00  0.000000e+00  0.000000e+00  0.000000e+00  0.000000e+00  0.000000e+00  0.000000e+00  0.000000e+00  0.000000e+00  0.000000e+00  0.000000e+00  0.000000e+00  0.000000e+00  0.000000e+00  1.000000e-02
4.612971e-03  0.000000e+00  0.000000e+00  0.000000e+00  0.000000e+00  0.000000e+00  0.000000e+00  0.000000e+00  0.000000e+00  0.000000e+00  0.000000e+00  0.000000e+00  0.000000e+00  0.000000e+00  0.000000e+00  0.000000e+00  1.070000e-02
5.132557e-03  0.000000e+00  0.000000e+00  0.000000e+00  0.000000e+00  0.000000e+00  0.000000e+00  0.000000e+00  0.000000e+00  0.000000e+00  0.000000e+00  0.000000e+00  0.000000e+00  0.000000e+00  0.000000e+00  0.000000e+00  9.800000e-03
5.710666e-03  0.000000e+00  0.000000e+00  0.000000e+00  0.000000e+00  0.000000e+00  0.000000e+00  0.000000e+00  0.000000e+00  0.000000e+00  0.000000e+00  0.000000e+00  0.000000e+00  0.000000e+00  0.000000e+00  0.000000e+00  1.080000e-02
6.353892e-03  0.000000e+00  0.000000e+00  0.000000e+00  0.000000e+00  0.000000e+00  0.000000e+00  0.000000e+00  0.000000e+00  0.000000e+00  0.000000e+00  0.000000e+00  0.000000e+00  0.000000e+00  0.000000e+00  0.000000e+00  1.320000e-02
7.069567e-03  0.000000e+00  0.000000e+00  0.000000e+00  0.000000e+00  0.000000e+00  0.000000e+00  0.000000e+00  0.000000e+00  0.000000e+00  0.000000e+00  0.000000e+00  0.000000e+00  0.000000e+00  0.000000e+00  0.000000e+00  1.240000e-02
7.865854e-03  0.000000e+00  0.000000e+00  0.000000e+00  0.000000e+00  0.000000e+00  0.000000e+00  0.000000e+00  1.800000e-03  0.000000e+00  0.000000e+00  0.000000e+00  0.000000e+00  0.000000e+00  0.000000e+00  0.000000e+00  1.300000e-02
8.751830e-03  0.000000e+00  0.000000e+00  0.000000e+00  0.000000e+00  0.000000e+00  0.000000e+00  0.000000e+00  1.490000e-02  0.000000e+00  0.000000e+00  0.000000e+00  0.000000e+00  0.000000e+00  0.000000e+00  0.000000e+00  1.490000e-02
9.737600e-03  0.000000e+00  0.000000e+00  0.000000e+00  0.000000e+00  0.000000e+00  0.000000e+00  0.000000e+00  1.510000e-02  0.000000e+00  0.000000e+00  0.000000e+00  0.000000e+00  0.000000e+00  0.000000e+00  0.000000e+00  1.510000e-02
1.083440e-02  0.000000e+00  0.000000e+00  0.000000e+00  0.000000e+00  0.000000e+00  0.000000e+00  0.000000e+00  1.330000e-02  0.000000e+00  0.000000e+00  0.000000e+00  0.000000e+00  0.000000e+00  0.000000e+00  0.000000e+00  1.330000e-02
1.205474e-02  0.000000e+00  0.000000e+00  0.000000e+00  0.000000e+00  0.000000e+00  0.000000e+00  0.000000e+00  1.450000e-02  0.000000e+00  0.000000e+00  0.000000e+00  0.000000e+00  0.000000e+00  0.000000e+00  0.000000e+00  1.450000e-02
1.341254e-02  0.000000e+00  0.000000e+00  0.000000e+00  0.000000e+00  0.000000e+00  0.000000e+00  0.000000e+00  1.460000e-02  0.000000e+00  0.000000e+00  0.000000e+00  0.000000e+00  0.000000e+00  0.000000e+00  0.000000e+00  1.460000e-02
1.492327e-02  0.000000e+00  0.000000e+00  0.000000e+00  0.000000e+00  0.000000e+00  0.000000e+00  0.000000e+00  1.340000e-02  0.000000e+00  0.000000e+00  0.000000e+00  0.000000e+00  0.000000e+00  0.000000e+00  0.000000e+00  1.340000e-02
1.660417e-02  0.000000e+00  0.000000e+00  0.000000e+00  0.000000e+00  0.000000e+00  0.000000e+00  0.000000e+00  1.590000e-02  0.000000e+00  0.000000e+00  0.000000e+00  0.000000e+00  0.000000e+00  0.000000e+00  0.000000e+00  1.590000e-02
1.847439e-02  0.000000e+00  0.000000e+00  0.000000e+00  0.000000e+00  0.000000e+00  0.000000e+00  0.000000e+00  1.670000e-02  0.000000e+00  0.000000e+00  0.000000e+00  0.000000e+00  0.000000e+00  0.000000e+00  0.000000e+00  1.670000e-02
2.055527e-02  0.000000e+00  0.000000e+00  0.000000e+00  0.000000e+00  0.000000e+00  0.000000e+00  0.000000e+00  1.430000e-02  0.000000e+00  0.000000e+00  0.000000e+00  0.000000e+00  0.000000e+00  0.000000e+00  0.000000e+00  1.430000e-02
2.287052e-02  0.000000e+00  0.000000e+00  0.000000e+00  0.000000e+00  0.000000e+00  0.000000e+00  0.000000e+00  1.520000e-02  0.000000e+00  0.000000e+00  0.000000e+00  0.000000e+00  0.000000e+00  0.000000e+00  0.000000e+00  1.520000e-02
2.544656e-02  0.000000e+00  0.000000e+00  0.000000e+00  0.000000e+00  0.000000e+00  0.000000e+00  0.000000e+00  1.540000e-02  0.000000e+00  0.000000e+00  0.000000e+00  0.000000e+00  0.000000e+00  0.000000e+00  0.000000e+00  1.540000e-02
2.831276e-02  0.000000e+00  0.000000e+00  0.000000e+00  0.000000e+00  0.000000e+00  0.000000e+00  0.000000e+00  1.470000e-02  0.000000e+00  0.000000e+00  0.000000e+00  0.000000e+00  0.000000e+00  0.000000e+00  0.000000e+00  1.470000e-02
3.150179e-02  0.000000e+00  0.000000e+00  0.000000e+00  0.000000e+00  0.000000e+00  0.000000e+00  0.000000e+00  1.570000e-02  0.000000e+00  0.000000e+00  0.000000e+00  0.000000e+00  0.000000e+00  0.000000e+00  0.000000e+00  1.570000e-02
3.505002e-02  0.000000e+00  0.000000e+00  0.000000e+00  0.000000e+00  0.000000e+00  0.000000e+00  0.000000e+00  1.750000e-02  0.000000e+00  0.000000e+00  0.000000e+00  0.000000e+00  0.000000e+00  0.000000e+00  0.000000e+00  1.750000e-02
3.899790e-02  0.000000e+00  0.000000e+00  0.000000e+00  0.000000e+00  0.000000e+00  0.000000e+00  0.000000e+00  1.410000e-02  0.000000e+00  0.000000e+00  0.000000e+00  0.000000e+00  0.000000e+00  0.000000e+00  0.000000e+00  1.410000e-02
4.339046e-02  0.000000e+00  0.000000e+00  0.000000e+00  0.000000e+00  0.000000e+00  0.000000e+00  0.000000e+00  1.680000e-02  0.000000e+00  0.000000e+00  0.000000e+00  0.000000e+00  0.000000e+00  0.000000e+00  0.000000e+00  1.680000e-02
4.827778e-02  0.000000e+00  0.000000e+00  0.000000e+00  0.000000e+00  0.000000e+00  0.000000e+00  0.000000e+00  1.540000e-02  0.000000e+00  0.000000e+00  0.000000e+00  0.000000e+00  0.000000e+00  0.000000e+00  0.000000e+00  1.540000e-02
5.371559e-02  0.000000e+00  0.000000e+00  0.000000e+00  0.000000e+00  0.000000e+00  0.000000e+00  0.000000e+00  1.710000e-02  0.000000e+00  0.000000e+00  0.000000e+00  0.000000e+00  0.000000e+00  0.000000e+00  0.000000e+00  1.710000e-02
5.976589e-02  0.000000e+00  0.000000e+00  0.000000e+00  0.000000e+00  0.000000e+00  0.000000e+00  0.000000e+00  1.640000e-02  0.000000e+00  0.000000e+00  0.000000e+00  0.000000e+00  0.000000e+00  0.000000e+00  0.000000e+00  1.640000e-02
6.649766e-02  0.000000e+00  0.000000e+00  0.000000e+00  0.000000e+00  0.000000e+00  0.000000e+00  0.000000e+00  1.800000e-02  0.000000e+00  0.000000e+00  0.000000e+00  0.000000e+00  0.000000e+00  0.000000e+00  0.000000e+00  1.800000e-02
7.398768e-02  0.000000e+00  0.000000e+00  0.000000e+00  0.000000e+00  0.000000e+00  0.000000e+00  0.000000e+00  1.730000e-02  0.000000e+00  0.000000e+00  0.000000e+00  0.000000e+00  0.000000e+00  0.000000e+00  0.000000e+00  1.730000e-02
8.232134e-02  0.000000e+00  0.000000e+00  0.000000e+00  0.000000e+00  0.000000e+00  0.000000e+00  0.000000e+00  1.720000e-02  0.000000e+00  0.000000e+00  0.000000e+00  0.000000e+00  0.000000e+00  0.000000e+00  0.000000e+00  1.720000e-02
9.159367e-02  0.000000e+00  0.000000e+00  0.000000e+00  0.000000e+00  0.000000e+00  0.000000e+00  0.000000e+00  1.530000e-02  0.000000e+00  0.000000e+00  0.000000e+00  0.000000e+00  0.000000e+00  0.000000e+00  0.000000e+00  1.530000e-02
1.019104e-01  0.000000e+00  0.000000e+00  0.000000e+00  0.000000e+00  0.000000e+00  0.000000e+00  0.000000e+00  1.640000e-02  0.000000e+00  0.000000e+00  0.000000e+00  0.000000e+00  0.000000e+00  0.000000e+00  0.000000e+00  1.640000e-02
1.133892e-01  0.000000e+00  0.000000e+00  0.000000e+00  0.000000e+00  0.000000e+00  0.000000e+00  0.000000e+00  1.480000e-02  0.000000e+00  0.000000e+00  0.000000e+00  0.000000e+00  0.000000e+00  0.000000e+00  0.000000e+00  1.480000e-02
1.261608e-01  0.000000e+00  0.000000e+00  0.000000e+00  0.000000e+00  0.000000e+00  0.000000e+00  0.000000e+00  1.740000e-02  0.000000e+00  0.000000e+00  0.000000e+00  0.000000e+00  0.000000e+00  0.000000e+00  0.000000e+00  1.740000e-02
1.403711e-01  0.000000e+00  0.000000e+00  0.000000e+00  0.000000e+00  0.000000e+00  0.000000e+00  0.000000e+00  1.550000e-02  0.000000e+00  0.000000e+00  0.000000e+00  0.000000e+00  0.000000e+00  0.000000e+00  0.000000e+00  1.550000e-02
1.561819e-01  0.000000e+00  0.000000e+00  0.000000e+00  0.000000e+00  0.000000e+00  0.000000e+00  0.000000e+00  1.930000e-02  0.000000e+00  0.000000e+00  0.000000e+00  0.000000e+00  0.000000e+00  0.000000e+00  0.000000e+00  1.930000e-02
1.737735e-01  0.000000e+00  0.000000e+00  0.000000e+00  0.000000e+00  0.000000e+00  0.000000e+00  0.000000e+00  1.560000e-02  0.000000e+00  0.000000e+00  0.000000e+00  0.000000e+00  0.000000e+00  0.000000e+00  0.000000e+00  1.560000e-02
1.933466e-01  0.000000e+00  0.000000e+00  0.000000e+00  0.000000e+00  0.000000e+00  0.000000e+00  0.000000e+00  1.620000e-02  0.000000e+00  0.000000e+00  0.000000e+00  0.000000e+00  0.000000e+00  0.000000e+00  0.000000e+00  1.620000e-02
2.151244e-01  0.000000e+00  0.000000e+00  0.000000e+00  0.000000e+00  0.000000e+00  0.000000e+00  0.000000e+00  1.450000e-02  0.000000e+00  0.000000e+00  0.000000e+00  0.000000e+00  0.000000e+00  0.000000e+00  0.000000e+00  1.450000e-02
2.393551e-01  0.000000e+00  0.000000e+00  0.000000e+00  0.000000e+00  0.000000e+00  0.000000e+00  0.000000e+00  1.650000e-02  0.000000e+00  0.000000e+00  0.000000e+00  0.000000e+00  0.000000e+00  0.000000e+00  0.000000e+00  1.650000e-02
2.663151e-01  0.000000e+00  0.000000e+00  0.000000e+00  0.000000e+00  0.000000e+00  0.000000e+00  0.000000e+00  1.470000e-02  0.000000e+00  0.000000e+00  0.000000e+00  0.000000e+00  0.000000e+00  0.000000e+00  0.000000e+00  1.470000e-02
2.963117e-01  0.000000e+00  0.000000e+00  0.000000e+00  0.000000e+00  0.000000e+00  0.000000e+00  0.000000e+00  1.530000e-02  0.000000e+00  0.000000e+00  0.000000e+00  0.000000e+00  0.000000e+00  0.000000e+00  0.000000e+00  1.530000e-02
3.296870e-01  0.000000e+00  0.000000e+00  0.000000e+00  0.000000e+00  0.000000e+00  0.000000e+00  0.000000e+00  1.560000e-02  0.000000e+00  0.000000e+00  0.000000e+00  0.000000e+00  0.000000e+00  0.000000e+00  0.000000e+00  1.560000e-02
3.668215e-01  0.000000e+00  0.000000e+00  0.000000e+00  0.000000e+00  0.000000e+00  0.000000e+00  0.000000e+00  1.360000e-02  0.000000e+00  0.000000e+00  0.000000e+00  0.000000e+00  0.000000e+00  0.000000e+00  0.000000e+00  1.360000e-02
4.081388e-01  0.000000e+00  0.000000e+00  0.000000e+00  0.000000e+00  0.000000e+00  0.000000e+00  0.000000e+00  1.400000e-02  0.000000e+00  0.000000e+00  0.000000e+00  0.000000e+00  0.000000e+00  0.000000e+00  0.000000e+00  1.400000e-02
4.541098e-01  0.000000e+00  0.000000e+00  0.000000e+00  0.000000e+00  0.000000e+00  0.000000e+00  0.000000e+00  1.200000e-02  0.000000e+00  0.000000e+00  0.000000e+00  0.000000e+00  0.000000e+00  0.000000e+00  3.200000e-03  1.200000e-02
5.052588e-01  0.000000e+00  0.000000e+00  0.000000e+00  0.000000e+00  0.000000e+00  0.000000e+00  0.000000e+00  1.210000e-02  0.000000e+00  0.000000e+00  0.000000e+00  0.000000e+00  0.000000e+00  0.000000e+00  9.600000e-03  1.210000e-02
5.621690e-01  0.000000e+00  0.000000e+00  0.000000e+00  0.000000e+00  0.000000e+00  0.000000e+00  0.000000e+00  1.250000e-02  0.000000e+00  0.000000e+00  0.000000e+00  0.000000e+00  0.000000e+00  0.000000e+00  1.050000e-02  1.250000e-02
6.254894e-01  0.000000e+00  0.000000e+00  0.000000e+00  0.000000e+00  0.000000e+00  0.000000e+00  0.000000e+00  1.110000e-02  0.000000e+00  0.000000e+00  0.000000e+00  0.000000e+00  0.000000e+00  0.000000e+00  1.300000e-02  1.110000e-02
6.959419e-01  0.000000e+00  0.000000e+00  0.000000e+00  0.000000e+00  0.000000e+00  0.000000e+00  0.000000e+00  1.250000e-02  0.000000e+00  0.000000e+00  0.000000e+00  0.000000e+00  0.000000e+00  0.000000e+00  1.310000e-02  1.250000e-02
7.743298e-01  0.000000e+00  0.000000e+00  0.000000e+00  0.000000e+00  0.000000e+00  0.000000e+00  0.000000e+00  1.050000e-02  0.000000e+00  0.000000e+00  0.000000e+00  0.000000e+00  0.000000e+00  0.000000e+00  1.390000e-02  1.050000e-02
8.615471e-01  0.000000e+00  0.000000e+00  0.000000e+00  0.000000e+00  0.000000e+00  0.000000e+00  0.000000e+00  1.190000e-02  0.000000e+00  0.000000e+00  0.000000e+00  0.000000e+00  0.000000e+00  0.000000e+00  1.390000e-02  1.190000e-02
9.585881e-01  0.000000e+00  0.000000e+00  0.000000e+00  0.000000e+00  0.000000e+00  0.000000e+00  0.000000e+00  1.180000e-02  0.000000e+00  0.000000e+00  0.000000e+00  0.000000e+00  0.000000e+00  0.000000e+00  1.600000e-02  1.180000e-02
1.066559e+00  0.000000e+00  0.000000e+00  0.000000e+00  0.000000e+00  0.000000e+00  0.000000e+00  0.000000e+00  5.600000e-03  0.000000e+00  0.000000e+00  0.000000e+00  0.000000e+00  0.000000e+00  0.000000e+00  1.390000e-02  9.300000e-03
1.186692e+00  0.000000e+00  0.000000e+00  0.000000e+00  0.000000e+00  0.000000e+00  0.000000e+00  0.000000e+00  0.000000e+00  0.000000e+00  0.000000e+00  0.000000e+00  0.000000e+00  0.000000e+00  0.000000e+00  1.610000e-02  9.100000e-03
1.320356e+00  0.000000e+00  0.000000e+00  0.000000e+00  0.000000e+00  0.000000e+00  0.000000e+00  2.800000e-03  0.000000e+00  0.000000e+00  0.000000e+00  0.000000e+00  0.000000e+00  0.000000e+00  2.200000e-03  1.460000e-02  1.150000e-02
1.469076e+00  0.000000e+00  0.000000e+00  0.000000e+00  0.000000e+00  0.000000e+00  0.000000e+00  1.850000e-02  0.000000e+00  0.000000e+00  0.000000e+00  0.000000e+00  0.000000e+00  0.000000e+00  7.900000e-03  1.850000e-02  1.050000e-02
1.634546e+00  0.000000e+00  0.000000e+00  0.000000e+00  0.000000e+00  0.000000e+00  0.000000e+00  1.510000e-02  0.000000e+00  0.000000e+00  0.000000e+00  0.000000e+00  0.000000e+00  0.000000e+00  8.900000e-03  1.510000e-02  1.060000e-02
1.818655e+00  0.000000e+00  0.000000e+00  0.000000e+00  0.000000e+00  0.000000e+00  0.000000e+00  1.690000e-02  0.000000e+00  0.000000e+00  0.000000e+00  0.000000e+00  0.000000e+00  0.000000e+00  1.130000e-02  1.690000e-02  1.010000e-02
2.023500e+00  0.000000e+00  0.000000e+00  0.000000e+00  0.000000e+00  0.000000e+00  0.000000e+00  1.740000e-02  0.000000e+00  0.000000e+00  0.000000e+00  0.000000e+00  0.000000e+00  0.000000e+00  1.130000e-02  1.740000e-02  1.040000e-02
2.251419e+00  0.000000e+00  0.000000e+00  0.000000e+00  0.000000e+00  0.000000e+00  0.000000e+00  1.680000e-02  0.000000e+00  0.000000e+00  0.000000e+00  0.000000e+00  0.000000e+00  1.800000e-03  1.130000e-02  1.680000e-02  8.800000e-03
2.505009e+00  0.000000e+00  0.000000e+00  0.000000e+00  0.000000e+00  0.000000e+00  0.000000e+00  1.760000e-02  0.000000e+00  0.000000e+00  0.000000e+00  0.000000e+00  0.000000e+00  8.500000e-03  1.250000e-02  1.760000e-02  8.000000e-03
2.787163e+00  0.000000e+00  0.000000e+00  0.000000e+00  0.000000e+00  0.000000e+00  0.000000e+00  1.710000e-02  0.000000e+00  0.000000e+00  0.000000e+00  0.000000e+00  0.000000e+00  1.000000e-02  1.350000e-02  1.710000e-02  8.900000e-03
3.101097e+00  0.000000e+00  0.000000e+00  0.000000e+00  0.000000e+00  0.000000e+00  0.000000e+00  1.610000e-02  0.000000e+00  0.000000e+00  0.000000e+00  0.000000e+00  0.000000e+00  1.070000e-02  1.530000e-02  1.610000e-02  8.800000e-03
3.450391e+00  0.000000e+00  0.000000e+00  0.000000e+00  0.000000e+00  0.000000e+00  0.000000e+00  1.810000e-02  0.000000e+00  0.000000e+00  0.000000e+00  0.000000e+00  0.000000e+00  1.230000e-02  1.340000e-02  1.810000e-02  7.100000e-03
3.839029e+00  0.000000e+00  0.000000e+00  0.000000e+00  0.000000e+00  0.000000e+00  0.000000e+00  1.580000e-02  0.000000e+00  0.000000e+00  0.000000e+00  0.000000e+00  0.000000e+00  1.170000e-02  1.590000e-02  1.580000e-02  5.700000e-03
4.271441e+00  0.000000e+00  0.000000e+00  0.000000e+00  0.000000e+00  0.000000e+00  5.900000e-03  1.360000e-02  0.000000e+00  0.000000e+00  0.000000e+00  0.000000e+00  0.000000e+00  1.140000e-02  1.740000e-02  1.360000e-02  5.600000e-03
4.752558e+00  0.000000e+00  0.000000e+00  0.000000e+00  0.000000e+00  0.000000e+00  1.900000e-02  1.600000e-02  0.000000e+00  0.000000e+00  0.000000e+00  0.000000e+00  0.000000e+00  1.320000e-02  1.900000e-02  1.600000e-02  6.700000e-03
5.287866e+00  0.000000e+00  0.000000e+00  0.000000e+00  0.000000e+00  0.000000e+00  1.610000e-02  1.440000e-02  0.000000e+00  0.000000e+00  0.000000e+00  0.000000e+00  8.700000e-03  1.420000e-02  1.610000e-02  1.440000e-02  5.600000e-03
5.883469e+00  0.000000e+00  0.000000e+00  0.000000e+00  0.000000e+00  0.000000e+00  1.690000e-02  1.720000e-02  0.000000e+00  0.000000e+00  0.000000e+00  0.000000e+00  9.600000e-03  1.630000e-02  1.690000e-02  1.720000e-02  3.900000e-03
6.546159e+00  0.000000e+00  0.000000e+00  0.000000e+00  0.000000e+00  0.000000e+00  1.740000e-02  1.610000e-02  0.000000e+00  0.000000e+00  0.000000e+00  0.000000e+00  9.900000e-03  1.680000e-02  1.740000e-02  1.610000e-02  0.000000e+00
7.283490e+00  0.000000e+00  0.000000e+00  0.000000e+00  0.000000e+00  8.000000e-03  1.660000e-02  1.410000e-02  0.000000e+00  0.000000e+00  0.000000e+00  0.000000e+00  1.200000e-02  1.610000e-02  1.660000e-02  1.410000e-02  0.000000e+00
8.103872e+00  0.000000e+00  0.000000e+00  0.000000e+00  0.000000e+00  1.560000e-02  1.550000e-02  1.510000e-02  0.000000e+00  0.000000e+00  0.000000e+00  0.000000e+00  1.060000e-02  1.560000e-02  1.550000e-02  1.510000e-02  0.000000e+00
9.016658e+00  0.000000e+00  0.000000e+00  0.000000e+00  0.000000e+00  1.690000e-02  1.660000e-02  1.460000e-02  0.000000e+00  0.000000e+00  0.000000e+00  0.000000e+00  1.500000e-02  1.690000e-02  1.660000e-02  1.460000e-02  0.000000e+00
1.003226e+01  0.000000e+00  0.000000e+00  0.000000e+00  0.000000e+00  1.640000e-02  1.500000e-02  1.540000e-02  0.000000e+00  0.000000e+00  0.000000e+00  0.000000e+00  1.250000e-02  1.640000e-02  1.500000e-02  1.540000e-02  0.000000e+00
1.116225e+01  0.000000e+00  0.000000e+00  0.000000e+00  0.000000e+00  1.770000e-02  1.690000e-02  1.400000e-02  0.000000e+00  0.000000e+00  0.000000e+00  0.000000e+00  1.250000e-02  1.770000e-02  1.690000e-02  1.400000e-02  0.000000e+00
1.241952e+01  0.000000e+00  0.000000e+00  0.000000e+00  0.000000e+00  1.610000e-02  1.230000e-02  1.380000e-02  0.000000e+00  0.000000e+00  0.000000e+00  0.000000e+00  1.430000e-02  1.610000e-02  1.230000e-02  1.380000e-02  0.000000e+00
1.381840e+01  0.000000e+00  0.000000e+00  0.000000e+00  0.000000e+00  1.650000e-02  1.390000e-02  1.580000e-02  0.000000e+00  0.000000e+00  0.000000e+00  0.000000e+00  1.540000e-02  1.650000e-02  1.390000e-02  1.580000e-02  0.000000e+00
1.537484e+01  0.000000e+00  0.000000e+00  0.000000e+00  1.000000e-03  1.490000e-02  1.610000e-02  1.620000e-02  0.000000e+00  0.000000e+00  0.000000e+00  0.000000e+00  1.550000e-02  1.490000e-02  1.610000e-02  1.620000e-02  0.000000e+00
1.710660e+01  0.000000e+00  0.000000e+00  0.000000e+00  1.520000e-02  1.560000e-02  1.600000e-02  1.550000e-02  0.000000e+00  0.000000e+00  0.000000e+00  6.000000e-04  1.520000e-02  1.560000e-02  1.600000e-02  1.550000e-02  0.000000e+00
1.903342e+01  0.000000e+00  0.000000e+00  0.000000e+00  1.830000e-02  1.450000e-02  1.660000e-02  1.580000e-02  0.000000e+00  0.000000e+00  0.000000e+00  1.130000e-02  1.830000e-02  1.450000e-02  1.660000e-02  1.580000e-02  0.000000e+00
2.117726e+01  0.000000e+00  0.000000e+00  0.000000e+00  1.720000e-02  1.450000e-02  1.510000e-02  1.480000e-02  0.000000e+00  0.000000e+00  0.000000e+00  9.700000e-03  1.720000e-02  1.450000e-02  1.510000e-02  1.480000e-02  0.000000e+00
2.356258e+01  0.000000e+00  0.000000e+00  0.000000e+00  1.690000e-02  1.620000e-02  1.350000e-02  1.730000e-02  0.000000e+00  0.000000e+00  0.000000e+00  1.120000e-02  1.690000e-02  1.620000e-02  1.350000e-02  1.730000e-02  0.000000e+00
2.621657e+01  0.000000e+00  0.000000e+00  0.000000e+00  1.680000e-02  1.740000e-02  1.540000e-02  1.400000e-02  0.000000e+00  0.000000e+00  0.000000e+00  1.250000e-02  1.680000e-02  1.740000e-02  1.540000e-02  1.400000e-02  0.000000e+00
2.916949e+01  0.000000e+00  0.000000e+00  0.000000e+00  1.660000e-02  1.430000e-02  1.650000e-02  1.740000e-02  0.000000e+00  0.000000e+00  0.000000e+00  1.200000e-02  1.660000e-02  1.430000e-02  1.650000e-02  1.740000e-02  0.000000e+00
3.245502e+01  0.000000e+00  0.000000e+00  0.000000e+00  1.570000e-02  1.600000e-02  1.370000e-02  1.760000e-02  0.000000e+00  0.000000e+00  0.000000e+00  1.540000e-02  1.570000e-02  1.600000e-02  1.370000e-02  1.760000e-02  0.000000e+00
3.611062e+01  0.000000e+00  0.000000e+00  0.000000e+00  1.640000e-02  1.590000e-02  1.550000e-02  1.610000e-02  0.000000e+00  0.000000e+00  0.000000e+00  1.710000e-02  1.640000e-02  1.590000e-02  1.550000e-02  1.610000e-02  0.000000e+00
4.017797e+01  0.000000e+00  0.000000e+00  0.000000e+00  1.530000e-02  1.590000e-02  1.350000e-02  1.440000e-02  0.000000e+00  0.000000e+00  0.000000e+00  1.310000e-02  1.530000e-02  1.590000e-02  1.350000e-02  1.440000e-02  0.000000e+00
4.470345e+01  0.000000e+00  0.000000e+00  0.000000e+00  1.480000e-02  1.510000e-02  1.500000e-02  1.480000e-02  0.000000e+00  0.000000e+00  0.000000e+00  1.610000e-02  1.480000e-02  1.510000e-02  1.500000e-02  1.480000e-02  0.000000e+00
4.973865e+01  0.000000e+00  0.000000e+00  6.000000e-04  1.780000e-02  1.450000e-02  1.430000e-02  1.610000e-02  0.000000e+00  0.000000e+00  0.000000e+00  1.660000e-02  1.780000e-02  1.450000e-02  1.430000e-02  1.610000e-02  0.000000e+00
5.534101e+01  0.000000e+00  0.000000e+00  1.690000e-02  1.800000e-02  1.480000e-02  1.460000e-02  1.560000e-02  0.000000e+00  0.000000e+00  4.000000e-04  1.690000e-02  1.800000e-02  1.480000e-02  1.460000e-02  1.560000e-02  0.000000e+00
6.157438e+01  0.000000e+00  0.000000e+00  1.650000e-02  1.730000e-02  1.430000e-02  1.440000e-02  1.300000e-02  0.000000e+00  0.000000e+00  1.210000e-02  1.650000e-02  1.730000e-02  1.430000e-02  1.440000e-02  1.300000e-02  0.000000e+00
6.850986e+01  0.000000e+00  0.000000e+00  1.640000e-02  1.630000e-02  1.570000e-02  1.480000e-02  1.510000e-02  0.000000e+00  0.000000e+00  1.170000e-02  1.640000e-02  1.630000e-02  1.570000e-02  1.480000e-02  1.510000e-02  0.000000e+00
7.622653e+01  0.000000e+00  0.000000e+00  1.780000e-02  1.480000e-02  1.550000e-02  1.460000e-02  1.320000e-02  0.000000e+00  0.000000e+00  1.310000e-02  1.780000e-02  1.480000e-02  1.550000e-02  1.460000e-02  1.320000e-02  0.000000e+00
8.481236e+01  0.000000e+00  0.000000e+00  1.940000e-02  1.640000e-02  1.510000e-02  1.370000e-02  1.220000e-02  0.000000e+00  0.000000e+00  1.320000e-02  1.940000e-02  1.640000e-02  1.510000e-02  1.370000e-02  1.220000e-02  0.000000e+00
9.436527e+01  0.000000e+00  0.000000e+00  1.730000e-02  1.610000e-02  1.160000e-02  1.560000e-02  1.420000e-02  0.000000e+00  0.000000e+00  1.380000e-02  1.730000e-02  1.610000e-02  1.160000e-02  1.560000e-02  1.420000e-02  0.000000e+00
1.049942e+02  0.000000e+00  0.000000e+00  1.770000e-02  1.620000e-02  1.490000e-02  1.520000e-02  1.260000e-02  0.000000e+00  0.000000e+00  1.470000e-02  1.770000e-02  1.620000e-02  1.490000e-02  1.520000e-02  1.260000e-02  0.000000e+00
1.168203e+02  0.000000e+00  0.000000e+00  1.560000e-02  1.410000e-02  1.650000e-02  1.320000e-02  1.330000e-02  0.000000e+00  0.000000e+00  1.750000e-02  1.560000e-02  1.410000e-02  1.650000e-02  1.320000e-02  1.330000e-02  0.000000e+00
1.299784e+02  0.000000e+00  0.000000e+00  1.980000e-02  1.600000e-02  1.460000e-02  1.340000e-02  9.100000e-03  0.000000e+00  0.000000e+00  1.740000e-02  1.980000e-02  1.600000e-02  1.460000e-02  1.340000e-02  9.100000e-03  0.000000e+00
1.446186e+02  0.000000e+00  0.000000e+00  1.780000e-02  1.650000e-02  1.540000e-02  1.680000e-02  1.130000e-02  0.000000e+00  0.000000e+00  1.590000e-02  1.780000e-02  1.650000e-02  1.540000e-02  1.680000e-02  1.130000e-02  0.000000e+00
1.609079e+02  0.000000e+00  1.630000e-02  1.900000e-02  1.420000e-02  1.450000e-02  1.620000e-02  8.100000e-03  0.000000e+00  0.000000e+00  2.150000e-02  1.900000e-02  1.420000e-02  1.450000e-02  1.620000e-02  1.000000e-02  0.000000e+00
1.790319e+02  0.000000e+00  1.510000e-02  2.040000e-02  1.540000e-02  1.490000e-02  1.490000e-02  0.000000e+00  0.000000e+00  0.000000e+00  1.510000e-02  2.040000e-02  1.540000e-02  1.490000e-02  1.490000e-02  1.170000e-02  0.000000e+00
1.991973e+02  0.000000e+00  1.820000e-02  1.810000e-02  1.620000e-02  1.490000e-02  1.660000e-02  0.000000e+00  0.000000e+00  0.000000e+00  1.820000e-02  1.810000e-02  1.620000e-02  1.490000e-02  1.660000e-02  1.090000e-02  0.000000e+00
2.216340e+02  0.000000e+00  1.960000e-02  1.890000e-02  1.460000e-02  1.690000e-02  1.620000e-02  0.000000e+00  0.000000e+00  0.000000e+00  1.960000e-02  1.890000e-02  1.460000e-02  1.690000e-02  1.620000e-02  9.600000e-03  0.000000e+00
2.465979e+02  0.000000e+00  2.190000e-02  1.850000e-02  1.550000e-02  1.750000e-02  1.590000e-02  0.000000e+00  0.000000e+00  0.000000e+00  2.190000e-02  1.850000e-02  1.550000e-02  1.750000e-02  1.590000e-02  1.010000e-02  0.000000e+00
2.743737e+02  0.000000e+00  2.060000e-02  1.730000e-02  1.590000e-02  1.730000e-02  1.320000e-02  0.000000e+00  0.000000e+00  0.000000e+00  2.060000e-02  1.730000e-02  1.590000e-02  1.730000e-02  1.320000e-02  9.500000e-03  0.000000e+00
3.052780e+02  0.000000e+00  2.110000e-02  2.040000e-02  1.630000e-02  1.680000e-02  1.520000e-02  0.000000e+00  0.000000e+00  0.000000e+00  2.110000e-02  2.040000e-02  1.630000e-02  1.680000e-02  1.520000e-02  9.900000e-03  0.000000e+00
3.396632e+02  0.000000e+00  1.900000e-02  1.640000e-02  1.850000e-02  1.490000e-02  1.560000e-02  0.000000e+00  0.000000e+00  0.000000e+00  1.900000e-02  1.640000e-02  1.850000e-02  1.490000e-02  1.560000e-02  8.900000e-03  0.000000e+00
3.779214e+02  0.000000e+00  2.190000e-02  1.520000e-02  2.090000e-02  1.510000e-02  1.510000e-02  0.000000e+00  0.000000e+00  0.000000e+00  2.190000e-02  1.520000e-02  2.090000e-02  1.510000e-02  1.510000e-02  8.400000e-03  0.000000e+00
4.204889e+02  0.000000e+00  2.310000e-02  2.060000e-02  1.700000e-02  1.690000e-02  1.550000e-02  0.000000e+00  0.000000e+00  0.000000e+00  2.310000e-02  2.060000e-02  1.700000e-02  1.690000e-02  1.550000e-02  8.500000e-03  0.000000e+00
4.678510e+02  0.000000e+00  2.200000e-02  1.990000e-02  1.900000e-02  1.670000e-02  1.420000e-02  0.000000e+00  0.000000e+00  0.000000e+00  2.200000e-02  1.990000e-02  1.900000e-02  1.670000e-02  1.420000e-02  9.000000e-03  0.000000e+00
5.205478e+02  0.000000e+00  2.360000e-02  2.100000e-02  1.830000e-02  1.820000e-02  1.800000e-03  0.000000e+00  0.000000e+00  0.000000e+00  2.360000e-02  2.100000e-02  1.830000e-02  1.820000e-02  1.310000e-02  8.000000e-03  0.000000e+00
5.791801e+02  0.000000e+00  2.450000e-02  2.130000e-02  2.070000e-02  1.770000e-02  0.000000e+00  0.000000e+00  0.000000e+00  7.200000e-03  2.450000e-02  2.130000e-02  2.070000e-02  1.770000e-02  1.570000e-02  6.500000e-03  0.000000e+00
6.444165e+02  0.000000e+00  2.080000e-02  2.070000e-02  1.890000e-02  1.930000e-02  0.000000e+00  0.000000e+00  0.000000e+00  1.570000e-02  2.080000e-02  2.070000e-02  1.890000e-02  1.930000e-02  1.260000e-02  5.900000e-03  0.000000e+00
7.170009e+02  0.000000e+00  2.760000e-02  2.280000e-02  2.120000e-02  8.000000e-03  0.000000e+00  0.000000e+00  0.000000e+00  1.720000e-02  2.760000e-02  2.280000e-02  2.120000e-02  1.740000e-02  1.630000e-02  7.800000e-03  0.000000e+00
7.977608e+02  0.000000e+00  2.470000e-02  2.750000e-02  2.110000e-02  0.000000e+00  0.000000e+00  0.000000e+00  0.000000e+00  1.610000e-02  2.470000e-02  2.750000e-02  2.110000e-02  1.580000e-02  1.580000e-02  5.300000e-03  0.000000e+00
8.876173e+02  0.000000e+00  2.900000e-02  2.640000e-02  2.000000e-02  0.000000e+00  0.000000e+00  0.000000e+00  0.000000e+00  1.840000e-02  2.900000e-02  2.640000e-02  2.000000e-02  1.660000e-02  1.320000e-02  3.100000e-03  0.000000e+00
9.875947e+02  0.000000e+00  2.990000e-02  2.190000e-02  2.020000e-02  0.000000e+00  0.000000e+00  0.000000e+00  0.000000e+00  2.100000e-02  2.990000e-02  2.190000e-02  2.020000e-02  1.740000e-02  1.020000e-02  0.000000e+00  0.000000e+00
1.098833e+03  0.000000e+00  2.970000e-02  2.630000e-02  1.240000e-02  0.000000e+00  0.000000e+00  0.000000e+00  0.000000e+00  2.290000e-02  2.970000e-02  2.630000e-02  2.120000e-02  1.730000e-02  1.140000e-02  0.000000e+00  0.000000e+00
1.222601e+03  1.020000e-02  2.670000e-02  2.420000e-02  0.000000e+00  0.000000e+00  0.000000e+00  0.000000e+00  0.000000e+00  2.670000e-02  2.670000e-02  2.420000e-02  2.010000e-02  1.470000e-02  1.290000e-02  0.000000e+00  0.000000e+00
1.360310e+03  2.570000e-02  2.880000e-02  2.740000e-02  0.000000e+00  0.000000e+00  0.000000e+00  0.000000e+00  0.000000e+00  2.570000e-02  2.880000e-02  2.740000e-02  2.160000e-02  1.600000e-02  9.800000e-03  0.000000e+00  0.000000e+00
1.513529e+03  2.580000e-02  2.930000e-02  2.240000e-02  0.000000e+00  0.000000e+00  0.000000e+00  0.000000e+00  0.000000e+00  2.580000e-02  2.930000e-02  2.240000e-02  2.250000e-02  1.250000e-02  5.800000e-03  0.000000e+00  0.000000e+00
1.684007e+03  3.130000e-02  3.160000e-02  2.450000e-02  0.000000e+00  0.000000e+00  0.000000e+00  0.000000e+00  0.000000e+00  3.130000e-02  3.160000e-02  2.450000e-02  2.040000e-02  1.140000e-02  0.000000e+00  0.000000e+00  0.000000e+00
1.873686e+03  3.060000e-02  2.710000e-02  1.310000e-02  0.000000e+00  0.000000e+00  0.000000e+00  0.000000e+00  0.000000e+00  3.060000e-02  2.710000e-02  2.760000e-02  1.700000e-02  3.900000e-03  0.000000e+00  0.000000e+00  0.000000e+00
2.084731e+03  3.530000e-02  3.120000e-02  0.000000e+00  0.000000e+00  0.000000e+00  0.000000e+00  0.000000e+00  0.000000e+00  3.530000e-02  3.120000e-02  2.520000e-02  1.530000e-02  0.000000e+00  0.000000e+00  0.000000e+00  0.000000e+00
2.319546e+03  4.010000e-02  3.120000e-02  0.000000e+00  0.000000e+00  0.000000e+00  0.000000e+00  0.000000e+00  0.000000e+00  4.010000e-02  3.120000e-02  2.500000e-02  9.300000e-03  0.000000e+00  0.000000e+00  0.000000e+00  0.000000e+00
2.580810e+03  3.890000e-02  2.820000e-02  0.000000e+00  0.000000e+00  0.000000e+00  0.000000e+00  0.000000e+00  0.000000e+00  3.890000e-02  2.820000e-02  2.690000e-02  0.000000e+00  0.000000e+00  0.000000e+00  0.000000e+00  0.000000e+00
2.871501e+03  4.340000e-02  1.730000e-02  0.000000e+00  0.000000e+00  0.000000e+00  0.000000e+00  0.000000e+00  0.000000e+00  4.340000e-02  2.890000e-02  2.170000e-02  0.000000e+00  0.000000e+00  0.000000e+00  0.000000e+00  0.000000e+00
3.194935e+03  4.610000e-02  0.000000e+00  0.000000e+00  0.000000e+00  0.000000e+00  0.000000e+00  0.000000e+00  0.000000e+00  4.610000e-02  2.860000e-02  2.170000e-02  0.000000e+00  0.000000e+00  0.000000e+00  0.000000e+00  0.000000e+00
3.554799e+03  4.340000e-02  0.000000e+00  0.000000e+00  0.000000e+00  0.000000e+00  0.000000e+00  0.000000e+00  0.000000e+00  4.340000e-02  2.990000e-02  0.000000e+00  0.000000e+00  0.000000e+00  0.000000e+00  0.000000e+00  0.000000e+00
3.955197e+03  4.210000e-02  0.000000e+00  0.000000e+00  0.000000e+00  0.000000e+00  0.000000e+00  0.000000e+00  0.000000e+00  4.210000e-02  2.550000e-02  0.000000e+00  0.000000e+00  0.000000e+00  0.000000e+00  0.000000e+00  0.000000e+00
4.400694e+03  4.330000e-02  0.000000e+00  0.000000e+00  0.000000e+00  0.000000e+00  0.000000e+00  0.000000e+00  0.000000e+00  4.330000e-02  2.320000e-02  0.000000e+00  0.000000e+00  0.000000e+00  0.000000e+00  0.000000e+00  0.000000e+00
4.896369e+03  4.500000e-02  0.000000e+00  0.000000e+00  0.000000e+00  0.000000e+00  0.000000e+00  0.000000e+00  0.000000e+00  4.500000e-02  1.620000e-02  0.000000e+00  0.000000e+00  0.000000e+00  0.000000e+00  0.000000e+00  0.000000e+00
5.447876e+03  4.110000e-02  0.000000e+00  0.000000e+00  0.000000e+00  0.000000e+00  0.000000e+00  0.000000e+00  0.000000e+00  4.110000e-02  0.000000e+00  0.000000e+00  0.000000e+00  0.000000e+00  0.000000e+00  0.000000e+00  0.000000e+00
6.061501e+03  3.970000e-02  0.000000e+00  0.000000e+00  0.000000e+00  0.000000e+00  0.000000e+00  0.000000e+00  0.000000e+00  3.970000e-02  0.000000e+00  0.000000e+00  0.000000e+00  0.000000e+00  0.000000e+00  0.000000e+00  0.000000e+00
6.744243e+03  3.660000e-02  0.000000e+00  0.000000e+00  0.000000e+00  0.000000e+00  0.000000e+00  0.000000e+00  0.000000e+00  3.660000e-02  0.000000e+00  0.000000e+00  0.000000e+00  0.000000e+00  0.000000e+00  0.000000e+00  0.000000e+00
7.503887e+03  3.310000e-02  0.000000e+00  0.000000e+00  0.000000e+00  0.000000e+00  0.000000e+00  0.000000e+00  0.000000e+00  3.310000e-02  0.000000e+00  0.000000e+00  0.000000e+00  0.000000e+00  0.000000e+00  0.000000e+00  0.000000e+00
8.349093e+03  2.830000e-02  0.000000e+00  0.000000e+00  0.000000e+00  0.000000e+00  0.000000e+00  0.000000e+00  0.000000e+00  3.300000e-02  0.000000e+00  0.000000e+00  0.000000e+00  0.000000e+00  0.000000e+00  0.000000e+00  0.000000e+00
9.289500e+03  0.000000e+00  0.000000e+00  0.000000e+00  0.000000e+00  0.000000e+00  0.000000e+00  0.000000e+00  0.000000e+00  3.120000e-02  0.000000e+00  0.000000e+00  0.000000e+00  0.000000e+00  0.000000e+00  0.000000e+00  0.000000e+00
1.033583e+04  0.000000e+00  0.000000e+00  0.000000e+00  0.000000e+00  0.000000e+00  0.000000e+00  0.000000e+00  0.000000e+00  2.960000e-02  0.000000e+00  0.000000e+00  0.000000e+00  0.000000e+00  0.000000e+00  0.000000e+00  0.000000e+00
1.150001e+04  0.000000e+00  0.000000e+00  0.000000e+00  0.000000e+00  0.000000e+00  0.000000e+00  0.000000e+00  0.000000e+00  2.900000e-02  0.000000e+00  0.000000e+00  0.000000e+00  0.000000e+00  0.000000e+00  0.000000e+00  0.000000e+00
1.279533e+04  0.000000e+00  0.000000e+00  0.000000e+00  0.000000e+00  0.000000e+00  0.000000e+00  0.000000e+00  0.000000e+00  2.410000e-02  0.000000e+00  0.000000e+00  0.000000e+00  0.000000e+00  0.000000e+00  0.000000e+00  0.000000e+00
1.423654e+04  0.000000e+00  0.000000e+00  0.000000e+00  0.000000e+00  0.000000e+00  0.000000e+00  0.000000e+00  0.000000e+00  1.640000e-02  0.000000e+00  0.000000e+00  0.000000e+00  0.000000e+00  0.000000e+00  0.000000e+00  0.000000e+00
