9.421798e-04  0.000000e+00  0.000000e+00  0.000000e+00  0.000000e+00  0.000000e+00  0.000000e+00  0.000000e+00  0.000000e+00  0.000000e+00  0.000000e+00  0.000000e+00  0.000000e+00  0.000000e+00  0.000000e+00  0.000000e+00  6.659389e-03
9.898622e-04  0.000000e+00  0.000000e+00  0.000000e+00  0.000000e+00  0.000000e+00  0.000000e+00  0.000000e+00  0.000000e+00  0.000000e+00  0.000000e+00  0.000000e+00  0.000000e+00  0.000000e+00  0.000000e+00  0.000000e+00  8.296943e-03
1.039958e-03  0.000000e+00  0.000000e+00  0.000000e+00  0.000000e+00  0.000000e+00  0.000000e+00  0.000000e+00  0.000000e+00  0.000000e+00  0.000000e+00  0.000000e+00  0.000000e+00  0.000000e+00  0.000000e+00  0.000000e+00  1.080786e-02
1.092589e-03  0.000000e+00  0.000000e+00  0.000000e+00  0.000000e+00  0.000000e+00  0.000000e+00  0.000000e+00  0.000000e+00  0.000000e+00  0.000000e+00  0.000000e+00  0.000000e+00  0.000000e+00  0.000000e+00  0.000000e+00  1.091703e-02
1.147883e-03  0.000000e+00  0.000000e+00  0.000000e+00  0.000000e+00  0.000000e+00  0.000000e+00  0.000000e+00  0.000000e+00  0.000000e+00  0.000000e+00  0.000000e+00  0.000000e+00  0.000000e+00  0.000000e+00  0.000000e+00  1.135371e-02
1.205976e-03  0.000000e+00  0.000000e+00  0.000000e+00  0.000000e+00  0.000000e+00  0.000000e+00  0.000000e+00  0.000000e+00  0.000000e+00  0.000000e+00  0.000000e+00  0.000000e+00  0.000000e+00  0.000000e+00  0.000000e+00  1.582969e-02
1.267008e-03  0.000000e+00  0.000000e+00  0.000000e+00  0.000000e+00  0.000000e+00  0.000000e+00  0.000000e+00  0.000000e+00  0.000000e+00  0.000000e+00  0.000000e+00  0.000000e+00  0.000000e+00  0.000000e+00  0.000000e+00  1.495633e-02
1.331130e-03  0.000000e+00  0.000000e+00  0.000000e+00  0.000000e+00  0.000000e+00  0.000000e+00  0.000000e+00  0.000000e+00  0.000000e+00  0.000000e+00  0.000000e+00  0.000000e+00  0.000000e+00  0.000000e+00  0.000000e+00  1.582969e-02
1.398497e-03  0.000000e+00  0.000000e+00  0.000000e+00  0.000000e+00  0.000000e+00  0.000000e+00  0.000000e+00  0.000000e+00  0.000000e+00  0.000000e+00  0.000000e+00  0.000000e+00  0.000000e+00  0.000000e+00  0.000000e+00  1.539301e-02
1.469273e-03  0.000000e+00  0.000000e+00  0.000000e+00  0.000000e+00  0.000000e+00  0.000000e+00  0.000000e+00  0.000000e+00  0.000000e+00  0.000000e+00  0.000000e+00  0.000000e+00  0.000000e+00  0.000000e+00  0.000000e+00  1.932314e-02
1.543630e-03  0.000000e+00  0.000000e+00  0.000000e+00  0.000000e+00  0.000000e+00  0.000000e+00  0.000000e+00  1.539301e-02  0.000000e+00  0.000000e+00  0.000000e+00  0.000000e+00  0.000000e+00  0.000000e+00  0.000000e+00  2.106987e-02
1.621751e-03  0.000000e+00  0.000000e+00  0.000000e+00  0.000000e+00  0.000000e+00  0.000000e+00  0.000000e+00  1.943231e-02  0.000000e+00  0.000000e+00  0.000000e+00  0.000000e+00  0.000000e+00  0.000000e+00  0.000000e+00  1.943231e-02
1.703826e-03  0.000000e+00  0.000000e+00  0.000000e+00  0.000000e+00  0.000000e+00  0.000000e+00  0.000000e+00  2.161572e-02  0.000000e+00  0.000000e+00  0.000000e+00  0.000000e+00  0.000000e+00  0.000000e+00  0.000000e+00  2.161572e-02
1.790054e-03  0.000000e+00  0.000000e+00  0.000000e+00  0.000000e+00  0.000000e+00  0.000000e+00  0.000000e+00  2.314410e-02  0.000000e+00  0.000000e+00  0.000000e+00  0.000000e+00  0.000000e+00  0.000000e+00  0.000000e+00  2.314410e-02
1.880646e-03  0.000000e+00  0.000000e+00  0.000000e+00  0.000000e+00  0.000000e+00  0.000000e+00  0.000000e+00  2.598253e-02  0.000000e+00  0.000000e+00  0.000000e+00  0.000000e+00  0.000000e+00  0.000000e+00  0.000000e+00  2.598253e-02
1.975823e-03  0.000000e+00  0.000000e+00  0.000000e+00  0.000000e+00  0.000000e+00  0.000000e+00  0.000000e+00  2.467249e-02  0.000000e+00  0.000000e+00  0.000000e+00  0.000000e+00  0.000000e+00  0.000000e+00  0.000000e+00  2.467249e-02
2.075817e-03  0.000000e+00  0.000000e+00  0.000000e+00  0.000000e+00  0.000000e+00  0.000000e+00  0.000000e+00  2.445415e-02  0.000000e+00  0.000000e+00  0.000000e+00  0.000000e+00  0.000000e+00  0.000000e+00  0.000000e+00  2.445415e-02
2.180871e-03  0.000000e+00  0.000000e+00  0.000000e+00  0.000000e+00  0.000000e+00  0.000000e+00  0.000000e+00  2.467249e-02  0.000000e+00  0.000000e+00  0.000000e+00  0.000000e+00  0.000000e+00  0.000000e+00  0.000000e+00  2.467249e-02
2.291242e-03  0.000000e+00  0.000000e+00  0.000000e+00  0.000000e+00  0.000000e+00  0.000000e+00  0.000000e+00  2.740175e-02  0.000000e+00  0.000000e+00  0.000000e+00  0.000000e+00  0.000000e+00  0.000000e+00  0.000000e+00  2.740175e-02
2.407198e-03  0.000000e+00  0.000000e+00  0.000000e+00  0.000000e+00  0.000000e+00  0.000000e+00  0.000000e+00  2.903930e-02  0.000000e+00  0.000000e+00  0.000000e+00  0.000000e+00  0.000000e+00  0.000000e+00  0.000000e+00  2.903930e-02
2.529023e-03  0.000000e+00  0.000000e+00  0.000000e+00  0.000000e+00  0.000000e+00  0.000000e+00  0.000000e+00  2.412664e-02  0.000000e+00  0.000000e+00  0.000000e+00  0.000000e+00  0.000000e+00  0.000000e+00  0.000000e+00  2.412664e-02
2.657014e-03  0.000000e+00  0.000000e+00  0.000000e+00  0.000000e+00  0.000000e+00  0.000000e+00  0.000000e+00  2.751092e-02  0.000000e+00  0.000000e+00  0.000000e+00  0.000000e+00  0.000000e+00  0.000000e+00  0.000000e+00  2.751092e-02
2.791481e-03  0.000000e+00  0.000000e+00  0.000000e+00  0.000000e+00  0.000000e+00  0.000000e+00  0.000000e+00  2.827511e-02  0.000000e+00  0.000000e+00  0.000000e+00  0.000000e+00  0.000000e+00  0.000000e+00  0.000000e+00  2.827511e-02
2.932754e-03  0.000000e+00  0.000000e+00  0.000000e+00  0.000000e+00  0.000000e+00  0.000000e+00  0.000000e+00  2.368996e-02  0.000000e+00  0.000000e+00  0.000000e+00  0.000000e+00  0.000000e+00  0.000000e+00  0.000000e+00  2.368996e-02
3.081177e-03  0.000000e+00  0.000000e+00  0.000000e+00  0.000000e+00  0.000000e+00  0.000000e+00  0.000000e+00  2.412664e-02  0.000000e+00  0.000000e+00  0.000000e+00  0.000000e+00  0.000000e+00  0.000000e+00  0.000000e+00  2.412664e-02
3.237111e-03  0.000000e+00  0.000000e+00  0.000000e+00  0.000000e+00  0.000000e+00  0.000000e+00  0.000000e+00  2.816594e-02  0.000000e+00  0.000000e+00  0.000000e+00  0.000000e+00  0.000000e+00  0.000000e+00  0.000000e+00  2.816594e-02
3.400937e-03  0.000000e+00  0.000000e+00  0.000000e+00  0.000000e+00  0.000000e+00  0.000000e+00  0.000000e+00  2.554585e-02  0.000000e+00  0.000000e+00  0.000000e+00  0.000000e+00  0.000000e+00  0.000000e+00  0.000000e+00  2.554585e-02
3.573053e-03  0.000000e+00  0.000000e+00  0.000000e+00  0.000000e+00  0.000000e+00  0.000000e+00  0.000000e+00  2.554585e-02  0.000000e+00  0.000000e+00  0.000000e+00  0.000000e+00  0.000000e+00  0.000000e+00  0.000000e+00  2.554585e-02
3.753881e-03  0.000000e+00  0.000000e+00  0.000000e+00  0.000000e+00  0.000000e+00  0.000000e+00  0.000000e+00  2.248908e-02  0.000000e+00  0.000000e+00  0.000000e+00  0.000000e+00  0.000000e+00  0.000000e+00  0.000000e+00  2.248908e-02
3.943859e-03  0.000000e+00  0.000000e+00  0.000000e+00  0.000000e+00  0.000000e+00  0.000000e+00  0.000000e+00  2.096070e-02  0.000000e+00  0.000000e+00  0.000000e+00  0.000000e+00  0.000000e+00  0.000000e+00  0.000000e+00  2.096070e-02
4.143453e-03  0.000000e+00  0.000000e+00  0.000000e+00  0.000000e+00  0.000000e+00  0.000000e+00  0.000000e+00  2.510917e-02  0.000000e+00  0.000000e+00  0.000000e+00  0.000000e+00  0.000000e+00  0.000000e+00  0.000000e+00  2.510917e-02
4.353147e-03  0.000000e+00  0.000000e+00  0.000000e+00  0.000000e+00  0.000000e+00  0.000000e+00  0.000000e+00  2.281659e-02  0.000000e+00  0.000000e+00  0.000000e+00  0.000000e+00  0.000000e+00  0.000000e+00  0.000000e+00  2.281659e-02
4.573454e-03  0.000000e+00  0.000000e+00  0.000000e+00  0.000000e+00  0.000000e+00  0.000000e+00  0.000000e+00  2.052402e-02  0.000000e+00  0.000000e+00  0.000000e+00  0.000000e+00  0.000000e+00  0.000000e+00  0.000000e+00  2.052402e-02
4.804910e-03  0.000000e+00  0.000000e+00  0.000000e+00  0.000000e+00  0.000000e+00  0.000000e+00  0.000000e+00  1.986900e-02  0.000000e+00  0.000000e+00  0.000000e+00  0.000000e+00  0.000000e+00  0.000000e+00  0.000000e+00  1.986900e-02
5.048079e-03  0.000000e+00  0.000000e+00  0.000000e+00  0.000000e+00  0.000000e+00  0.000000e+00  0.000000e+00  1.572052e-02  0.000000e+00  0.000000e+00  0.000000e+00  0.000000e+00  0.000000e+00  0.000000e+00  0.000000e+00  1.572052e-02
5.303556e-03  0.000000e+00  0.000000e+00  0.000000e+00  0.000000e+00  0.000000e+00  0.000000e+00  0.000000e+00  1.834061e-02  0.000000e+00  0.000000e+00  0.000000e+00  0.000000e+00  0.000000e+00  0.000000e+00  0.000000e+00  1.834061e-02
5.571961e-03  0.000000e+00  0.000000e+00  0.000000e+00  0.000000e+00  0.000000e+00  0.000000e+00  0.000000e+00  1.844978e-02  0.000000e+00  0.000000e+00  0.000000e+00  0.000000e+00  0.000000e+00  0.000000e+00  0.000000e+00  1.844978e-02
5.853950e-03  0.000000e+00  0.000000e+00  0.000000e+00  0.000000e+00  0.000000e+00  0.000000e+00  0.000000e+00  1.932314e-02  0.000000e+00  0.000000e+00  0.000000e+00  0.000000e+00  0.000000e+00  0.000000e+00  0.000000e+00  1.932314e-02
6.150211e-03  0.000000e+00  0.000000e+00  0.000000e+00  0.000000e+00  0.000000e+00  0.000000e+00  0.000000e+00  1.615721e-02  0.000000e+00  0.000000e+00  0.000000e+00  0.000000e+00  0.000000e+00  0.000000e+00  0.000000e+00  1.615721e-02
6.461464e-03  0.000000e+00  0.000000e+00  0.000000e+00  0.000000e+00  0.000000e+00  0.000000e+00  0.000000e+00  1.659389e-02  0.000000e+00  0.000000e+00  0.000000e+00  0.000000e+00  0.000000e+00  0.000000e+00  0.000000e+00  1.659389e-02
6.788470e-03  0.000000e+00  0.000000e+00  0.000000e+00  0.000000e+00  0.000000e+00  0.000000e+00  0.000000e+00  7.641921e-04  0.000000e+00  0.000000e+00  0.000000e+00  0.000000e+00  0.000000e+00  0.000000e+00  0.000000e+00  1.419214e-02
7.132025e-03  0.000000e+00  0.000000e+00  0.000000e+00  0.000000e+00  0.000000e+00  0.000000e+00  0.000000e+00  0.000000e+00  0.000000e+00  0.000000e+00  0.000000e+00  0.000000e+00  0.000000e+00  0.000000e+00  0.000000e+00  1.353712e-02
7.492967e-03  0.000000e+00  0.000000e+00  0.000000e+00  0.000000e+00  0.000000e+00  0.000000e+00  0.000000e+00  0.000000e+00  0.000000e+00  0.000000e+00  0.000000e+00  0.000000e+00  0.000000e+00  0.000000e+00  0.000000e+00  1.299127e-02
7.872175e-03  0.000000e+00  0.000000e+00  0.000000e+00  0.000000e+00  0.000000e+00  0.000000e+00  0.000000e+00  0.000000e+00  0.000000e+00  0.000000e+00  0.000000e+00  0.000000e+00  0.000000e+00  0.000000e+00  0.000000e+00  1.146288e-02
8.270575e-03  0.000000e+00  0.000000e+00  0.000000e+00  0.000000e+00  0.000000e+00  0.000000e+00  0.000000e+00  0.000000e+00  0.000000e+00  0.000000e+00  0.000000e+00  0.000000e+00  0.000000e+00  0.000000e+00  0.000000e+00  1.091703e-02
8.689137e-03  0.000000e+00  0.000000e+00  0.000000e+00  0.000000e+00  0.000000e+00  0.000000e+00  0.000000e+00  0.000000e+00  0.000000e+00  0.000000e+00  0.000000e+00  0.000000e+00  0.000000e+00  0.000000e+00  0.000000e+00  9.061135e-03
9.128882e-03  0.000000e+00  0.000000e+00  0.000000e+00  0.000000e+00  0.000000e+00  0.000000e+00  0.000000e+00  0.000000e+00  0.000000e+00  0.000000e+00  0.000000e+00  0.000000e+00  0.000000e+00  0.000000e+00  0.000000e+00  8.078603e-03
9.590882e-03  0.000000e+00  0.000000e+00  0.000000e+00  0.000000e+00  0.000000e+00  0.000000e+00  0.000000e+00  0.000000e+00  0.000000e+00  0.000000e+00  0.000000e+00  0.000000e+00  0.000000e+00  0.000000e+00  0.000000e+00  9.061135e-03
1.007626e-02  0.000000e+00  0.000000e+00  0.000000e+00  0.000000e+00  0.000000e+00  0.000000e+00  0.000000e+00  0.000000e+00  0.000000e+00  0.000000e+00  0.000000e+00  0.000000e+00  0.000000e+00  0.000000e+00  0.000000e+00  8.733624e-03
1.058621e-02  0.000000e+00  0.000000e+00  0.000000e+00  0.000000e+00  0.000000e+00  0.000000e+00  0.000000e+00  0.000000e+00  0.000000e+00  0.000000e+00  0.000000e+00  0.000000e+00  0.000000e+00  0.000000e+00  0.000000e+00  1.058952e-02
1.112196e-02  0.000000e+00  0.000000e+00  0.000000e+00  0.000000e+00  0.000000e+00  0.000000e+00  0.000000e+00  0.000000e+00  0.000000e+00  0.000000e+00  0.000000e+00  0.000000e+00  0.000000e+00  0.000000e+00  6.331878e-03  5.895197e-03
1.168483e-02  0.000000e+00  0.000000e+00  0.000000e+00  0.000000e+00  0.000000e+00  0.000000e+00  0.000000e+00  0.000000e+00  0.000000e+00  0.000000e+00  0.000000e+00  0.000000e+00  0.000000e+00  0.000000e+00  8.187773e-03  5.131004e-03
1.227618e-02  0.000000e+00  0.000000e+00  0.000000e+00  0.000000e+00  0.000000e+00  0.000000e+00  0.000000e+00  0.000000e+00  0.000000e+00  0.000000e+00  0.000000e+00  0.000000e+00  0.000000e+00  0.000000e+00  7.532751e-03  4.912664e-03
1.289746e-02  0.000000e+00  0.000000e+00  0.000000e+00  0.000000e+00  0.000000e+00  0.000000e+00  0.000000e+00  0.000000e+00  0.000000e+00  0.000000e+00  0.000000e+00  0.000000e+00  0.000000e+00  0.000000e+00  9.825328e-03  4.912664e-03
1.355018e-02  0.000000e+00  0.000000e+00  0.000000e+00  0.000000e+00  0.000000e+00  0.000000e+00  0.000000e+00  0.000000e+00  0.000000e+00  0.000000e+00  0.000000e+00  0.000000e+00  0.000000e+00  0.000000e+00  1.102620e-02  4.366812e-03
1.423594e-02  0.000000e+00  0.000000e+00  0.000000e+00  0.000000e+00  0.000000e+00  0.000000e+00  0.000000e+00  0.000000e+00  0.000000e+00  0.000000e+00  0.000000e+00  0.000000e+00  0.000000e+00  0.000000e+00  1.299127e-02  1.965066e-03
1.495640e-02  0.000000e+00  0.000000e+00  0.000000e+00  0.000000e+00  0.000000e+00  0.000000e+00  0.000000e+00  0.000000e+00  0.000000e+00  0.000000e+00  0.000000e+00  0.000000e+00  0.000000e+00  0.000000e+00  1.593886e-02  0.000000e+00
1.571332e-02  0.000000e+00  0.000000e+00  0.000000e+00  0.000000e+00  0.000000e+00  0.000000e+00  0.000000e+00  0.000000e+00  0.000000e+00  0.000000e+00  0.000000e+00  0.000000e+00  0.000000e+00  0.000000e+00  1.637555e-02  0.000000e+00
1.650855e-02  0.000000e+00  0.000000e+00  0.000000e+00  0.000000e+00  0.000000e+00  0.000000e+00  0.000000e+00  0.000000e+00  0.000000e+00  0.000000e+00  0.000000e+00  0.000000e+00  0.000000e+00  0.000000e+00  1.986900e-02  0.000000e+00
1.734403e-02  0.000000e+00  0.000000e+00  0.000000e+00  0.000000e+00  0.000000e+00  0.000000e+00  0.000000e+00  0.000000e+00  0.000000e+00  0.000000e+00  0.000000e+00  0.000000e+00  0.000000e+00  0.000000e+00  2.205240e-02  0.000000e+00
1.822179e-02  0.000000e+00  0.000000e+00  0.000000e+00  0.000000e+00  0.000000e+00  0.000000e+00  1.855895e-02  0.000000e+00  0.000000e+00  0.000000e+00  0.000000e+00  0.000000e+00  0.000000e+00  0.000000e+00  2.347162e-02  0.000000e+00
1.914396e-02  0.000000e+00  0.000000e+00  0.000000e+00  0.000000e+00  0.000000e+00  0.000000e+00  2.620087e-02  0.000000e+00  0.000000e+00  0.000000e+00  0.000000e+00  0.000000e+00  0.000000e+00  0.000000e+00  2.620087e-02  0.000000e+00
2.011281e-02  0.000000e+00  0.000000e+00  0.000000e+00  0.000000e+00  0.000000e+00  0.000000e+00  2.510917e-02  0.000000e+00  0.000000e+00  0.000000e+00  0.000000e+00  0.000000e+00  0.000000e+00  0.000000e+00  2.510917e-02  0.000000e+00
2.113070e-02  0.000000e+00  0.000000e+00  0.000000e+00  0.000000e+00  0.000000e+00  0.000000e+00  2.805677e-02  0.000000e+00  0.000000e+00  0.000000e+00  0.000000e+00  0.000000e+00  0.000000e+00  2.947598e-03  2.805677e-02  0.000000e+00
2.220009e-02  0.000000e+00  0.000000e+00  0.000000e+00  0.000000e+00  0.000000e+00  0.000000e+00  2.598253e-02  0.000000e+00  0.000000e+00  0.000000e+00  0.000000e+00  0.000000e+00  0.000000e+00  6.768559e-03  2.598253e-02  0.000000e+00
2.332361e-02  0.000000e+00  0.000000e+00  0.000000e+00  0.000000e+00  0.000000e+00  0.000000e+00  2.609170e-02  0.000000e+00  0.000000e+00  0.000000e+00  0.000000e+00  0.000000e+00  0.000000e+00  9.934498e-03  2.609170e-02  0.000000e+00
2.450398e-02  0.000000e+00  0.000000e+00  0.000000e+00  0.000000e+00  0.000000e+00  0.000000e+00  2.838428e-02  0.000000e+00  0.000000e+00  0.000000e+00  0.000000e+00  0.000000e+00  0.000000e+00  1.015284e-02  2.838428e-02  0.000000e+00
2.574409e-02  0.000000e+00  0.000000e+00  0.000000e+00  0.000000e+00  0.000000e+00  0.000000e+00  2.849345e-02  0.000000e+00  0.000000e+00  0.000000e+00  0.000000e+00  0.000000e+00  0.000000e+00  1.069869e-02  2.849345e-02  0.000000e+00
2.704697e-02  0.000000e+00  0.000000e+00  0.000000e+00  0.000000e+00  0.000000e+00  0.000000e+00  2.893013e-02  0.000000e+00  0.000000e+00  0.000000e+00  0.000000e+00  0.000000e+00  1.965066e-03  1.135371e-02  2.893013e-02  0.000000e+00
2.841578e-02  0.000000e+00  0.000000e+00  0.000000e+00  0.000000e+00  0.000000e+00  0.000000e+00  2.980349e-02  0.000000e+00  0.000000e+00  0.000000e+00  0.000000e+00  0.000000e+00  8.296943e-03  1.462882e-02  2.980349e-02  0.000000e+00
2.985386e-02  0.000000e+00  0.000000e+00  0.000000e+00  0.000000e+00  0.000000e+00  0.000000e+00  2.882096e-02  0.000000e+00  0.000000e+00  0.000000e+00  0.000000e+00  0.000000e+00  8.078603e-03  2.194323e-02  2.882096e-02  0.000000e+00
3.136472e-02  0.000000e+00  0.000000e+00  0.000000e+00  0.000000e+00  0.000000e+00  0.000000e+00  2.762009e-02  0.000000e+00  0.000000e+00  0.000000e+00  0.000000e+00  0.000000e+00  1.135371e-02  2.150655e-02  2.762009e-02  0.000000e+00
3.295204e-02  0.000000e+00  0.000000e+00  0.000000e+00  0.000000e+00  0.000000e+00  0.000000e+00  2.478166e-02  0.000000e+00  0.000000e+00  0.000000e+00  0.000000e+00  0.000000e+00  1.222707e-02  2.150655e-02  2.478166e-02  0.000000e+00
3.461970e-02  0.000000e+00  0.000000e+00  0.000000e+00  0.000000e+00  0.000000e+00  2.237991e-02  2.598253e-02  0.000000e+00  0.000000e+00  0.000000e+00  0.000000e+00  0.000000e+00  1.517467e-02  2.598253e-02  2.598253e-02  0.000000e+00
3.637176e-02  0.000000e+00  0.000000e+00  0.000000e+00  0.000000e+00  0.000000e+00  2.565502e-02  2.303493e-02  0.000000e+00  0.000000e+00  0.000000e+00  0.000000e+00  0.000000e+00  1.255459e-02  2.565502e-02  2.303493e-02  0.000000e+00
3.821248e-02  0.000000e+00  0.000000e+00  0.000000e+00  0.000000e+00  0.000000e+00  2.554585e-02  2.390830e-02  0.000000e+00  0.000000e+00  0.000000e+00  0.000000e+00  4.585153e-03  1.593886e-02  2.554585e-02  2.390830e-02  0.000000e+00
4.014636e-02  0.000000e+00  0.000000e+00  0.000000e+00  0.000000e+00  0.000000e+00  2.641921e-02  2.314410e-02  0.000000e+00  0.000000e+00  0.000000e+00  0.000000e+00  8.624454e-03  2.106987e-02  2.641921e-02  2.314410e-02  0.000000e+00
4.217811e-02  0.000000e+00  0.000000e+00  0.000000e+00  0.000000e+00  0.000000e+00  2.609170e-02  2.379913e-02  0.000000e+00  0.000000e+00  0.000000e+00  0.000000e+00  8.951965e-03  2.314410e-02  2.609170e-02  2.379913e-02  0.000000e+00
4.431269e-02  0.000000e+00  0.000000e+00  0.000000e+00  0.000000e+00  1.997817e-02  2.652838e-02  2.096070e-02  0.000000e+00  0.000000e+00  0.000000e+00  0.000000e+00  1.135371e-02  2.521834e-02  2.652838e-02  2.096070e-02  0.000000e+00
4.655529e-02  0.000000e+00  0.000000e+00  0.000000e+00  0.000000e+00  2.827511e-02  2.620087e-02  1.943231e-02  0.000000e+00  0.000000e+00  0.000000e+00  0.000000e+00  1.386463e-02  2.827511e-02  2.620087e-02  1.943231e-02  0.000000e+00
4.891139e-02  0.000000e+00  0.000000e+00  0.000000e+00  0.000000e+00  2.609170e-02  3.067686e-02  2.030568e-02  0.000000e+00  0.000000e+00  0.000000e+00  0.000000e+00  1.288210e-02  2.609170e-02  3.067686e-02  2.030568e-02  0.000000e+00
5.138672e-02  0.000000e+00  0.000000e+00  0.000000e+00  0.000000e+00  2.587336e-02  2.729258e-02  2.085153e-02  0.000000e+00  0.000000e+00  0.000000e+00  0.000000e+00  1.572052e-02  2.587336e-02  2.729258e-02  2.085153e-02  0.000000e+00
5.398734e-02  0.000000e+00  0.000000e+00  0.000000e+00  0.000000e+00  2.631004e-02  2.685590e-02  2.085153e-02  0.000000e+00  0.000000e+00  0.000000e+00  0.000000e+00  1.855895e-02  2.631004e-02  2.685590e-02  2.085153e-02  0.000000e+00
5.671956e-02  0.000000e+00  0.000000e+00  0.000000e+00  0.000000e+00  3.100437e-02  2.696507e-02  1.561135e-02  0.000000e+00  0.000000e+00  0.000000e+00  0.000000e+00  2.117904e-02  3.100437e-02  2.696507e-02  1.561135e-02  0.000000e+00
5.959006e-02  0.000000e+00  0.000000e+00  0.000000e+00  4.039301e-03  2.674672e-02  3.089520e-02  1.626638e-02  0.000000e+00  0.000000e+00  0.000000e+00  1.637555e-03  2.336245e-02  2.674672e-02  3.089520e-02  1.626638e-02  0.000000e+00
6.260583e-02  0.000000e+00  0.000000e+00  0.000000e+00  2.500000e-02  2.882096e-02  2.685590e-02  1.670306e-02  0.000000e+00  0.000000e+00  0.000000e+00  8.406114e-03  2.500000e-02  2.882096e-02  2.685590e-02  1.670306e-02  0.000000e+00
6.577422e-02  0.000000e+00  0.000000e+00  0.000000e+00  2.707424e-02  2.707424e-02  2.434498e-02  1.670306e-02  0.000000e+00  0.000000e+00  0.000000e+00  1.058952e-02  2.707424e-02  2.707424e-02  2.434498e-02  1.670306e-02  0.000000e+00
6.910296e-02  0.000000e+00  0.000000e+00  0.000000e+00  2.740175e-02  2.980349e-02  2.620087e-02  1.517467e-02  0.000000e+00  0.000000e+00  0.000000e+00  9.170306e-03  2.740175e-02  2.980349e-02  2.620087e-02  1.517467e-02  0.000000e+00
7.260016e-02  0.000000e+00  0.000000e+00  0.000000e+00  3.013100e-02  2.947598e-02  2.456332e-02  1.189956e-02  0.000000e+00  0.000000e+00  0.000000e+00  1.244541e-02  3.013100e-02  2.947598e-02  2.456332e-02  1.189956e-02  0.000000e+00
7.627436e-02  0.000000e+00  0.000000e+00  0.000000e+00  3.176856e-02  2.663755e-02  2.521834e-02  1.451965e-02  0.000000e+00  0.000000e+00  0.000000e+00  1.386463e-02  3.176856e-02  2.663755e-02  2.521834e-02  1.451965e-02  0.000000e+00
8.013450e-02  0.000000e+00  0.000000e+00  0.000000e+00  2.794760e-02  2.194323e-02  2.237991e-02  3.930131e-03  0.000000e+00  0.000000e+00  0.000000e+00  1.386463e-02  2.794760e-02  2.194323e-02  2.237991e-02  1.397380e-02  0.000000e+00
8.418999e-02  0.000000e+00  0.000000e+00  0.000000e+00  2.871179e-02  2.696507e-02  2.172489e-02  0.000000e+00  0.000000e+00  0.000000e+00  0.000000e+00  1.932314e-02  2.871179e-02  2.696507e-02  2.172489e-02  1.419214e-02  0.000000e+00
8.845073e-02  0.000000e+00  0.000000e+00  0.000000e+00  2.925764e-02  2.783843e-02  2.543668e-02  0.000000e+00  0.000000e+00  0.000000e+00  0.000000e+00  2.139738e-02  2.925764e-02  2.783843e-02  2.543668e-02  1.233624e-02  0.000000e+00
9.292710e-02  0.000000e+00  0.000000e+00  0.000000e+00  2.914847e-02  2.620087e-02  2.445415e-02  0.000000e+00  0.000000e+00  0.000000e+00  7.641921e-03  1.997817e-02  2.914847e-02  2.620087e-02  2.445415e-02  1.168122e-02  0.000000e+00
9.763001e-02  0.000000e+00  0.000000e+00  2.008734e-02  3.056769e-02  2.903930e-02  2.161572e-02  0.000000e+00  0.000000e+00  0.000000e+00  9.170306e-03  2.445415e-02  3.056769e-02  2.903930e-02  2.161572e-02  1.080786e-02  0.000000e+00
1.025709e-01  0.000000e+00  0.000000e+00  2.674672e-02  2.838428e-02  2.248908e-02  2.008734e-02  0.000000e+00  0.000000e+00  0.000000e+00  1.080786e-02  2.674672e-02  2.838428e-02  2.248908e-02  2.008734e-02  1.124454e-02  0.000000e+00
1.077619e-01  0.000000e+00  0.000000e+00  2.838428e-02  2.609170e-02  2.281659e-02  1.997817e-02  0.000000e+00  0.000000e+00  0.000000e+00  1.375546e-02  2.838428e-02  2.609170e-02  2.281659e-02  1.997817e-02  9.388646e-03  0.000000e+00
1.132156e-01  0.000000e+00  0.000000e+00  3.155022e-02  2.772926e-02  2.685590e-02  1.844978e-02  0.000000e+00  0.000000e+00  0.000000e+00  1.462882e-02  3.155022e-02  2.772926e-02  2.685590e-02  1.844978e-02  7.751092e-03  0.000000e+00
1.189453e-01  0.000000e+00  0.000000e+00  3.045852e-02  2.936681e-02  2.325328e-02  1.932314e-02  0.000000e+00  0.000000e+00  0.000000e+00  1.473799e-02  3.045852e-02  2.936681e-02  2.325328e-02  1.932314e-02  8.515284e-03  0.000000e+00
1.249649e-01  0.000000e+00  0.000000e+00  3.176856e-02  2.565502e-02  2.598253e-02  1.855895e-02  0.000000e+00  0.000000e+00  0.000000e+00  1.593886e-02  3.176856e-02  2.565502e-02  2.598253e-02  1.855895e-02  7.205240e-03  0.000000e+00
1.312892e-01  0.000000e+00  0.000000e+00  3.646288e-02  2.903930e-02  2.052402e-02  1.866812e-02  0.000000e+00  0.000000e+00  0.000000e+00  1.790393e-02  3.646288e-02  2.903930e-02  2.052402e-02  1.866812e-02  6.222707e-03  0.000000e+00
1.379336e-01  0.000000e+00  0.000000e+00  2.991266e-02  2.751092e-02  2.041485e-02  5.458515e-04  0.000000e+00  0.000000e+00  0.000000e+00  2.019651e-02  2.991266e-02  2.751092e-02  2.041485e-02  1.823144e-02  3.820961e-03  0.000000e+00
1.449142e-01  0.000000e+00  1.179039e-02  3.133188e-02  2.893013e-02  2.205240e-02  0.000000e+00  0.000000e+00  0.000000e+00  0.000000e+00  2.205240e-02  3.133188e-02  2.893013e-02  2.205240e-02  1.910480e-02  4.912664e-03  0.000000e+00
1.522481e-01  0.000000e+00  2.336245e-02  3.515284e-02  2.478166e-02  2.019651e-02  0.000000e+00  0.000000e+00  0.000000e+00  0.000000e+00  2.336245e-02  3.515284e-02  2.478166e-02  2.019651e-02  1.517467e-02  4.585153e-03  0.000000e+00
1.599532e-01  0.000000e+00  2.696507e-02  3.318777e-02  3.002183e-02  1.724891e-02  0.000000e+00  0.000000e+00  0.000000e+00  0.000000e+00  2.696507e-02  3.318777e-02  3.002183e-02  2.183406e-02  1.146288e-02  5.786026e-03  0.000000e+00
1.680482e-01  0.000000e+00  3.253275e-02  3.351528e-02  2.500000e-02  0.000000e+00  0.000000e+00  0.000000e+00  0.000000e+00  0.000000e+00  3.253275e-02  3.351528e-02  2.500000e-02  1.757642e-02  1.222707e-02  6.004367e-03  0.000000e+00
1.765529e-01  0.000000e+00  3.111354e-02  3.406114e-02  2.620087e-02  0.000000e+00  0.000000e+00  0.000000e+00  0.000000e+00  0.000000e+00  3.111354e-02  3.406114e-02  2.620087e-02  1.659389e-02  1.048035e-02  5.458515e-04  0.000000e+00
1.854879e-01  0.000000e+00  3.580786e-02  3.187773e-02  2.347162e-02  0.000000e+00  0.000000e+00  0.000000e+00  0.000000e+00  0.000000e+00  3.580786e-02  3.187773e-02  2.347162e-02  1.626638e-02  1.102620e-02  0.000000e+00  0.000000e+00
1.948752e-01  0.000000e+00  3.548035e-02  3.155022e-02  2.336245e-02  0.000000e+00  0.000000e+00  0.000000e+00  0.000000e+00  0.000000e+00  3.548035e-02  3.155022e-02  2.336245e-02  1.473799e-02  9.061135e-03  0.000000e+00  0.000000e+00
2.047376e-01  0.000000e+00  3.580786e-02  3.264192e-02  1.331878e-02  0.000000e+00  0.000000e+00  0.000000e+00  0.000000e+00  1.310044e-03  3.580786e-02  3.264192e-02  2.019651e-02  1.189956e-02  9.170306e-03  0.000000e+00  0.000000e+00
2.150991e-01  0.000000e+00  3.842795e-02  2.991266e-02  0.000000e+00  0.000000e+00  0.000000e+00  0.000000e+00  0.000000e+00  7.314410e-03  3.842795e-02  2.991266e-02  1.855895e-02  1.342795e-02  8.187773e-03  0.000000e+00  0.000000e+00
2.259849e-01  0.000000e+00  3.820961e-02  2.794760e-02  0.000000e+00  0.000000e+00  0.000000e+00  0.000000e+00  0.000000e+00  8.078603e-03  3.820961e-02  2.794760e-02  2.052402e-02  1.113537e-02  7.096070e-03  0.000000e+00  0.000000e+00
2.374217e-01  0.000000e+00  4.006550e-02  2.969432e-02  0.000000e+00  0.000000e+00  0.000000e+00  0.000000e+00  0.000000e+00  9.388646e-03  4.006550e-02  2.969432e-02  1.692140e-02  1.189956e-02  4.366812e-03  0.000000e+00  0.000000e+00
2.494373e-01  0.000000e+00  3.962882e-02  2.914847e-02  0.000000e+00  0.000000e+00  0.000000e+00  0.000000e+00  0.000000e+00  8.078603e-03  3.962882e-02  2.914847e-02  1.703057e-02  9.934498e-03  0.000000e+00  0.000000e+00  0.000000e+00
2.620610e-01  0.000000e+00  3.711790e-02  2.740175e-02  0.000000e+00  0.000000e+00  0.000000e+00  0.000000e+00  0.000000e+00  1.091703e-02  3.711790e-02  2.740175e-02  1.441048e-02  6.986900e-03  0.000000e+00  0.000000e+00  0.000000e+00
2.753235e-01  0.000000e+00  4.028384e-02  2.685590e-02  0.000000e+00  0.000000e+00  0.000000e+00  0.000000e+00  0.000000e+00  1.550218e-02  4.028384e-02  2.685590e-02  1.364629e-02  0.000000e+00  0.000000e+00  0.000000e+00  0.000000e+00
2.892573e-01  0.000000e+00  3.908297e-02  1.026201e-02  0.000000e+00  0.000000e+00  0.000000e+00  0.000000e+00  0.000000e+00  1.550218e-02  3.908297e-02  2.554585e-02  1.331878e-02  0.000000e+00  0.000000e+00  0.000000e+00  0.000000e+00
3.038962e-01  0.000000e+00  3.504367e-02  0.000000e+00  0.000000e+00  0.000000e+00  0.000000e+00  0.000000e+00  0.000000e+00  1.310044e-02  3.504367e-02  2.456332e-02  1.069869e-02  0.000000e+00  0.000000e+00  0.000000e+00  0.000000e+00
3.192759e-01  0.000000e+00  3.482533e-02  0.000000e+00  0.000000e+00  0.000000e+00  0.000000e+00  0.000000e+00  0.000000e+00  1.834061e-02  3.482533e-02  2.117904e-02  3.056769e-03  0.000000e+00  0.000000e+00  0.000000e+00  0.000000e+00
3.354340e-01  0.000000e+00  3.111354e-02  0.000000e+00  0.000000e+00  0.000000e+00  0.000000e+00  0.000000e+00  0.000000e+00  2.128821e-02  3.111354e-02  2.008734e-02  0.000000e+00  0.000000e+00  0.000000e+00  0.000000e+00  0.000000e+00
3.524099e-01  1.703057e-02  2.903930e-02  0.000000e+00  0.000000e+00  0.000000e+00  0.000000e+00  0.000000e+00  0.000000e+00  2.325328e-02  2.903930e-02  1.506550e-02  0.000000e+00  0.000000e+00  0.000000e+00  0.000000e+00  0.000000e+00
3.702449e-01  2.303493e-02  2.762009e-02  0.000000e+00  0.000000e+00  0.000000e+00  0.000000e+00  0.000000e+00  0.000000e+00  2.303493e-02  2.762009e-02  1.331878e-02  0.000000e+00  0.000000e+00  0.000000e+00  0.000000e+00  0.000000e+00
3.889824e-01  2.740175e-02  1.659389e-02  0.000000e+00  0.000000e+00  0.000000e+00  0.000000e+00  0.000000e+00  0.000000e+00  2.740175e-02  2.609170e-02  1.069869e-02  0.000000e+00  0.000000e+00  0.000000e+00  0.000000e+00  0.000000e+00
4.086683e-01  3.067686e-02  0.000000e+00  0.000000e+00  0.000000e+00  0.000000e+00  0.000000e+00  0.000000e+00  0.000000e+00  3.067686e-02  2.445415e-02  9.388646e-03  0.000000e+00  0.000000e+00  0.000000e+00  0.000000e+00  0.000000e+00
4.293504e-01  3.307860e-02  0.000000e+00  0.000000e+00  0.000000e+00  0.000000e+00  0.000000e+00  0.000000e+00  0.000000e+00  3.307860e-02  2.205240e-02  5.458515e-03  0.000000e+00  0.000000e+00  0.000000e+00  0.000000e+00  0.000000e+00
4.510792e-01  3.930131e-02  0.000000e+00  0.000000e+00  0.000000e+00  0.000000e+00  0.000000e+00  0.000000e+00  0.000000e+00  3.930131e-02  1.713974e-02  0.000000e+00  0.000000e+00  0.000000e+00  0.000000e+00  0.000000e+00  0.000000e+00
4.739077e-01  4.650655e-02  0.000000e+00  0.000000e+00  0.000000e+00  0.000000e+00  0.000000e+00  0.000000e+00  0.000000e+00  4.650655e-02  1.768559e-02  0.000000e+00  0.000000e+00  0.000000e+00  0.000000e+00  0.000000e+00  0.000000e+00
4.978915e-01  4.879913e-02  0.000000e+00  0.000000e+00  0.000000e+00  0.000000e+00  0.000000e+00  0.000000e+00  0.000000e+00  4.879913e-02  1.517467e-02  0.000000e+00  0.000000e+00  0.000000e+00  0.000000e+00  0.000000e+00  0.000000e+00
5.230891e-01  5.120087e-02  0.000000e+00  0.000000e+00  0.000000e+00  0.000000e+00  0.000000e+00  0.000000e+00  0.000000e+00  5.120087e-02  1.058952e-02  0.000000e+00  0.000000e+00  0.000000e+00  0.000000e+00  0.000000e+00  0.000000e+00
5.495619e-01  5.447598e-02  0.000000e+00  0.000000e+00  0.000000e+00  0.000000e+00  0.000000e+00  0.000000e+00  0.000000e+00  5.447598e-02  6.659389e-03  0.000000e+00  0.000000e+00  0.000000e+00  0.000000e+00  0.000000e+00  0.000000e+00
5.773745e-01  4.978166e-02  0.000000e+00  0.000000e+00  0.000000e+00  0.000000e+00  0.000000e+00  0.000000e+00  0.000000e+00  4.978166e-02  8.187773e-03  0.000000e+00  0.000000e+00  0.000000e+00  0.000000e+00  0.000000e+00  0.000000e+00
6.065946e-01  4.443231e-02  0.000000e+00  0.000000e+00  0.000000e+00  0.000000e+00  0.000000e+00  0.000000e+00  0.000000e+00  4.443231e-02  3.602620e-03  0.000000e+00  0.000000e+00  0.000000e+00  0.000000e+00  0.000000e+00  0.000000e+00
6.372935e-01  4.486900e-02  0.000000e+00  0.000000e+00  0.000000e+00  0.000000e+00  0.000000e+00  0.000000e+00  0.000000e+00  4.486900e-02  0.000000e+00  0.000000e+00  0.000000e+00  0.000000e+00  0.000000e+00  0.000000e+00  0.000000e+00
6.695461e-01  4.334061e-02  0.000000e+00  0.000000e+00  0.000000e+00  0.000000e+00  0.000000e+00  0.000000e+00  0.000000e+00  4.334061e-02  0.000000e+00  0.000000e+00  0.000000e+00  0.000000e+00  0.000000e+00  0.000000e+00  0.000000e+00
7.034309e-01  3.307860e-02  0.000000e+00  0.000000e+00  0.000000e+00  0.000000e+00  0.000000e+00  0.000000e+00  0.000000e+00  3.307860e-02  0.000000e+00  0.000000e+00  0.000000e+00  0.000000e+00  0.000000e+00  0.000000e+00  0.000000e+00
7.390305e-01  3.231441e-02  0.000000e+00  0.000000e+00  0.000000e+00  0.000000e+00  0.000000e+00  0.000000e+00  0.000000e+00  3.231441e-02  0.000000e+00  0.000000e+00  0.000000e+00  0.000000e+00  0.000000e+00  0.000000e+00  0.000000e+00
7.764318e-01  3.176856e-02  0.000000e+00  0.000000e+00  0.000000e+00  0.000000e+00  0.000000e+00  0.000000e+00  0.000000e+00  3.176856e-02  0.000000e+00  0.000000e+00  0.000000e+00  0.000000e+00  0.000000e+00  0.000000e+00  0.000000e+00
8.157259e-01  2.674672e-02  0.000000e+00  0.000000e+00  0.000000e+00  0.000000e+00  0.000000e+00  0.000000e+00  0.000000e+00  2.674672e-02  0.000000e+00  0.000000e+00  0.000000e+00  0.000000e+00  0.000000e+00  0.000000e+00  0.000000e+00
8.570087e-01  2.074236e-03  0.000000e+00  0.000000e+00  0.000000e+00  0.000000e+00  0.000000e+00  0.000000e+00  0.000000e+00  2.281659e-02  0.000000e+00  0.000000e+00  0.000000e+00  0.000000e+00  0.000000e+00  0.000000e+00  0.000000e+00
9.003807e-01  0.000000e+00  0.000000e+00  0.000000e+00  0.000000e+00  0.000000e+00  0.000000e+00  0.000000e+00  0.000000e+00  1.921397e-02  0.000000e+00  0.000000e+00  0.000000e+00  0.000000e+00  0.000000e+00  0.000000e+00  0.000000e+00
9.459477e-01  0.000000e+00  0.000000e+00  0.000000e+00  0.000000e+00  0.000000e+00  0.000000e+00  0.000000e+00  0.000000e+00  1.834061e-02  0.000000e+00  0.000000e+00  0.000000e+00  0.000000e+00  0.000000e+00  0.000000e+00  0.000000e+00
9.938208e-01  0.000000e+00  0.000000e+00  0.000000e+00  0.000000e+00  0.000000e+00  0.000000e+00  0.000000e+00  0.000000e+00  1.528384e-02  0.000000e+00  0.000000e+00  0.000000e+00  0.000000e+00  0.000000e+00  0.000000e+00  0.000000e+00
1.044117e+00  0.000000e+00  0.000000e+00  0.000000e+00  0.000000e+00  0.000000e+00  0.000000e+00  0.000000e+00  0.000000e+00  1.331878e-02  0.000000e+00  0.000000e+00  0.000000e+00  0.000000e+00  0.000000e+00  0.000000e+00  0.000000e+00
1.096958e+00  0.000000e+00  0.000000e+00  0.000000e+00  0.000000e+00  0.000000e+00  0.000000e+00  0.000000e+00  0.000000e+00  1.048035e-02  0.000000e+00  0.000000e+00  0.000000e+00  0.000000e+00  0.000000e+00  0.000000e+00  0.000000e+00
1.152473e+00  0.000000e+00  0.000000e+00  0.000000e+00  0.000000e+00  0.000000e+00  0.000000e+00  0.000000e+00  0.000000e+00  9.606987e-03  0.000000e+00  0.000000e+00  0.000000e+00  0.000000e+00  0.000000e+00  0.000000e+00  0.000000e+00
1.210799e+00  0.000000e+00  0.000000e+00  0.000000e+00  0.000000e+00  0.000000e+00  0.000000e+00  0.000000e+00  0.000000e+00  1.058952e-02  0.000000e+00  0.000000e+00  0.000000e+00  0.000000e+00  0.000000e+00  0.000000e+00  0.000000e+00
1.272075e+00  0.000000e+00  0.000000e+00  0.000000e+00  0.000000e+00  0.000000e+00  0.000000e+00  0.000000e+00  0.000000e+00  7.205240e-03  0.000000e+00  0.000000e+00  0.000000e+00  0.000000e+00  0.000000e+00  0.000000e+00  0.000000e+00
1.336453e+00  0.000000e+00  0.000000e+00  0.000000e+00  0.000000e+00  0.000000e+00  0.000000e+00  0.000000e+00  0.000000e+00  5.567686e-03  0.000000e+00  0.000000e+00  0.000000e+00  0.000000e+00  0.000000e+00  0.000000e+00  0.000000e+00
1.404089e+00  0.000000e+00  0.000000e+00  0.000000e+00  0.000000e+00  0.000000e+00  0.000000e+00  0.000000e+00  0.000000e+00  4.694323e-03  0.000000e+00  0.000000e+00  0.000000e+00  0.000000e+00  0.000000e+00  0.000000e+00  0.000000e+00
