7.874507e-05  0.000000e+00  0.000000e+00  0.000000e+00  0.000000e+00  0.000000e+00  0.000000e+00  0.000000e+00  0.000000e+00  0.000000e+00  0.000000e+00  0.000000e+00  0.000000e+00  0.000000e+00  0.000000e+00  0.000000e+00  5.900000e-03
8.298124e-05  0.000000e+00  0.000000e+00  0.000000e+00  0.000000e+00  0.000000e+00  0.000000e+00  0.000000e+00  0.000000e+00  0.000000e+00  0.000000e+00  0.000000e+00  0.000000e+00  0.000000e+00  0.000000e+00  0.000000e+00  7.300000e-03
8.744529e-05  0.000000e+00  0.000000e+00  0.000000e+00  0.000000e+00  0.000000e+00  0.000000e+00  0.000000e+00  0.000000e+00  0.000000e+00  0.000000e+00  0.000000e+00  0.000000e+00  0.000000e+00  0.000000e+00  0.000000e+00  9.500000e-03
9.214948e-05  0.000000e+00  0.000000e+00  0.000000e+00  0.000000e+00  0.000000e+00  0.000000e+00  0.000000e+00  0.000000e+00  0.000000e+00  0.000000e+00  0.000000e+00  0.000000e+00  0.000000e+00  0.000000e+00  0.000000e+00  8.900000e-03
9.710675e-05  0.000000e+00  0.000000e+00  0.000000e+00  0.000000e+00  0.000000e+00  0.000000e+00  0.000000e+00  0.000000e+00  0.000000e+00  0.000000e+00  0.000000e+00  0.000000e+00  0.000000e+00  0.000000e+00  0.000000e+00  1.300000e-02
1.023307e-04  0.000000e+00  0.000000e+00  0.000000e+00  0.000000e+00  0.000000e+00  0.000000e+00  0.000000e+00  0.000000e+00  0.000000e+00  0.000000e+00  0.000000e+00  0.000000e+00  0.000000e+00  0.000000e+00  0.000000e+00  1.170000e-02
1.078357e-04  0.000000e+00  0.000000e+00  0.000000e+00  0.000000e+00  0.000000e+00  0.000000e+00  0.000000e+00  0.000000e+00  0.000000e+00  0.000000e+00  0.000000e+00  0.000000e+00  0.000000e+00  0.000000e+00  0.000000e+00  1.350000e-02
1.136368e-04  0.000000e+00  0.000000e+00  0.000000e+00  0.000000e+00  0.000000e+00  0.000000e+00  0.000000e+00  0.000000e+00  0.000000e+00  0.000000e+00  0.000000e+00  0.000000e+00  0.000000e+00  0.000000e+00  0.000000e+00  1.620000e-02
1.197500e-04  0.000000e+00  0.000000e+00  0.000000e+00  0.000000e+00  0.000000e+00  0.000000e+00  0.000000e+00  0.000000e+00  0.000000e+00  0.000000e+00  0.000000e+00  0.000000e+00  0.000000e+00  0.000000e+00  0.000000e+00  1.640000e-02
1.261920e-04  0.000000e+00  0.000000e+00  0.000000e+00  0.000000e+00  0.000000e+00  0.000000e+00  0.000000e+00  0.000000e+00  0.000000e+00  0.000000e+00  0.000000e+00  0.000000e+00  0.000000e+00  0.000000e+00  0.000000e+00  1.880000e-02
1.329806e-04  0.000000e+00  0.000000e+00  0.000000e+00  0.000000e+00  0.000000e+00  0.000000e+00  0.000000e+00  7.000000e-03  0.000000e+00  0.000000e+00  0.000000e+00  0.000000e+00  0.000000e+00  0.000000e+00  0.000000e+00  2.080000e-02
1.401345e-04  0.000000e+00  0.000000e+00  0.000000e+00  0.000000e+00  0.000000e+00  0.000000e+00  0.000000e+00  1.960000e-02  0.000000e+00  0.000000e+00  0.000000e+00  0.000000e+00  0.000000e+00  0.000000e+00  0.000000e+00  1.960000e-02
1.476731e-04  0.000000e+00  0.000000e+00  0.000000e+00  0.000000e+00  0.000000e+00  0.000000e+00  0.000000e+00  2.230000e-02  0.000000e+00  0.000000e+00  0.000000e+00  0.000000e+00  0.000000e+00  0.000000e+00  0.000000e+00  2.230000e-02
1.556173e-04  0.000000e+00  0.000000e+00  0.000000e+00  0.000000e+00  0.000000e+00  0.000000e+00  0.000000e+00  2.430000e-02  0.000000e+00  0.000000e+00  0.000000e+00  0.000000e+00  0.000000e+00  0.000000e+00  0.000000e+00  2.430000e-02
1.639889e-04  0.000000e+00  0.000000e+00  0.000000e+00  0.000000e+00  0.000000e+00  0.000000e+00  0.000000e+00  2.360000e-02  0.000000e+00  0.000000e+00  0.000000e+00  0.000000e+00  0.000000e+00  0.000000e+00  0.000000e+00  2.360000e-02
1.728108e-04  0.000000e+00  0.000000e+00  0.000000e+00  0.000000e+00  0.000000e+00  0.000000e+00  0.000000e+00  2.620000e-02  0.000000e+00  0.000000e+00  0.000000e+00  0.000000e+00  0.000000e+00  0.000000e+00  0.000000e+00  2.620000e-02
1.821073e-04  0.000000e+00  0.000000e+00  0.000000e+00  0.000000e+00  0.000000e+00  0.000000e+00  0.000000e+00  2.440000e-02  0.000000e+00  0.000000e+00  0.000000e+00  0.000000e+00  0.000000e+00  0.000000e+00  0.000000e+00  2.440000e-02
1.919040e-04  0.000000e+00  0.000000e+00  0.000000e+00  0.000000e+00  0.000000e+00  0.000000e+00  0.000000e+00  2.430000e-02  0.000000e+00  0.000000e+00  0.000000e+00  0.000000e+00  0.000000e+00  0.000000e+00  0.000000e+00  2.430000e-02
2.022276e-04  0.000000e+00  0.000000e+00  0.000000e+00  0.000000e+00  0.000000e+00  0.000000e+00  0.000000e+00  2.430000e-02  0.000000e+00  0.000000e+00  0.000000e+00  0.000000e+00  0.000000e+00  0.000000e+00  0.000000e+00  2.430000e-02
2.131066e-04  0.000000e+00  0.000000e+00  0.000000e+00  0.000000e+00  0.000000e+00  0.000000e+00  0.000000e+00  2.570000e-02  0.000000e+00  0.000000e+00  0.000000e+00  0.000000e+00  0.000000e+00  0.000000e+00  0.000000e+00  2.570000e-02
2.245709e-04  0.000000e+00  0.000000e+00  0.000000e+00  0.000000e+00  0.000000e+00  0.000000e+00  0.000000e+00  2.770000e-02  0.000000e+00  0.000000e+00  0.000000e+00  0.000000e+00  0.000000e+00  0.000000e+00  0.000000e+00  2.770000e-02
2.366519e-04  0.000000e+00  0.000000e+00  0.000000e+00  0.000000e+00  0.000000e+00  0.000000e+00  0.000000e+00  2.650000e-02  0.000000e+00  0.000000e+00  0.000000e+00  0.000000e+00  0.000000e+00  0.000000e+00  0.000000e+00  2.650000e-02
2.493828e-04  0.000000e+00  0.000000e+00  0.000000e+00  0.000000e+00  0.000000e+00  0.000000e+00  0.000000e+00  2.530000e-02  0.000000e+00  0.000000e+00  0.000000e+00  0.000000e+00  0.000000e+00  0.000000e+00  0.000000e+00  2.530000e-02
2.627985e-04  0.000000e+00  0.000000e+00  0.000000e+00  0.000000e+00  0.000000e+00  0.000000e+00  0.000000e+00  2.390000e-02  0.000000e+00  0.000000e+00  0.000000e+00  0.000000e+00  0.000000e+00  0.000000e+00  0.000000e+00  2.390000e-02
2.769360e-04  0.000000e+00  0.000000e+00  0.000000e+00  0.000000e+00  0.000000e+00  0.000000e+00  0.000000e+00  2.510000e-02  0.000000e+00  0.000000e+00  0.000000e+00  0.000000e+00  0.000000e+00  0.000000e+00  0.000000e+00  2.510000e-02
2.918341e-04  0.000000e+00  0.000000e+00  0.000000e+00  0.000000e+00  0.000000e+00  0.000000e+00  0.000000e+00  2.320000e-02  0.000000e+00  0.000000e+00  0.000000e+00  0.000000e+00  0.000000e+00  0.000000e+00  0.000000e+00  2.320000e-02
3.075335e-04  0.000000e+00  0.000000e+00  0.000000e+00  0.000000e+00  0.000000e+00  0.000000e+00  0.000000e+00  2.240000e-02  0.000000e+00  0.000000e+00  0.000000e+00  0.000000e+00  0.000000e+00  0.000000e+00  0.000000e+00  2.240000e-02
3.240776e-04  0.000000e+00  0.000000e+00  0.000000e+00  0.000000e+00  0.000000e+00  0.000000e+00  0.000000e+00  2.360000e-02  0.000000e+00  0.000000e+00  0.000000e+00  0.000000e+00  0.000000e+00  0.000000e+00  0.000000e+00  2.360000e-02
3.415116e-04  0.000000e+00  0.000000e+00  0.000000e+00  0.000000e+00  0.000000e+00  0.000000e+00  0.000000e+00  2.260000e-02  0.000000e+00  0.000000e+00  0.000000e+00  0.000000e+00  0.000000e+00  0.000000e+00  0.000000e+00  2.260000e-02
3.598835e-04  0.000000e+00  0.000000e+00  0.000000e+00  0.000000e+00  0.000000e+00  0.000000e+00  0.000000e+00  2.140000e-02  0.000000e+00  0.000000e+00  0.000000e+00  0.000000e+00  0.000000e+00  0.000000e+00  0.000000e+00  2.140000e-02
3.792438e-04  0.000000e+00  0.000000e+00  0.000000e+00  0.000000e+00  0.000000e+00  0.000000e+00  0.000000e+00  2.060000e-02  0.000000e+00  0.000000e+00  0.000000e+00  0.000000e+00  0.000000e+00  0.000000e+00  0.000000e+00  2.060000e-02
3.996455e-04  0.000000e+00  0.000000e+00  0.000000e+00  0.000000e+00  0.000000e+00  0.000000e+00  0.000000e+00  2.140000e-02  0.000000e+00  0.000000e+00  0.000000e+00  0.000000e+00  0.000000e+00  0.000000e+00  0.000000e+00  2.140000e-02
4.211448e-04  0.000000e+00  0.000000e+00  0.000000e+00  0.000000e+00  0.000000e+00  0.000000e+00  0.000000e+00  2.020000e-02  0.000000e+00  0.000000e+00  0.000000e+00  0.000000e+00  0.000000e+00  0.000000e+00  0.000000e+00  2.020000e-02
4.438007e-04  0.000000e+00  0.000000e+00  0.000000e+00  0.000000e+00  0.000000e+00  0.000000e+00  0.000000e+00  2.340000e-02  0.000000e+00  0.000000e+00  0.000000e+00  0.000000e+00  0.000000e+00  0.000000e+00  0.000000e+00  2.340000e-02
4.676754e-04  0.000000e+00  0.000000e+00  0.000000e+00  0.000000e+00  0.000000e+00  0.000000e+00  0.000000e+00  2.080000e-02  0.000000e+00  0.000000e+00  0.000000e+00  0.000000e+00  0.000000e+00  0.000000e+00  0.000000e+00  2.080000e-02
4.928344e-04  0.000000e+00  0.000000e+00  0.000000e+00  0.000000e+00  0.000000e+00  0.000000e+00  0.000000e+00  1.660000e-02  0.000000e+00  0.000000e+00  0.000000e+00  0.000000e+00  0.000000e+00  0.000000e+00  0.000000e+00  1.660000e-02
5.193468e-04  0.000000e+00  0.000000e+00  0.000000e+00  0.000000e+00  0.000000e+00  0.000000e+00  0.000000e+00  1.630000e-02  0.000000e+00  0.000000e+00  0.000000e+00  0.000000e+00  0.000000e+00  0.000000e+00  0.000000e+00  1.630000e-02
5.472856e-04  0.000000e+00  0.000000e+00  0.000000e+00  0.000000e+00  0.000000e+00  0.000000e+00  0.000000e+00  1.520000e-02  0.000000e+00  0.000000e+00  0.000000e+00  0.000000e+00  0.000000e+00  0.000000e+00  0.000000e+00  1.520000e-02
5.767273e-04  0.000000e+00  0.000000e+00  0.000000e+00  0.000000e+00  0.000000e+00  0.000000e+00  0.000000e+00  1.620000e-02  0.000000e+00  0.000000e+00  0.000000e+00  0.000000e+00  0.000000e+00  0.000000e+00  0.000000e+00  1.620000e-02
6.077528e-04  0.000000e+00  0.000000e+00  0.000000e+00  0.000000e+00  0.000000e+00  0.000000e+00  0.000000e+00  1.670000e-02  0.000000e+00  0.000000e+00  0.000000e+00  0.000000e+00  0.000000e+00  0.000000e+00  0.000000e+00  1.670000e-02
6.404475e-04  0.000000e+00  0.000000e+00  0.000000e+00  0.000000e+00  0.000000e+00  0.000000e+00  0.000000e+00  1.490000e-02  0.000000e+00  0.000000e+00  0.000000e+00  0.000000e+00  0.000000e+00  0.000000e+00  0.000000e+00  1.490000e-02
6.749009e-04  0.000000e+00  0.000000e+00  0.000000e+00  0.000000e+00  0.000000e+00  0.000000e+00  0.000000e+00  1.350000e-02  0.000000e+00  0.000000e+00  0.000000e+00  0.000000e+00  0.000000e+00  0.000000e+00  0.000000e+00  1.350000e-02
7.112078e-04  0.000000e+00  0.000000e+00  0.000000e+00  0.000000e+00  0.000000e+00  0.000000e+00  0.000000e+00  8.000000e-04  0.000000e+00  0.000000e+00  0.000000e+00  0.000000e+00  0.000000e+00  0.000000e+00  0.000000e+00  1.080000e-02
7.494679e-04  0.000000e+00  0.000000e+00  0.000000e+00  0.000000e+00  0.000000e+00  0.000000e+00  0.000000e+00  0.000000e+00  0.000000e+00  0.000000e+00  0.000000e+00  0.000000e+00  0.000000e+00  0.000000e+00  0.000000e+00  1.200000e-02
7.897861e-04  0.000000e+00  0.000000e+00  0.000000e+00  0.000000e+00  0.000000e+00  0.000000e+00  0.000000e+00  0.000000e+00  0.000000e+00  0.000000e+00  0.000000e+00  0.000000e+00  0.000000e+00  0.000000e+00  0.000000e+00  1.130000e-02
8.322734e-04  0.000000e+00  0.000000e+00  0.000000e+00  0.000000e+00  0.000000e+00  0.000000e+00  0.000000e+00  0.000000e+00  0.000000e+00  0.000000e+00  0.000000e+00  0.000000e+00  0.000000e+00  0.000000e+00  0.000000e+00  9.800000e-03
8.770463e-04  0.000000e+00  0.000000e+00  0.000000e+00  0.000000e+00  0.000000e+00  0.000000e+00  0.000000e+00  0.000000e+00  0.000000e+00  0.000000e+00  0.000000e+00  0.000000e+00  0.000000e+00  0.000000e+00  0.000000e+00  1.150000e-02
9.242278e-04  0.000000e+00  0.000000e+00  0.000000e+00  0.000000e+00  0.000000e+00  0.000000e+00  0.000000e+00  0.000000e+00  0.000000e+00  0.000000e+00  0.000000e+00  0.000000e+00  0.000000e+00  0.000000e+00  0.000000e+00  9.200000e-03
9.739474e-04  0.000000e+00  0.000000e+00  0.000000e+00  0.000000e+00  0.000000e+00  0.000000e+00  0.000000e+00  0.000000e+00  0.000000e+00  0.000000e+00  0.000000e+00  0.000000e+00  0.000000e+00  0.000000e+00  0.000000e+00  7.900000e-03
1.026342e-03  0.000000e+00  0.000000e+00  0.000000e+00  0.000000e+00  0.000000e+00  0.000000e+00  0.000000e+00  0.000000e+00  0.000000e+00  0.000000e+00  0.000000e+00  0.000000e+00  0.000000e+00  0.000000e+00  0.000000e+00  8.500000e-03
1.081555e-03  0.000000e+00  0.000000e+00  0.000000e+00  0.000000e+00  0.000000e+00  0.000000e+00  0.000000e+00  0.000000e+00  0.000000e+00  0.000000e+00  0.000000e+00  0.000000e+00  0.000000e+00  0.000000e+00  0.000000e+00  7.600000e-03
1.139738e-03  0.000000e+00  0.000000e+00  0.000000e+00  0.000000e+00  0.000000e+00  0.000000e+00  0.000000e+00  0.000000e+00  0.000000e+00  0.000000e+00  0.000000e+00  0.000000e+00  0.000000e+00  0.000000e+00  4.900000e-03  7.400000e-03
1.201051e-03  0.000000e+00  0.000000e+00  0.000000e+00  0.000000e+00  0.000000e+00  0.000000e+00  0.000000e+00  0.000000e+00  0.000000e+00  0.000000e+00  0.000000e+00  0.000000e+00  0.000000e+00  0.000000e+00  8.600000e-03  7.600000e-03
1.265663e-03  0.000000e+00  0.000000e+00  0.000000e+00  0.000000e+00  0.000000e+00  0.000000e+00  0.000000e+00  0.000000e+00  0.000000e+00  0.000000e+00  0.000000e+00  0.000000e+00  0.000000e+00  0.000000e+00  1.020000e-02  5.500000e-03
1.333750e-03  0.000000e+00  0.000000e+00  0.000000e+00  0.000000e+00  0.000000e+00  0.000000e+00  0.000000e+00  0.000000e+00  0.000000e+00  0.000000e+00  0.000000e+00  0.000000e+00  0.000000e+00  0.000000e+00  1.410000e-02  5.200000e-03
1.405501e-03  0.000000e+00  0.000000e+00  0.000000e+00  0.000000e+00  0.000000e+00  0.000000e+00  0.000000e+00  0.000000e+00  0.000000e+00  0.000000e+00  0.000000e+00  0.000000e+00  0.000000e+00  0.000000e+00  1.400000e-02  6.300000e-03
1.481111e-03  0.000000e+00  0.000000e+00  0.000000e+00  0.000000e+00  0.000000e+00  0.000000e+00  0.000000e+00  0.000000e+00  0.000000e+00  0.000000e+00  0.000000e+00  0.000000e+00  0.000000e+00  0.000000e+00  2.010000e-02  3.500000e-03
1.560788e-03  0.000000e+00  0.000000e+00  0.000000e+00  0.000000e+00  0.000000e+00  0.000000e+00  0.000000e+00  0.000000e+00  0.000000e+00  0.000000e+00  0.000000e+00  0.000000e+00  0.000000e+00  0.000000e+00  2.060000e-02  3.900000e-03
1.644752e-03  0.000000e+00  0.000000e+00  0.000000e+00  0.000000e+00  0.000000e+00  0.000000e+00  0.000000e+00  0.000000e+00  0.000000e+00  0.000000e+00  0.000000e+00  0.000000e+00  0.000000e+00  0.000000e+00  2.290000e-02  3.100000e-03
1.733233e-03  0.000000e+00  0.000000e+00  0.000000e+00  0.000000e+00  0.000000e+00  0.000000e+00  6.800000e-03  0.000000e+00  0.000000e+00  0.000000e+00  0.000000e+00  0.000000e+00  0.000000e+00  0.000000e+00  2.640000e-02  2.900000e-03
1.826474e-03  0.000000e+00  0.000000e+00  0.000000e+00  0.000000e+00  0.000000e+00  0.000000e+00  2.530000e-02  0.000000e+00  0.000000e+00  0.000000e+00  0.000000e+00  0.000000e+00  0.000000e+00  0.000000e+00  2.530000e-02  1.800000e-03
1.924731e-03  0.000000e+00  0.000000e+00  0.000000e+00  0.000000e+00  0.000000e+00  0.000000e+00  2.800000e-02  0.000000e+00  0.000000e+00  0.000000e+00  0.000000e+00  0.000000e+00  0.000000e+00  0.000000e+00  2.800000e-02  0.000000e+00
2.028274e-03  0.000000e+00  0.000000e+00  0.000000e+00  0.000000e+00  0.000000e+00  0.000000e+00  2.850000e-02  0.000000e+00  0.000000e+00  0.000000e+00  0.000000e+00  0.000000e+00  0.000000e+00  0.000000e+00  2.850000e-02  0.000000e+00
2.137387e-03  0.000000e+00  0.000000e+00  0.000000e+00  0.000000e+00  0.000000e+00  0.000000e+00  3.060000e-02  0.000000e+00  0.000000e+00  0.000000e+00  0.000000e+00  0.000000e+00  0.000000e+00  8.100000e-03  3.060000e-02  0.000000e+00
2.252369e-03  0.000000e+00  0.000000e+00  0.000000e+00  0.000000e+00  0.000000e+00  0.000000e+00  2.930000e-02  0.000000e+00  0.000000e+00  0.000000e+00  0.000000e+00  0.000000e+00  0.000000e+00  6.500000e-03  2.930000e-02  0.000000e+00
2.373537e-03  0.000000e+00  0.000000e+00  0.000000e+00  0.000000e+00  0.000000e+00  0.000000e+00  2.680000e-02  0.000000e+00  0.000000e+00  0.000000e+00  0.000000e+00  0.000000e+00  0.000000e+00  9.700000e-03  2.680000e-02  0.000000e+00
2.501224e-03  0.000000e+00  0.000000e+00  0.000000e+00  0.000000e+00  0.000000e+00  0.000000e+00  2.670000e-02  0.000000e+00  0.000000e+00  0.000000e+00  0.000000e+00  0.000000e+00  0.000000e+00  1.290000e-02  2.670000e-02  0.000000e+00
2.635779e-03  0.000000e+00  0.000000e+00  0.000000e+00  0.000000e+00  0.000000e+00  0.000000e+00  2.940000e-02  0.000000e+00  0.000000e+00  0.000000e+00  0.000000e+00  0.000000e+00  0.000000e+00  1.410000e-02  2.940000e-02  0.000000e+00
2.777574e-03  0.000000e+00  0.000000e+00  0.000000e+00  0.000000e+00  0.000000e+00  0.000000e+00  2.610000e-02  0.000000e+00  0.000000e+00  0.000000e+00  0.000000e+00  0.000000e+00  3.000000e-03  1.750000e-02  2.610000e-02  0.000000e+00
2.926996e-03  0.000000e+00  0.000000e+00  0.000000e+00  0.000000e+00  0.000000e+00  0.000000e+00  2.560000e-02  0.000000e+00  0.000000e+00  0.000000e+00  0.000000e+00  0.000000e+00  8.000000e-03  2.010000e-02  2.560000e-02  0.000000e+00
3.084456e-03  0.000000e+00  0.000000e+00  0.000000e+00  0.000000e+00  0.000000e+00  0.000000e+00  2.730000e-02  0.000000e+00  0.000000e+00  0.000000e+00  0.000000e+00  0.000000e+00  8.800000e-03  2.130000e-02  2.730000e-02  0.000000e+00
3.250387e-03  0.000000e+00  0.000000e+00  0.000000e+00  0.000000e+00  0.000000e+00  0.000000e+00  2.620000e-02  0.000000e+00  0.000000e+00  0.000000e+00  0.000000e+00  0.000000e+00  1.240000e-02  2.260000e-02  2.620000e-02  0.000000e+00
3.425245e-03  0.000000e+00  0.000000e+00  0.000000e+00  0.000000e+00  0.000000e+00  2.170000e-02  2.720000e-02  0.000000e+00  0.000000e+00  0.000000e+00  0.000000e+00  0.000000e+00  1.310000e-02  2.390000e-02  2.720000e-02  0.000000e+00
3.609509e-03  0.000000e+00  0.000000e+00  0.000000e+00  0.000000e+00  0.000000e+00  2.870000e-02  2.420000e-02  0.000000e+00  0.000000e+00  0.000000e+00  0.000000e+00  0.000000e+00  1.700000e-02  2.870000e-02  2.420000e-02  0.000000e+00
3.803685e-03  0.000000e+00  0.000000e+00  0.000000e+00  0.000000e+00  0.000000e+00  2.490000e-02  2.450000e-02  0.000000e+00  0.000000e+00  0.000000e+00  0.000000e+00  0.000000e+00  1.940000e-02  2.490000e-02  2.450000e-02  0.000000e+00
4.008308e-03  0.000000e+00  0.000000e+00  0.000000e+00  0.000000e+00  0.000000e+00  2.380000e-02  2.350000e-02  0.000000e+00  0.000000e+00  0.000000e+00  0.000000e+00  0.000000e+00  2.120000e-02  2.380000e-02  2.350000e-02  0.000000e+00
4.223939e-03  0.000000e+00  0.000000e+00  0.000000e+00  0.000000e+00  0.000000e+00  2.730000e-02  2.520000e-02  0.000000e+00  0.000000e+00  0.000000e+00  0.000000e+00  5.900000e-03  2.210000e-02  2.730000e-02  2.520000e-02  0.000000e+00
4.451169e-03  0.000000e+00  0.000000e+00  0.000000e+00  0.000000e+00  1.320000e-02  2.690000e-02  2.470000e-02  0.000000e+00  0.000000e+00  0.000000e+00  0.000000e+00  7.700000e-03  2.320000e-02  2.690000e-02  2.470000e-02  0.000000e+00
4.690624e-03  0.000000e+00  0.000000e+00  0.000000e+00  0.000000e+00  2.630000e-02  2.240000e-02  2.240000e-02  0.000000e+00  0.000000e+00  0.000000e+00  0.000000e+00  1.150000e-02  2.630000e-02  2.240000e-02  2.240000e-02  0.000000e+00
4.942960e-03  0.000000e+00  0.000000e+00  0.000000e+00  0.000000e+00  2.280000e-02  2.830000e-02  2.220000e-02  0.000000e+00  0.000000e+00  0.000000e+00  0.000000e+00  1.320000e-02  2.280000e-02  2.830000e-02  2.220000e-02  0.000000e+00
5.208871e-03  0.000000e+00  0.000000e+00  0.000000e+00  0.000000e+00  2.760000e-02  2.810000e-02  1.960000e-02  0.000000e+00  0.000000e+00  0.000000e+00  0.000000e+00  1.550000e-02  2.760000e-02  2.810000e-02  1.960000e-02  0.000000e+00
5.489087e-03  0.000000e+00  0.000000e+00  0.000000e+00  0.000000e+00  2.430000e-02  2.810000e-02  1.940000e-02  0.000000e+00  0.000000e+00  0.000000e+00  0.000000e+00  1.610000e-02  2.430000e-02  2.810000e-02  1.940000e-02  0.000000e+00
5.784377e-03  0.000000e+00  0.000000e+00  0.000000e+00  0.000000e+00  2.300000e-02  2.860000e-02  1.680000e-02  0.000000e+00  0.000000e+00  0.000000e+00  0.000000e+00  1.740000e-02  2.300000e-02  2.860000e-02  1.680000e-02  0.000000e+00
6.095553e-03  0.000000e+00  0.000000e+00  0.000000e+00  0.000000e+00  2.680000e-02  2.860000e-02  1.830000e-02  0.000000e+00  0.000000e+00  0.000000e+00  0.000000e+00  2.290000e-02  2.680000e-02  2.860000e-02  1.830000e-02  0.000000e+00
6.423469e-03  0.000000e+00  0.000000e+00  0.000000e+00  0.000000e+00  2.770000e-02  2.640000e-02  1.690000e-02  0.000000e+00  0.000000e+00  0.000000e+00  0.000000e+00  2.390000e-02  2.770000e-02  2.640000e-02  1.690000e-02  0.000000e+00
6.769025e-03  0.000000e+00  0.000000e+00  0.000000e+00  2.430000e-02  2.670000e-02  2.530000e-02  1.560000e-02  0.000000e+00  0.000000e+00  0.000000e+00  0.000000e+00  2.520000e-02  2.670000e-02  2.530000e-02  1.560000e-02  0.000000e+00
7.133171e-03  0.000000e+00  0.000000e+00  0.000000e+00  2.340000e-02  2.800000e-02  2.650000e-02  1.370000e-02  0.000000e+00  0.000000e+00  0.000000e+00  1.100000e-03  2.340000e-02  2.800000e-02  2.650000e-02  1.370000e-02  0.000000e+00
7.516906e-03  0.000000e+00  0.000000e+00  0.000000e+00  2.740000e-02  2.730000e-02  2.670000e-02  1.510000e-02  0.000000e+00  0.000000e+00  0.000000e+00  7.800000e-03  2.740000e-02  2.730000e-02  2.670000e-02  1.510000e-02  0.000000e+00
7.921285e-03  0.000000e+00  0.000000e+00  0.000000e+00  2.650000e-02  2.830000e-02  2.560000e-02  1.340000e-02  0.000000e+00  0.000000e+00  0.000000e+00  8.800000e-03  2.650000e-02  2.830000e-02  2.560000e-02  1.340000e-02  0.000000e+00
8.347417e-03  0.000000e+00  0.000000e+00  0.000000e+00  2.850000e-02  3.180000e-02  2.350000e-02  7.000000e-04  0.000000e+00  0.000000e+00  0.000000e+00  1.320000e-02  2.850000e-02  3.180000e-02  2.350000e-02  1.340000e-02  0.000000e+00
8.796474e-03  0.000000e+00  0.000000e+00  0.000000e+00  3.000000e-02  2.910000e-02  2.360000e-02  0.000000e+00  0.000000e+00  0.000000e+00  0.000000e+00  1.180000e-02  3.000000e-02  2.910000e-02  2.360000e-02  1.260000e-02  0.000000e+00
9.269688e-03  0.000000e+00  0.000000e+00  0.000000e+00  2.790000e-02  2.830000e-02  2.480000e-02  0.000000e+00  0.000000e+00  0.000000e+00  0.000000e+00  1.570000e-02  2.790000e-02  2.830000e-02  2.480000e-02  1.100000e-02  0.000000e+00
9.768360e-03  0.000000e+00  0.000000e+00  0.000000e+00  2.710000e-02  2.540000e-02  2.150000e-02  0.000000e+00  0.000000e+00  0.000000e+00  0.000000e+00  1.810000e-02  2.710000e-02  2.540000e-02  2.150000e-02  1.050000e-02  0.000000e+00
1.029386e-02  0.000000e+00  0.000000e+00  0.000000e+00  2.930000e-02  2.420000e-02  2.060000e-02  0.000000e+00  0.000000e+00  0.000000e+00  0.000000e+00  2.000000e-02  2.930000e-02  2.420000e-02  2.060000e-02  9.800000e-03  0.000000e+00
1.084762e-02  0.000000e+00  0.000000e+00  0.000000e+00  2.860000e-02  2.730000e-02  2.080000e-02  0.000000e+00  0.000000e+00  0.000000e+00  0.000000e+00  2.210000e-02  2.860000e-02  2.730000e-02  2.080000e-02  8.900000e-03  0.000000e+00
1.143118e-02  0.000000e+00  0.000000e+00  6.500000e-03  3.190000e-02  2.460000e-02  2.040000e-02  0.000000e+00  0.000000e+00  0.000000e+00  0.000000e+00  2.290000e-02  3.190000e-02  2.460000e-02  2.040000e-02  7.500000e-03  0.000000e+00
1.204613e-02  0.000000e+00  0.000000e+00  2.610000e-02  3.010000e-02  2.340000e-02  2.080000e-02  0.000000e+00  0.000000e+00  0.000000e+00  8.000000e-03  2.610000e-02  3.010000e-02  2.340000e-02  2.080000e-02  8.000000e-03  0.000000e+00
1.269417e-02  0.000000e+00  0.000000e+00  2.910000e-02  2.570000e-02  2.310000e-02  1.600000e-02  0.000000e+00  0.000000e+00  0.000000e+00  1.140000e-02  2.910000e-02  2.570000e-02  2.310000e-02  1.600000e-02  8.600000e-03  0.000000e+00
1.337706e-02  0.000000e+00  0.000000e+00  3.080000e-02  2.780000e-02  2.150000e-02  1.660000e-02  0.000000e+00  0.000000e+00  0.000000e+00  1.310000e-02  3.080000e-02  2.780000e-02  2.150000e-02  1.660000e-02  7.200000e-03  0.000000e+00
1.409669e-02  0.000000e+00  0.000000e+00  2.860000e-02  2.950000e-02  2.460000e-02  1.740000e-02  0.000000e+00  0.000000e+00  0.000000e+00  1.430000e-02  2.860000e-02  2.950000e-02  2.460000e-02  1.740000e-02  6.400000e-03  0.000000e+00
1.485503e-02  0.000000e+00  0.000000e+00  3.100000e-02  2.970000e-02  2.040000e-02  6.100000e-03  0.000000e+00  0.000000e+00  0.000000e+00  1.490000e-02  3.100000e-02  2.970000e-02  2.040000e-02  1.640000e-02  6.300000e-03  0.000000e+00
1.565417e-02  0.000000e+00  0.000000e+00  3.040000e-02  2.700000e-02  2.070000e-02  0.000000e+00  0.000000e+00  0.000000e+00  0.000000e+00  1.970000e-02  3.040000e-02  2.700000e-02  2.070000e-02  1.420000e-02  5.600000e-03  0.000000e+00
1.649630e-02  0.000000e+00  0.000000e+00  3.160000e-02  2.820000e-02  2.200000e-02  0.000000e+00  0.000000e+00  0.000000e+00  0.000000e+00  2.090000e-02  3.160000e-02  2.820000e-02  2.200000e-02  1.600000e-02  7.300000e-03  0.000000e+00
1.738374e-02  0.000000e+00  0.000000e+00  2.970000e-02  2.350000e-02  1.900000e-02  0.000000e+00  0.000000e+00  0.000000e+00  0.000000e+00  1.970000e-02  2.970000e-02  2.350000e-02  1.900000e-02  1.250000e-02  4.300000e-03  0.000000e+00
1.831891e-02  0.000000e+00  1.110000e-02  3.750000e-02  2.770000e-02  1.260000e-02  0.000000e+00  0.000000e+00  0.000000e+00  0.000000e+00  2.410000e-02  3.750000e-02  2.770000e-02  1.930000e-02  1.310000e-02  3.800000e-03  0.000000e+00
1.930439e-02  0.000000e+00  2.410000e-02  3.290000e-02  2.640000e-02  0.000000e+00  0.000000e+00  0.000000e+00  0.000000e+00  0.000000e+00  2.410000e-02  3.290000e-02  2.640000e-02  1.740000e-02  1.050000e-02  3.900000e-03  0.000000e+00
2.034289e-02  0.000000e+00  2.480000e-02  3.500000e-02  2.620000e-02  0.000000e+00  0.000000e+00  0.000000e+00  0.000000e+00  0.000000e+00  2.480000e-02  3.500000e-02  2.620000e-02  1.650000e-02  1.090000e-02  6.000000e-04  0.000000e+00
2.143726e-02  0.000000e+00  2.740000e-02  2.890000e-02  2.160000e-02  0.000000e+00  0.000000e+00  0.000000e+00  0.000000e+00  0.000000e+00  2.740000e-02  2.890000e-02  2.160000e-02  1.560000e-02  9.700000e-03  0.000000e+00  0.000000e+00
2.259049e-02  0.000000e+00  3.120000e-02  3.230000e-02  2.450000e-02  0.000000e+00  0.000000e+00  0.000000e+00  0.000000e+00  0.000000e+00  3.120000e-02  3.230000e-02  2.450000e-02  1.300000e-02  8.700000e-03  0.000000e+00  0.000000e+00
2.380577e-02  0.000000e+00  3.570000e-02  3.090000e-02  2.180000e-02  0.000000e+00  0.000000e+00  0.000000e+00  0.000000e+00  0.000000e+00  3.570000e-02  3.090000e-02  2.180000e-02  1.160000e-02  8.900000e-03  0.000000e+00  0.000000e+00
2.508642e-02  0.000000e+00  3.560000e-02  3.240000e-02  5.400000e-03  0.000000e+00  0.000000e+00  0.000000e+00  0.000000e+00  0.000000e+00  3.560000e-02  3.240000e-02  2.250000e-02  1.160000e-02  7.200000e-03  0.000000e+00  0.000000e+00
2.643597e-02  0.000000e+00  3.610000e-02  3.240000e-02  0.000000e+00  0.000000e+00  0.000000e+00  0.000000e+00  0.000000e+00  0.000000e+00  3.610000e-02  3.240000e-02  2.030000e-02  1.090000e-02  6.600000e-03  0.000000e+00  0.000000e+00
2.785811e-02  0.000000e+00  3.600000e-02  3.340000e-02  0.000000e+00  0.000000e+00  0.000000e+00  0.000000e+00  0.000000e+00  9.000000e-04  3.600000e-02  3.340000e-02  1.730000e-02  1.020000e-02  5.900000e-03  0.000000e+00  0.000000e+00
2.935676e-02  0.000000e+00  3.900000e-02  2.950000e-02  0.000000e+00  0.000000e+00  0.000000e+00  0.000000e+00  0.000000e+00  8.700000e-03  3.900000e-02  2.950000e-02  1.710000e-02  9.300000e-03  5.000000e-04  0.000000e+00  0.000000e+00
3.093604e-02  0.000000e+00  3.810000e-02  3.170000e-02  0.000000e+00  0.000000e+00  0.000000e+00  0.000000e+00  0.000000e+00  9.200000e-03  3.810000e-02  3.170000e-02  1.560000e-02  8.500000e-03  0.000000e+00  0.000000e+00  0.000000e+00
3.260027e-02  0.000000e+00  3.940000e-02  3.080000e-02  0.000000e+00  0.000000e+00  0.000000e+00  0.000000e+00  0.000000e+00  1.070000e-02  3.940000e-02  3.080000e-02  1.380000e-02  3.700000e-03  0.000000e+00  0.000000e+00  0.000000e+00
3.435403e-02  0.000000e+00  4.160000e-02  2.680000e-02  0.000000e+00  0.000000e+00  0.000000e+00  0.000000e+00  0.000000e+00  1.120000e-02  4.160000e-02  2.680000e-02  1.250000e-02  0.000000e+00  0.000000e+00  0.000000e+00  0.000000e+00
3.620214e-02  0.000000e+00  3.730000e-02  2.170000e-02  0.000000e+00  0.000000e+00  0.000000e+00  0.000000e+00  0.000000e+00  1.590000e-02  3.730000e-02  2.770000e-02  1.090000e-02  0.000000e+00  0.000000e+00  0.000000e+00  0.000000e+00
3.814966e-02  0.000000e+00  4.210000e-02  0.000000e+00  0.000000e+00  0.000000e+00  0.000000e+00  0.000000e+00  0.000000e+00  1.380000e-02  4.210000e-02  2.670000e-02  9.900000e-03  0.000000e+00  0.000000e+00  0.000000e+00  0.000000e+00
4.020196e-02  0.000000e+00  3.830000e-02  0.000000e+00  0.000000e+00  0.000000e+00  0.000000e+00  0.000000e+00  0.000000e+00  1.430000e-02  3.830000e-02  2.300000e-02  5.000000e-04  0.000000e+00  0.000000e+00  0.000000e+00  0.000000e+00
4.236466e-02  0.000000e+00  3.570000e-02  0.000000e+00  0.000000e+00  0.000000e+00  0.000000e+00  0.000000e+00  0.000000e+00  1.760000e-02  3.570000e-02  2.250000e-02  0.000000e+00  0.000000e+00  0.000000e+00  0.000000e+00  0.000000e+00
4.464370e-02  0.000000e+00  3.380000e-02  0.000000e+00  0.000000e+00  0.000000e+00  0.000000e+00  0.000000e+00  0.000000e+00  1.880000e-02  3.380000e-02  1.560000e-02  0.000000e+00  0.000000e+00  0.000000e+00  0.000000e+00  0.000000e+00
4.704535e-02  8.700000e-03  3.170000e-02  0.000000e+00  0.000000e+00  0.000000e+00  0.000000e+00  0.000000e+00  0.000000e+00  2.260000e-02  3.170000e-02  1.620000e-02  0.000000e+00  0.000000e+00  0.000000e+00  0.000000e+00  0.000000e+00
4.957620e-02  2.460000e-02  3.040000e-02  0.000000e+00  0.000000e+00  0.000000e+00  0.000000e+00  0.000000e+00  0.000000e+00  2.460000e-02  3.040000e-02  1.350000e-02  0.000000e+00  0.000000e+00  0.000000e+00  0.000000e+00  0.000000e+00
5.224319e-02  2.290000e-02  1.060000e-02  0.000000e+00  0.000000e+00  0.000000e+00  0.000000e+00  0.000000e+00  0.000000e+00  2.290000e-02  2.680000e-02  1.020000e-02  0.000000e+00  0.000000e+00  0.000000e+00  0.000000e+00  0.000000e+00
5.505366e-02  2.800000e-02  0.000000e+00  0.000000e+00  0.000000e+00  0.000000e+00  0.000000e+00  0.000000e+00  0.000000e+00  2.800000e-02  2.720000e-02  1.300000e-03  0.000000e+00  0.000000e+00  0.000000e+00  0.000000e+00  0.000000e+00
5.801532e-02  3.410000e-02  0.000000e+00  0.000000e+00  0.000000e+00  0.000000e+00  0.000000e+00  0.000000e+00  0.000000e+00  3.410000e-02  2.110000e-02  0.000000e+00  0.000000e+00  0.000000e+00  0.000000e+00  0.000000e+00  0.000000e+00
6.113631e-02  3.530000e-02  0.000000e+00  0.000000e+00  0.000000e+00  0.000000e+00  0.000000e+00  0.000000e+00  0.000000e+00  3.530000e-02  2.080000e-02  0.000000e+00  0.000000e+00  0.000000e+00  0.000000e+00  0.000000e+00  0.000000e+00
6.442519e-02  4.220000e-02  0.000000e+00  0.000000e+00  0.000000e+00  0.000000e+00  0.000000e+00  0.000000e+00  0.000000e+00  4.220000e-02  1.730000e-02  0.000000e+00  0.000000e+00  0.000000e+00  0.000000e+00  0.000000e+00  0.000000e+00
6.789100e-02  5.040000e-02  0.000000e+00  0.000000e+00  0.000000e+00  0.000000e+00  0.000000e+00  0.000000e+00  0.000000e+00  5.040000e-02  1.250000e-02  0.000000e+00  0.000000e+00  0.000000e+00  0.000000e+00  0.000000e+00  0.000000e+00
7.154326e-02  5.020000e-02  0.000000e+00  0.000000e+00  0.000000e+00  0.000000e+00  0.000000e+00  0.000000e+00  0.000000e+00  5.020000e-02  1.020000e-02  0.000000e+00  0.000000e+00  0.000000e+00  0.000000e+00  0.000000e+00  0.000000e+00
7.539200e-02  5.380000e-02  0.000000e+00  0.000000e+00  0.000000e+00  0.000000e+00  0.000000e+00  0.000000e+00  0.000000e+00  5.380000e-02  8.700000e-03  0.000000e+00  0.000000e+00  0.000000e+00  0.000000e+00  0.000000e+00  0.000000e+00
7.944778e-02  5.750000e-02  0.000000e+00  0.000000e+00  0.000000e+00  0.000000e+00  0.000000e+00  0.000000e+00  0.000000e+00  5.750000e-02  1.000000e-03  0.000000e+00  0.000000e+00  0.000000e+00  0.000000e+00  0.000000e+00  0.000000e+00
8.372174e-02  4.800000e-02  0.000000e+00  0.000000e+00  0.000000e+00  0.000000e+00  0.000000e+00  0.000000e+00  0.000000e+00  4.800000e-02  0.000000e+00  0.000000e+00  0.000000e+00  0.000000e+00  0.000000e+00  0.000000e+00  0.000000e+00
8.822563e-02  4.550000e-02  0.000000e+00  0.000000e+00  0.000000e+00  0.000000e+00  0.000000e+00  0.000000e+00  0.000000e+00  4.550000e-02  0.000000e+00  0.000000e+00  0.000000e+00  0.000000e+00  0.000000e+00  0.000000e+00  0.000000e+00
9.297180e-02  4.510000e-02  0.000000e+00  0.000000e+00  0.000000e+00  0.000000e+00  0.000000e+00  0.000000e+00  0.000000e+00  4.510000e-02  0.000000e+00  0.000000e+00  0.000000e+00  0.000000e+00  0.000000e+00  0.000000e+00  0.000000e+00
9.797330e-02  3.860000e-02  0.000000e+00  0.000000e+00  0.000000e+00  0.000000e+00  0.000000e+00  0.000000e+00  0.000000e+00  3.860000e-02  0.000000e+00  0.000000e+00  0.000000e+00  0.000000e+00  0.000000e+00  0.000000e+00  0.000000e+00
1.032439e-01  4.020000e-02  0.000000e+00  0.000000e+00  0.000000e+00  0.000000e+00  0.000000e+00  0.000000e+00  0.000000e+00  4.020000e-02  0.000000e+00  0.000000e+00  0.000000e+00  0.000000e+00  0.000000e+00  0.000000e+00  0.000000e+00
1.087980e-01  3.250000e-02  0.000000e+00  0.000000e+00  0.000000e+00  0.000000e+00  0.000000e+00  0.000000e+00  0.000000e+00  3.250000e-02  0.000000e+00  0.000000e+00  0.000000e+00  0.000000e+00  0.000000e+00  0.000000e+00  0.000000e+00
1.146508e-01  2.240000e-02  0.000000e+00  0.000000e+00  0.000000e+00  0.000000e+00  0.000000e+00  0.000000e+00  0.000000e+00  2.760000e-02  0.000000e+00  0.000000e+00  0.000000e+00  0.000000e+00  0.000000e+00  0.000000e+00  0.000000e+00
1.208186e-01  0.000000e+00  0.000000e+00  0.000000e+00  0.000000e+00  0.000000e+00  0.000000e+00  0.000000e+00  0.000000e+00  2.710000e-02  0.000000e+00  0.000000e+00  0.000000e+00  0.000000e+00  0.000000e+00  0.000000e+00  0.000000e+00
1.273181e-01  0.000000e+00  0.000000e+00  0.000000e+00  0.000000e+00  0.000000e+00  0.000000e+00  0.000000e+00  0.000000e+00  1.970000e-02  0.000000e+00  0.000000e+00  0.000000e+00  0.000000e+00  0.000000e+00  0.000000e+00  0.000000e+00
1.341673e-01  0.000000e+00  0.000000e+00  0.000000e+00  0.000000e+00  0.000000e+00  0.000000e+00  0.000000e+00  0.000000e+00  1.800000e-02  0.000000e+00  0.000000e+00  0.000000e+00  0.000000e+00  0.000000e+00  0.000000e+00  0.000000e+00
1.413850e-01  0.000000e+00  0.000000e+00  0.000000e+00  0.000000e+00  0.000000e+00  0.000000e+00  0.000000e+00  0.000000e+00  1.530000e-02  0.000000e+00  0.000000e+00  0.000000e+00  0.000000e+00  0.000000e+00  0.000000e+00  0.000000e+00
1.489909e-01  0.000000e+00  0.000000e+00  0.000000e+00  0.000000e+00  0.000000e+00  0.000000e+00  0.000000e+00  0.000000e+00  1.250000e-02  0.000000e+00  0.000000e+00  0.000000e+00  0.000000e+00  0.000000e+00  0.000000e+00  0.000000e+00
1.570060e-01  0.000000e+00  0.000000e+00  0.000000e+00  0.000000e+00  0.000000e+00  0.000000e+00  0.000000e+00  0.000000e+00  1.030000e-02  0.000000e+00  0.000000e+00  0.000000e+00  0.000000e+00  0.000000e+00  0.000000e+00  0.000000e+00
1.654523e-01  0.000000e+00  0.000000e+00  0.000000e+00  0.000000e+00  0.000000e+00  0.000000e+00  0.000000e+00  0.000000e+00  1.180000e-02  0.000000e+00  0.000000e+00  0.000000e+00  0.000000e+00  0.000000e+00  0.000000e+00  0.000000e+00
1.743529e-01  0.000000e+00  0.000000e+00  0.000000e+00  0.000000e+00  0.000000e+00  0.000000e+00  0.000000e+00  0.000000e+00  8.400000e-03  0.000000e+00  0.000000e+00  0.000000e+00  0.000000e+00  0.000000e+00  0.000000e+00  0.000000e+00
1.837324e-01  0.000000e+00  0.000000e+00  0.000000e+00  0.000000e+00  0.000000e+00  0.000000e+00  0.000000e+00  0.000000e+00  6.700000e-03  0.000000e+00  0.000000e+00  0.000000e+00  0.000000e+00  0.000000e+00  0.000000e+00  0.000000e+00
