6.745226e-03  0.000000e+00  0.000000e+00  0.000000e+00  0.000000e+00  0.000000e+00  0.000000e+00  0.000000e+00  0.000000e+00  0.000000e+00  0.000000e+00  0.000000e+00  0.000000e+00  0.000000e+00  0.000000e+00  0.000000e+00  1.010000e-02
7.112063e-03  0.000000e+00  0.000000e+00  0.000000e+00  0.000000e+00  0.000000e+00  0.000000e+00  0.000000e+00  0.000000e+00  0.000000e+00  0.000000e+00  0.000000e+00  0.000000e+00  0.000000e+00  0.000000e+00  0.000000e+00  1.160000e-02
7.498850e-03  0.000000e+00  0.000000e+00  0.000000e+00  0.000000e+00  0.000000e+00  0.000000e+00  0.000000e+00  0.000000e+00  0.000000e+00  0.000000e+00  0.000000e+00  0.000000e+00  0.000000e+00  0.000000e+00  0.000000e+00  1.440000e-02
7.906673e-03  0.000000e+00  0.000000e+00  0.000000e+00  0.000000e+00  0.000000e+00  0.000000e+00  0.000000e+00  0.000000e+00  0.000000e+00  0.000000e+00  0.000000e+00  0.000000e+00  0.000000e+00  0.000000e+00  0.000000e+00  1.440000e-02
8.336675e-03  0.000000e+00  0.000000e+00  0.000000e+00  0.000000e+00  0.000000e+00  0.000000e+00  0.000000e+00  0.000000e+00  0.000000e+00  0.000000e+00  0.000000e+00  0.000000e+00  0.000000e+00  0.000000e+00  0.000000e+00  1.290000e-02
8.790063e-03  0.000000e+00  0.000000e+00  0.000000e+00  0.000000e+00  0.000000e+00  0.000000e+00  0.000000e+00  0.000000e+00  0.000000e+00  0.000000e+00  0.000000e+00  0.000000e+00  0.000000e+00  0.000000e+00  0.000000e+00  1.600000e-02
9.268108e-03  0.000000e+00  0.000000e+00  0.000000e+00  0.000000e+00  0.000000e+00  0.000000e+00  0.000000e+00  0.000000e+00  0.000000e+00  0.000000e+00  0.000000e+00  0.000000e+00  0.000000e+00  0.000000e+00  0.000000e+00  1.750000e-02
9.772151e-03  0.000000e+00  0.000000e+00  0.000000e+00  0.000000e+00  0.000000e+00  0.000000e+00  0.000000e+00  0.000000e+00  0.000000e+00  0.000000e+00  0.000000e+00  0.000000e+00  0.000000e+00  0.000000e+00  0.000000e+00  1.870000e-02
1.030361e-02  0.000000e+00  0.000000e+00  0.000000e+00  0.000000e+00  0.000000e+00  0.000000e+00  0.000000e+00  0.000000e+00  0.000000e+00  0.000000e+00  0.000000e+00  0.000000e+00  0.000000e+00  0.000000e+00  0.000000e+00  1.900000e-02
1.086397e-02  0.000000e+00  0.000000e+00  0.000000e+00  0.000000e+00  0.000000e+00  0.000000e+00  0.000000e+00  1.790000e-02  0.000000e+00  0.000000e+00  0.000000e+00  0.000000e+00  0.000000e+00  0.000000e+00  0.000000e+00  1.830000e-02
1.145480e-02  0.000000e+00  0.000000e+00  0.000000e+00  0.000000e+00  0.000000e+00  0.000000e+00  0.000000e+00  2.030000e-02  0.000000e+00  0.000000e+00  0.000000e+00  0.000000e+00  0.000000e+00  0.000000e+00  0.000000e+00  2.030000e-02
1.207777e-02  0.000000e+00  0.000000e+00  0.000000e+00  0.000000e+00  0.000000e+00  0.000000e+00  0.000000e+00  2.060000e-02  0.000000e+00  0.000000e+00  0.000000e+00  0.000000e+00  0.000000e+00  0.000000e+00  0.000000e+00  2.060000e-02
1.273461e-02  0.000000e+00  0.000000e+00  0.000000e+00  0.000000e+00  0.000000e+00  0.000000e+00  0.000000e+00  2.170000e-02  0.000000e+00  0.000000e+00  0.000000e+00  0.000000e+00  0.000000e+00  0.000000e+00  0.000000e+00  2.170000e-02
1.342718e-02  0.000000e+00  0.000000e+00  0.000000e+00  0.000000e+00  0.000000e+00  0.000000e+00  0.000000e+00  2.340000e-02  0.000000e+00  0.000000e+00  0.000000e+00  0.000000e+00  0.000000e+00  0.000000e+00  0.000000e+00  2.340000e-02
1.415741e-02  0.000000e+00  0.000000e+00  0.000000e+00  0.000000e+00  0.000000e+00  0.000000e+00  0.000000e+00  1.880000e-02  0.000000e+00  0.000000e+00  0.000000e+00  0.000000e+00  0.000000e+00  0.000000e+00  0.000000e+00  1.880000e-02
1.492736e-02  0.000000e+00  0.000000e+00  0.000000e+00  0.000000e+00  0.000000e+00  0.000000e+00  0.000000e+00  1.790000e-02  0.000000e+00  0.000000e+00  0.000000e+00  0.000000e+00  0.000000e+00  0.000000e+00  0.000000e+00  1.790000e-02
1.573918e-02  0.000000e+00  0.000000e+00  0.000000e+00  0.000000e+00  0.000000e+00  0.000000e+00  0.000000e+00  1.840000e-02  0.000000e+00  0.000000e+00  0.000000e+00  0.000000e+00  0.000000e+00  0.000000e+00  0.000000e+00  1.840000e-02
1.659515e-02  0.000000e+00  0.000000e+00  0.000000e+00  0.000000e+00  0.000000e+00  0.000000e+00  0.000000e+00  1.890000e-02  0.000000e+00  0.000000e+00  0.000000e+00  0.000000e+00  0.000000e+00  0.000000e+00  0.000000e+00  1.890000e-02
1.749767e-02  0.000000e+00  0.000000e+00  0.000000e+00  0.000000e+00  0.000000e+00  0.000000e+00  0.000000e+00  1.910000e-02  0.000000e+00  0.000000e+00  0.000000e+00  0.000000e+00  0.000000e+00  0.000000e+00  0.000000e+00  1.910000e-02
1.844928e-02  0.000000e+00  0.000000e+00  0.000000e+00  0.000000e+00  0.000000e+00  0.000000e+00  0.000000e+00  2.400000e-02  0.000000e+00  0.000000e+00  0.000000e+00  0.000000e+00  0.000000e+00  0.000000e+00  0.000000e+00  2.400000e-02
1.945264e-02  0.000000e+00  0.000000e+00  0.000000e+00  0.000000e+00  0.000000e+00  0.000000e+00  0.000000e+00  1.920000e-02  0.000000e+00  0.000000e+00  0.000000e+00  0.000000e+00  0.000000e+00  0.000000e+00  0.000000e+00  1.920000e-02
2.051056e-02  0.000000e+00  0.000000e+00  0.000000e+00  0.000000e+00  0.000000e+00  0.000000e+00  0.000000e+00  1.950000e-02  0.000000e+00  0.000000e+00  0.000000e+00  0.000000e+00  0.000000e+00  0.000000e+00  0.000000e+00  1.950000e-02
2.162602e-02  0.000000e+00  0.000000e+00  0.000000e+00  0.000000e+00  0.000000e+00  0.000000e+00  0.000000e+00  1.950000e-02  0.000000e+00  0.000000e+00  0.000000e+00  0.000000e+00  0.000000e+00  0.000000e+00  0.000000e+00  1.950000e-02
2.280215e-02  0.000000e+00  0.000000e+00  0.000000e+00  0.000000e+00  0.000000e+00  0.000000e+00  0.000000e+00  2.060000e-02  0.000000e+00  0.000000e+00  0.000000e+00  0.000000e+00  0.000000e+00  0.000000e+00  0.000000e+00  2.060000e-02
2.404224e-02  0.000000e+00  0.000000e+00  0.000000e+00  0.000000e+00  0.000000e+00  0.000000e+00  0.000000e+00  2.030000e-02  0.000000e+00  0.000000e+00  0.000000e+00  0.000000e+00  0.000000e+00  0.000000e+00  0.000000e+00  2.030000e-02
2.534977e-02  0.000000e+00  0.000000e+00  0.000000e+00  0.000000e+00  0.000000e+00  0.000000e+00  0.000000e+00  1.970000e-02  0.000000e+00  0.000000e+00  0.000000e+00  0.000000e+00  0.000000e+00  0.000000e+00  0.000000e+00  1.970000e-02
2.672841e-02  0.000000e+00  0.000000e+00  0.000000e+00  0.000000e+00  0.000000e+00  0.000000e+00  0.000000e+00  1.980000e-02  0.000000e+00  0.000000e+00  0.000000e+00  0.000000e+00  0.000000e+00  0.000000e+00  0.000000e+00  1.980000e-02
2.818202e-02  0.000000e+00  0.000000e+00  0.000000e+00  0.000000e+00  0.000000e+00  0.000000e+00  0.000000e+00  2.070000e-02  0.000000e+00  0.000000e+00  0.000000e+00  0.000000e+00  0.000000e+00  0.000000e+00  0.000000e+00  2.070000e-02
2.971469e-02  0.000000e+00  0.000000e+00  0.000000e+00  0.000000e+00  0.000000e+00  0.000000e+00  0.000000e+00  1.650000e-02  0.000000e+00  0.000000e+00  0.000000e+00  0.000000e+00  0.000000e+00  0.000000e+00  0.000000e+00  1.650000e-02
3.133072e-02  0.000000e+00  0.000000e+00  0.000000e+00  0.000000e+00  0.000000e+00  0.000000e+00  0.000000e+00  1.910000e-02  0.000000e+00  0.000000e+00  0.000000e+00  0.000000e+00  0.000000e+00  0.000000e+00  0.000000e+00  1.910000e-02
3.303463e-02  0.000000e+00  0.000000e+00  0.000000e+00  0.000000e+00  0.000000e+00  0.000000e+00  0.000000e+00  1.780000e-02  0.000000e+00  0.000000e+00  0.000000e+00  0.000000e+00  0.000000e+00  0.000000e+00  0.000000e+00  1.780000e-02
3.483121e-02  0.000000e+00  0.000000e+00  0.000000e+00  0.000000e+00  0.000000e+00  0.000000e+00  0.000000e+00  1.850000e-02  0.000000e+00  0.000000e+00  0.000000e+00  0.000000e+00  0.000000e+00  0.000000e+00  0.000000e+00  1.850000e-02
3.672550e-02  0.000000e+00  0.000000e+00  0.000000e+00  0.000000e+00  0.000000e+00  0.000000e+00  0.000000e+00  1.730000e-02  0.000000e+00  0.000000e+00  0.000000e+00  0.000000e+00  0.000000e+00  0.000000e+00  0.000000e+00  1.730000e-02
3.872280e-02  0.000000e+00  0.000000e+00  0.000000e+00  0.000000e+00  0.000000e+00  0.000000e+00  0.000000e+00  1.740000e-02  0.000000e+00  0.000000e+00  0.000000e+00  0.000000e+00  0.000000e+00  0.000000e+00  0.000000e+00  1.740000e-02
4.082873e-02  0.000000e+00  0.000000e+00  0.000000e+00  0.000000e+00  0.000000e+00  0.000000e+00  0.000000e+00  1.680000e-02  0.000000e+00  0.000000e+00  0.000000e+00  0.000000e+00  0.000000e+00  0.000000e+00  0.000000e+00  1.680000e-02
4.304919e-02  0.000000e+00  0.000000e+00  0.000000e+00  0.000000e+00  0.000000e+00  0.000000e+00  0.000000e+00  1.730000e-02  0.000000e+00  0.000000e+00  0.000000e+00  0.000000e+00  0.000000e+00  0.000000e+00  0.000000e+00  1.730000e-02
4.539040e-02  0.000000e+00  0.000000e+00  0.000000e+00  0.000000e+00  0.000000e+00  0.000000e+00  0.000000e+00  1.660000e-02  0.000000e+00  0.000000e+00  0.000000e+00  0.000000e+00  0.000000e+00  0.000000e+00  0.000000e+00  1.660000e-02
4.785895e-02  0.000000e+00  0.000000e+00  0.000000e+00  0.000000e+00  0.000000e+00  0.000000e+00  0.000000e+00  1.640000e-02  0.000000e+00  0.000000e+00  0.000000e+00  0.000000e+00  0.000000e+00  0.000000e+00  0.000000e+00  1.640000e-02
5.046174e-02  0.000000e+00  0.000000e+00  0.000000e+00  0.000000e+00  0.000000e+00  0.000000e+00  0.000000e+00  1.780000e-02  0.000000e+00  0.000000e+00  0.000000e+00  0.000000e+00  0.000000e+00  0.000000e+00  0.000000e+00  1.780000e-02
5.320609e-02  0.000000e+00  0.000000e+00  0.000000e+00  0.000000e+00  0.000000e+00  0.000000e+00  0.000000e+00  1.690000e-02  0.000000e+00  0.000000e+00  0.000000e+00  0.000000e+00  0.000000e+00  0.000000e+00  0.000000e+00  1.690000e-02
5.609969e-02  0.000000e+00  0.000000e+00  0.000000e+00  0.000000e+00  0.000000e+00  0.000000e+00  0.000000e+00  1.650000e-02  0.000000e+00  0.000000e+00  0.000000e+00  0.000000e+00  0.000000e+00  0.000000e+00  0.000000e+00  1.650000e-02
5.915065e-02  0.000000e+00  0.000000e+00  0.000000e+00  0.000000e+00  0.000000e+00  0.000000e+00  0.000000e+00  1.500000e-02  0.000000e+00  0.000000e+00  0.000000e+00  0.000000e+00  0.000000e+00  0.000000e+00  0.000000e+00  1.500000e-02
6.236755e-02  0.000000e+00  0.000000e+00  0.000000e+00  0.000000e+00  0.000000e+00  0.000000e+00  0.000000e+00  1.510000e-02  0.000000e+00  0.000000e+00  0.000000e+00  0.000000e+00  0.000000e+00  0.000000e+00  0.000000e+00  1.510000e-02
6.575939e-02  0.000000e+00  0.000000e+00  0.000000e+00  0.000000e+00  0.000000e+00  0.000000e+00  0.000000e+00  1.270000e-02  0.000000e+00  0.000000e+00  0.000000e+00  0.000000e+00  0.000000e+00  0.000000e+00  0.000000e+00  1.270000e-02
6.933569e-02  0.000000e+00  0.000000e+00  0.000000e+00  0.000000e+00  0.000000e+00  0.000000e+00  0.000000e+00  1.490000e-02  0.000000e+00  0.000000e+00  0.000000e+00  0.000000e+00  0.000000e+00  0.000000e+00  0.000000e+00  1.490000e-02
7.310649e-02  0.000000e+00  0.000000e+00  0.000000e+00  0.000000e+00  0.000000e+00  0.000000e+00  0.000000e+00  1.610000e-02  0.000000e+00  0.000000e+00  0.000000e+00  0.000000e+00  0.000000e+00  0.000000e+00  0.000000e+00  1.610000e-02
7.708237e-02  0.000000e+00  0.000000e+00  0.000000e+00  0.000000e+00  0.000000e+00  0.000000e+00  0.000000e+00  1.000000e-03  0.000000e+00  0.000000e+00  0.000000e+00  0.000000e+00  0.000000e+00  0.000000e+00  0.000000e+00  1.280000e-02
8.127447e-02  0.000000e+00  0.000000e+00  0.000000e+00  0.000000e+00  0.000000e+00  0.000000e+00  0.000000e+00  0.000000e+00  0.000000e+00  0.000000e+00  0.000000e+00  0.000000e+00  0.000000e+00  0.000000e+00  0.000000e+00  1.320000e-02
8.569456e-02  0.000000e+00  0.000000e+00  0.000000e+00  0.000000e+00  0.000000e+00  0.000000e+00  0.000000e+00  0.000000e+00  0.000000e+00  0.000000e+00  0.000000e+00  0.000000e+00  0.000000e+00  0.000000e+00  0.000000e+00  1.190000e-02
9.035503e-02  0.000000e+00  0.000000e+00  0.000000e+00  0.000000e+00  0.000000e+00  0.000000e+00  0.000000e+00  0.000000e+00  0.000000e+00  0.000000e+00  0.000000e+00  0.000000e+00  0.000000e+00  0.000000e+00  0.000000e+00  1.080000e-02
9.526896e-02  0.000000e+00  0.000000e+00  0.000000e+00  0.000000e+00  0.000000e+00  0.000000e+00  0.000000e+00  0.000000e+00  0.000000e+00  0.000000e+00  0.000000e+00  0.000000e+00  0.000000e+00  0.000000e+00  0.000000e+00  1.010000e-02
1.004501e-01  0.000000e+00  0.000000e+00  0.000000e+00  0.000000e+00  0.000000e+00  0.000000e+00  0.000000e+00  0.000000e+00  0.000000e+00  0.000000e+00  0.000000e+00  0.000000e+00  0.000000e+00  1.200000e-03  1.200000e-03  1.010000e-02
1.059131e-01  0.000000e+00  0.000000e+00  0.000000e+00  0.000000e+00  0.000000e+00  0.000000e+00  0.000000e+00  0.000000e+00  0.000000e+00  0.000000e+00  0.000000e+00  0.000000e+00  0.000000e+00  1.110000e-02  1.110000e-02  8.900000e-03
1.116731e-01  0.000000e+00  0.000000e+00  0.000000e+00  0.000000e+00  0.000000e+00  0.000000e+00  0.000000e+00  0.000000e+00  0.000000e+00  0.000000e+00  0.000000e+00  0.000000e+00  0.000000e+00  1.740000e-02  1.740000e-02  8.600000e-03
1.177465e-01  0.000000e+00  0.000000e+00  0.000000e+00  0.000000e+00  0.000000e+00  0.000000e+00  0.000000e+00  0.000000e+00  0.000000e+00  0.000000e+00  0.000000e+00  0.000000e+00  0.000000e+00  1.850000e-02  1.850000e-02  8.400000e-03
1.241501e-01  0.000000e+00  0.000000e+00  0.000000e+00  0.000000e+00  0.000000e+00  0.000000e+00  0.000000e+00  0.000000e+00  0.000000e+00  0.000000e+00  0.000000e+00  0.000000e+00  1.400000e-03  2.150000e-02  2.150000e-02  6.600000e-03
1.309019e-01  0.000000e+00  0.000000e+00  0.000000e+00  0.000000e+00  0.000000e+00  0.000000e+00  0.000000e+00  0.000000e+00  0.000000e+00  0.000000e+00  0.000000e+00  0.000000e+00  7.600000e-03  2.280000e-02  2.280000e-02  8.300000e-03
1.380210e-01  0.000000e+00  0.000000e+00  0.000000e+00  0.000000e+00  0.000000e+00  0.000000e+00  0.000000e+00  0.000000e+00  0.000000e+00  0.000000e+00  0.000000e+00  0.000000e+00  7.400000e-03  2.230000e-02  2.230000e-02  6.100000e-03
1.455272e-01  0.000000e+00  0.000000e+00  0.000000e+00  0.000000e+00  0.000000e+00  2.900000e-03  2.900000e-03  0.000000e+00  0.000000e+00  0.000000e+00  0.000000e+00  0.000000e+00  9.100000e-03  2.310000e-02  2.310000e-02  4.800000e-03
1.534417e-01  0.000000e+00  0.000000e+00  0.000000e+00  0.000000e+00  0.000000e+00  2.500000e-02  2.500000e-02  0.000000e+00  0.000000e+00  0.000000e+00  0.000000e+00  0.000000e+00  9.600000e-03  2.500000e-02  2.500000e-02  5.800000e-03
1.617866e-01  0.000000e+00  0.000000e+00  0.000000e+00  0.000000e+00  0.000000e+00  2.690000e-02  2.690000e-02  0.000000e+00  0.000000e+00  0.000000e+00  0.000000e+00  0.000000e+00  1.030000e-02  2.690000e-02  2.690000e-02  4.500000e-03
1.705853e-01  0.000000e+00  0.000000e+00  0.000000e+00  0.000000e+00  0.000000e+00  2.530000e-02  2.530000e-02  0.000000e+00  0.000000e+00  0.000000e+00  0.000000e+00  0.000000e+00  1.100000e-02  2.530000e-02  2.530000e-02  4.400000e-03
1.798625e-01  0.000000e+00  0.000000e+00  0.000000e+00  0.000000e+00  0.000000e+00  2.720000e-02  2.720000e-02  0.000000e+00  0.000000e+00  0.000000e+00  0.000000e+00  0.000000e+00  1.120000e-02  2.720000e-02  2.720000e-02  7.000000e-04
1.896443e-01  0.000000e+00  0.000000e+00  0.000000e+00  0.000000e+00  0.000000e+00  2.410000e-02  2.410000e-02  0.000000e+00  0.000000e+00  0.000000e+00  0.000000e+00  0.000000e+00  1.450000e-02  2.410000e-02  2.410000e-02  0.000000e+00
1.999580e-01  0.000000e+00  0.000000e+00  0.000000e+00  0.000000e+00  0.000000e+00  3.040000e-02  3.040000e-02  0.000000e+00  0.000000e+00  0.000000e+00  0.000000e+00  0.000000e+00  1.640000e-02  3.040000e-02  3.040000e-02  0.000000e+00
2.108327e-01  0.000000e+00  0.000000e+00  0.000000e+00  0.000000e+00  0.000000e+00  2.580000e-02  2.580000e-02  0.000000e+00  0.000000e+00  0.000000e+00  0.000000e+00  0.000000e+00  1.820000e-02  2.580000e-02  2.580000e-02  0.000000e+00
2.222988e-01  0.000000e+00  0.000000e+00  0.000000e+00  0.000000e+00  1.900000e-03  2.460000e-02  2.460000e-02  0.000000e+00  0.000000e+00  0.000000e+00  0.000000e+00  0.000000e+00  2.020000e-02  2.460000e-02  2.460000e-02  0.000000e+00
2.343884e-01  0.000000e+00  0.000000e+00  0.000000e+00  0.000000e+00  2.280000e-02  2.500000e-02  2.500000e-02  0.000000e+00  0.000000e+00  0.000000e+00  0.000000e+00  0.000000e+00  2.280000e-02  2.500000e-02  2.500000e-02  0.000000e+00
2.471356e-01  0.000000e+00  0.000000e+00  0.000000e+00  0.000000e+00  2.250000e-02  2.260000e-02  2.260000e-02  0.000000e+00  0.000000e+00  0.000000e+00  0.000000e+00  0.000000e+00  2.250000e-02  2.260000e-02  2.260000e-02  0.000000e+00
2.605759e-01  0.000000e+00  0.000000e+00  0.000000e+00  0.000000e+00  2.550000e-02  2.210000e-02  2.210000e-02  0.000000e+00  0.000000e+00  0.000000e+00  0.000000e+00  0.000000e+00  2.550000e-02  2.210000e-02  2.210000e-02  0.000000e+00
2.747473e-01  0.000000e+00  0.000000e+00  0.000000e+00  0.000000e+00  2.600000e-02  2.200000e-02  2.200000e-02  0.000000e+00  0.000000e+00  0.000000e+00  0.000000e+00  7.000000e-04  2.600000e-02  2.200000e-02  2.200000e-02  0.000000e+00
2.896893e-01  0.000000e+00  0.000000e+00  0.000000e+00  0.000000e+00  2.970000e-02  2.160000e-02  2.160000e-02  0.000000e+00  0.000000e+00  0.000000e+00  0.000000e+00  6.500000e-03  2.970000e-02  2.160000e-02  2.160000e-02  0.000000e+00
3.054440e-01  0.000000e+00  0.000000e+00  0.000000e+00  0.000000e+00  2.540000e-02  2.210000e-02  2.210000e-02  0.000000e+00  0.000000e+00  0.000000e+00  0.000000e+00  7.400000e-03  2.540000e-02  2.210000e-02  2.210000e-02  0.000000e+00
3.220555e-01  0.000000e+00  0.000000e+00  0.000000e+00  0.000000e+00  2.780000e-02  1.810000e-02  1.810000e-02  0.000000e+00  0.000000e+00  0.000000e+00  0.000000e+00  9.500000e-03  2.780000e-02  1.810000e-02  1.810000e-02  0.000000e+00
3.395704e-01  0.000000e+00  0.000000e+00  0.000000e+00  0.000000e+00  2.390000e-02  2.090000e-02  2.090000e-02  0.000000e+00  0.000000e+00  0.000000e+00  0.000000e+00  8.300000e-03  2.390000e-02  2.090000e-02  2.090000e-02  0.000000e+00
3.580378e-01  0.000000e+00  0.000000e+00  0.000000e+00  0.000000e+00  2.580000e-02  1.960000e-02  1.960000e-02  0.000000e+00  0.000000e+00  0.000000e+00  0.000000e+00  1.260000e-02  2.580000e-02  1.960000e-02  1.960000e-02  0.000000e+00
3.775096e-01  0.000000e+00  0.000000e+00  0.000000e+00  0.000000e+00  2.750000e-02  1.990000e-02  1.990000e-02  0.000000e+00  0.000000e+00  0.000000e+00  0.000000e+00  1.340000e-02  2.750000e-02  1.990000e-02  1.990000e-02  0.000000e+00
3.980404e-01  0.000000e+00  0.000000e+00  0.000000e+00  0.000000e+00  2.590000e-02  1.680000e-02  1.680000e-02  0.000000e+00  0.000000e+00  0.000000e+00  0.000000e+00  1.500000e-02  2.590000e-02  1.680000e-02  1.680000e-02  0.000000e+00
4.196877e-01  0.000000e+00  0.000000e+00  0.000000e+00  0.000000e+00  2.470000e-02  1.930000e-02  1.930000e-02  0.000000e+00  0.000000e+00  0.000000e+00  0.000000e+00  1.760000e-02  2.470000e-02  1.930000e-02  1.930000e-02  0.000000e+00
4.425123e-01  0.000000e+00  0.000000e+00  0.000000e+00  0.000000e+00  2.440000e-02  1.730000e-02  1.730000e-02  0.000000e+00  0.000000e+00  0.000000e+00  0.000000e+00  1.730000e-02  2.440000e-02  1.730000e-02  1.730000e-02  0.000000e+00
4.665782e-01  0.000000e+00  0.000000e+00  0.000000e+00  0.000000e+00  2.160000e-02  1.800000e-02  1.800000e-02  0.000000e+00  0.000000e+00  0.000000e+00  0.000000e+00  2.060000e-02  2.160000e-02  1.800000e-02  1.800000e-02  0.000000e+00
4.919529e-01  0.000000e+00  0.000000e+00  0.000000e+00  1.640000e-02  2.530000e-02  1.790000e-02  1.790000e-02  0.000000e+00  0.000000e+00  0.000000e+00  0.000000e+00  2.250000e-02  2.530000e-02  1.790000e-02  1.790000e-02  0.000000e+00
5.187076e-01  0.000000e+00  0.000000e+00  0.000000e+00  2.730000e-02  2.340000e-02  1.710000e-02  1.710000e-02  0.000000e+00  0.000000e+00  0.000000e+00  0.000000e+00  2.730000e-02  2.340000e-02  1.710000e-02  1.710000e-02  0.000000e+00
5.469174e-01  0.000000e+00  0.000000e+00  0.000000e+00  2.740000e-02  2.000000e-02  1.680000e-02  1.680000e-02  0.000000e+00  0.000000e+00  0.000000e+00  0.000000e+00  2.740000e-02  2.000000e-02  1.680000e-02  1.680000e-02  0.000000e+00
5.766613e-01  0.000000e+00  0.000000e+00  0.000000e+00  2.970000e-02  2.280000e-02  1.650000e-02  1.650000e-02  0.000000e+00  0.000000e+00  0.000000e+00  0.000000e+00  2.970000e-02  2.280000e-02  1.650000e-02  1.650000e-02  0.000000e+00
6.080229e-01  0.000000e+00  0.000000e+00  0.000000e+00  3.120000e-02  2.180000e-02  1.350000e-02  1.350000e-02  0.000000e+00  0.000000e+00  0.000000e+00  0.000000e+00  3.120000e-02  2.180000e-02  1.350000e-02  1.350000e-02  0.000000e+00
6.410900e-01  0.000000e+00  0.000000e+00  0.000000e+00  3.220000e-02  1.740000e-02  1.690000e-02  1.690000e-02  0.000000e+00  0.000000e+00  0.000000e+00  1.200000e-03  3.220000e-02  1.740000e-02  1.690000e-02  1.690000e-02  0.000000e+00
6.759555e-01  0.000000e+00  0.000000e+00  0.000000e+00  3.360000e-02  1.950000e-02  1.450000e-02  1.450000e-02  0.000000e+00  0.000000e+00  0.000000e+00  8.400000e-03  3.360000e-02  1.950000e-02  1.450000e-02  1.450000e-02  0.000000e+00
7.127172e-01  0.000000e+00  0.000000e+00  0.000000e+00  3.420000e-02  1.760000e-02  1.440000e-02  1.440000e-02  0.000000e+00  0.000000e+00  0.000000e+00  7.500000e-03  3.420000e-02  1.760000e-02  1.440000e-02  1.440000e-02  0.000000e+00
7.514781e-01  0.000000e+00  0.000000e+00  0.000000e+00  3.280000e-02  1.730000e-02  1.210000e-02  1.210000e-02  0.000000e+00  0.000000e+00  0.000000e+00  1.150000e-02  3.280000e-02  1.730000e-02  1.210000e-02  1.210000e-02  0.000000e+00
7.923470e-01  0.000000e+00  0.000000e+00  0.000000e+00  2.760000e-02  1.800000e-02  1.430000e-02  1.430000e-02  0.000000e+00  0.000000e+00  0.000000e+00  1.210000e-02  2.760000e-02  1.800000e-02  1.430000e-02  1.430000e-02  0.000000e+00
8.354385e-01  0.000000e+00  0.000000e+00  0.000000e+00  3.110000e-02  1.710000e-02  1.390000e-02  1.390000e-02  0.000000e+00  0.000000e+00  0.000000e+00  1.650000e-02  3.110000e-02  1.710000e-02  1.390000e-02  1.390000e-02  0.000000e+00
8.808736e-01  0.000000e+00  0.000000e+00  0.000000e+00  2.950000e-02  1.690000e-02  1.350000e-02  1.350000e-02  0.000000e+00  0.000000e+00  0.000000e+00  1.750000e-02  2.950000e-02  1.690000e-02  1.350000e-02  1.350000e-02  0.000000e+00
9.287797e-01  0.000000e+00  0.000000e+00  0.000000e+00  2.760000e-02  1.550000e-02  1.100000e-03  1.100000e-03  0.000000e+00  0.000000e+00  0.000000e+00  1.790000e-02  2.760000e-02  1.550000e-02  1.290000e-02  1.290000e-02  0.000000e+00
9.792911e-01  0.000000e+00  0.000000e+00  0.000000e+00  2.780000e-02  1.560000e-02  0.000000e+00  0.000000e+00  0.000000e+00  0.000000e+00  0.000000e+00  2.350000e-02  2.780000e-02  1.560000e-02  1.170000e-02  1.170000e-02  0.000000e+00
1.032550e+00  0.000000e+00  0.000000e+00  8.000000e-03  2.510000e-02  1.450000e-02  0.000000e+00  0.000000e+00  0.000000e+00  0.000000e+00  0.000000e+00  2.690000e-02  2.510000e-02  1.450000e-02  9.500000e-03  9.500000e-03  0.000000e+00
1.088704e+00  0.000000e+00  0.000000e+00  2.930000e-02  2.660000e-02  1.510000e-02  0.000000e+00  0.000000e+00  0.000000e+00  0.000000e+00  0.000000e+00  2.930000e-02  2.660000e-02  1.510000e-02  9.100000e-03  9.100000e-03  0.000000e+00
1.147913e+00  0.000000e+00  0.000000e+00  3.150000e-02  2.430000e-02  1.580000e-02  0.000000e+00  0.000000e+00  0.000000e+00  0.000000e+00  3.200000e-03  3.150000e-02  2.430000e-02  1.580000e-02  9.800000e-03  9.800000e-03  0.000000e+00
1.210342e+00  0.000000e+00  0.000000e+00  3.180000e-02  2.420000e-02  1.100000e-02  0.000000e+00  0.000000e+00  0.000000e+00  0.000000e+00  7.800000e-03  3.180000e-02  2.420000e-02  1.530000e-02  1.000000e-02  1.000000e-02  0.000000e+00
1.276166e+00  0.000000e+00  0.000000e+00  3.420000e-02  2.440000e-02  0.000000e+00  0.000000e+00  0.000000e+00  0.000000e+00  0.000000e+00  1.160000e-02  3.420000e-02  2.440000e-02  1.370000e-02  9.400000e-03  9.400000e-03  0.000000e+00
1.345570e+00  0.000000e+00  0.000000e+00  3.670000e-02  2.190000e-02  0.000000e+00  0.000000e+00  0.000000e+00  0.000000e+00  0.000000e+00  1.390000e-02  3.670000e-02  2.190000e-02  1.340000e-02  9.300000e-03  9.300000e-03  0.000000e+00
1.418749e+00  0.000000e+00  0.000000e+00  3.790000e-02  2.040000e-02  0.000000e+00  0.000000e+00  0.000000e+00  0.000000e+00  0.000000e+00  1.690000e-02  3.790000e-02  2.040000e-02  1.270000e-02  8.700000e-03  8.700000e-03  0.000000e+00
1.495907e+00  0.000000e+00  0.000000e+00  4.260000e-02  2.120000e-02  0.000000e+00  0.000000e+00  0.000000e+00  0.000000e+00  0.000000e+00  1.930000e-02  4.260000e-02  2.120000e-02  1.010000e-02  8.100000e-03  8.100000e-03  0.000000e+00
1.577261e+00  0.000000e+00  0.000000e+00  3.770000e-02  2.160000e-02  0.000000e+00  0.000000e+00  0.000000e+00  0.000000e+00  0.000000e+00  2.110000e-02  3.770000e-02  2.160000e-02  9.600000e-03  6.400000e-03  6.400000e-03  0.000000e+00
1.663040e+00  0.000000e+00  0.000000e+00  3.570000e-02  2.030000e-02  0.000000e+00  0.000000e+00  0.000000e+00  0.000000e+00  0.000000e+00  2.350000e-02  3.570000e-02  2.030000e-02  1.210000e-02  8.300000e-03  8.300000e-03  0.000000e+00
1.753484e+00  0.000000e+00  5.800000e-03  3.730000e-02  1.870000e-02  0.000000e+00  0.000000e+00  0.000000e+00  0.000000e+00  0.000000e+00  2.350000e-02  3.730000e-02  1.870000e-02  7.400000e-03  5.500000e-03  5.500000e-03  0.000000e+00
1.848847e+00  0.000000e+00  2.730000e-02  3.500000e-02  1.840000e-02  0.000000e+00  0.000000e+00  0.000000e+00  0.000000e+00  0.000000e+00  2.730000e-02  3.500000e-02  1.840000e-02  8.900000e-03  4.600000e-03  4.600000e-03  0.000000e+00
1.949396e+00  0.000000e+00  2.910000e-02  3.510000e-02  4.500000e-03  0.000000e+00  0.000000e+00  0.000000e+00  0.000000e+00  0.000000e+00  2.910000e-02  3.510000e-02  1.820000e-02  8.100000e-03  5.100000e-03  5.100000e-03  0.000000e+00
2.055413e+00  0.000000e+00  3.270000e-02  3.350000e-02  0.000000e+00  0.000000e+00  0.000000e+00  0.000000e+00  0.000000e+00  0.000000e+00  3.270000e-02  3.350000e-02  1.710000e-02  9.400000e-03  5.500000e-03  5.500000e-03  0.000000e+00
2.167197e+00  0.000000e+00  3.400000e-02  3.490000e-02  0.000000e+00  0.000000e+00  0.000000e+00  0.000000e+00  0.000000e+00  0.000000e+00  3.400000e-02  3.490000e-02  1.520000e-02  6.700000e-03  2.200000e-03  2.200000e-03  0.000000e+00
2.285059e+00  0.000000e+00  3.620000e-02  3.060000e-02  0.000000e+00  0.000000e+00  0.000000e+00  0.000000e+00  0.000000e+00  0.000000e+00  3.620000e-02  3.060000e-02  1.480000e-02  7.300000e-03  0.000000e+00  0.000000e+00  0.000000e+00
2.409331e+00  0.000000e+00  3.950000e-02  3.030000e-02  0.000000e+00  0.000000e+00  0.000000e+00  0.000000e+00  0.000000e+00  0.000000e+00  3.950000e-02  3.030000e-02  1.260000e-02  6.800000e-03  0.000000e+00  0.000000e+00  0.000000e+00
2.540362e+00  0.000000e+00  3.950000e-02  2.750000e-02  0.000000e+00  0.000000e+00  0.000000e+00  0.000000e+00  0.000000e+00  0.000000e+00  3.950000e-02  2.750000e-02  1.230000e-02  4.400000e-03  0.000000e+00  0.000000e+00  0.000000e+00
2.678519e+00  0.000000e+00  4.580000e-02  2.570000e-02  0.000000e+00  0.000000e+00  0.000000e+00  0.000000e+00  0.000000e+00  0.000000e+00  4.580000e-02  2.570000e-02  1.110000e-02  1.000000e-04  0.000000e+00  0.000000e+00  0.000000e+00
2.824189e+00  0.000000e+00  4.230000e-02  2.730000e-02  0.000000e+00  0.000000e+00  0.000000e+00  0.000000e+00  0.000000e+00  0.000000e+00  4.230000e-02  2.730000e-02  1.180000e-02  0.000000e+00  0.000000e+00  0.000000e+00  0.000000e+00
2.977782e+00  0.000000e+00  4.190000e-02  2.520000e-02  0.000000e+00  0.000000e+00  0.000000e+00  0.000000e+00  0.000000e+00  2.000000e-04  4.190000e-02  2.520000e-02  7.500000e-03  0.000000e+00  0.000000e+00  0.000000e+00  0.000000e+00
3.139728e+00  0.000000e+00  4.130000e-02  1.220000e-02  0.000000e+00  0.000000e+00  0.000000e+00  0.000000e+00  0.000000e+00  8.300000e-03  4.130000e-02  2.430000e-02  8.800000e-03  0.000000e+00  0.000000e+00  0.000000e+00  0.000000e+00
3.310481e+00  0.000000e+00  4.210000e-02  0.000000e+00  0.000000e+00  0.000000e+00  0.000000e+00  0.000000e+00  0.000000e+00  9.500000e-03  4.210000e-02  1.970000e-02  7.600000e-03  0.000000e+00  0.000000e+00  0.000000e+00  0.000000e+00
3.490520e+00  0.000000e+00  4.210000e-02  0.000000e+00  0.000000e+00  0.000000e+00  0.000000e+00  0.000000e+00  0.000000e+00  1.320000e-02  4.210000e-02  1.980000e-02  2.500000e-03  0.000000e+00  0.000000e+00  0.000000e+00  0.000000e+00
3.680351e+00  0.000000e+00  3.800000e-02  0.000000e+00  0.000000e+00  0.000000e+00  0.000000e+00  0.000000e+00  0.000000e+00  1.420000e-02  3.800000e-02  1.970000e-02  0.000000e+00  0.000000e+00  0.000000e+00  0.000000e+00  0.000000e+00
3.880506e+00  0.000000e+00  3.560000e-02  0.000000e+00  0.000000e+00  0.000000e+00  0.000000e+00  0.000000e+00  0.000000e+00  1.620000e-02  3.560000e-02  1.590000e-02  0.000000e+00  0.000000e+00  0.000000e+00  0.000000e+00  0.000000e+00
4.091546e+00  0.000000e+00  3.330000e-02  0.000000e+00  0.000000e+00  0.000000e+00  0.000000e+00  0.000000e+00  0.000000e+00  1.630000e-02  3.330000e-02  1.400000e-02  0.000000e+00  0.000000e+00  0.000000e+00  0.000000e+00  0.000000e+00
4.314064e+00  0.000000e+00  3.380000e-02  0.000000e+00  0.000000e+00  0.000000e+00  0.000000e+00  0.000000e+00  0.000000e+00  2.010000e-02  3.380000e-02  1.280000e-02  0.000000e+00  0.000000e+00  0.000000e+00  0.000000e+00  0.000000e+00
4.548683e+00  0.000000e+00  3.080000e-02  0.000000e+00  0.000000e+00  0.000000e+00  0.000000e+00  0.000000e+00  0.000000e+00  2.310000e-02  3.080000e-02  1.210000e-02  0.000000e+00  0.000000e+00  0.000000e+00  0.000000e+00  0.000000e+00
4.796062e+00  1.070000e-02  8.900000e-03  0.000000e+00  0.000000e+00  0.000000e+00  0.000000e+00  0.000000e+00  0.000000e+00  2.460000e-02  3.010000e-02  8.700000e-03  0.000000e+00  0.000000e+00  0.000000e+00  0.000000e+00  0.000000e+00
5.056894e+00  2.480000e-02  0.000000e+00  0.000000e+00  0.000000e+00  0.000000e+00  0.000000e+00  0.000000e+00  0.000000e+00  2.480000e-02  2.610000e-02  2.000000e-04  0.000000e+00  0.000000e+00  0.000000e+00  0.000000e+00  0.000000e+00
5.331912e+00  2.940000e-02  0.000000e+00  0.000000e+00  0.000000e+00  0.000000e+00  0.000000e+00  0.000000e+00  0.000000e+00  2.940000e-02  2.270000e-02  0.000000e+00  0.000000e+00  0.000000e+00  0.000000e+00  0.000000e+00  0.000000e+00
5.621887e+00  3.340000e-02  0.000000e+00  0.000000e+00  0.000000e+00  0.000000e+00  0.000000e+00  0.000000e+00  0.000000e+00  3.340000e-02  1.930000e-02  0.000000e+00  0.000000e+00  0.000000e+00  0.000000e+00  0.000000e+00  0.000000e+00
5.927631e+00  3.000000e-02  0.000000e+00  0.000000e+00  0.000000e+00  0.000000e+00  0.000000e+00  0.000000e+00  0.000000e+00  3.000000e-02  1.450000e-02  0.000000e+00  0.000000e+00  0.000000e+00  0.000000e+00  0.000000e+00  0.000000e+00
6.250004e+00  3.460000e-02  0.000000e+00  0.000000e+00  0.000000e+00  0.000000e+00  0.000000e+00  0.000000e+00  0.000000e+00  3.460000e-02  1.530000e-02  0.000000e+00  0.000000e+00  0.000000e+00  0.000000e+00  0.000000e+00  0.000000e+00
6.589908e+00  3.970000e-02  0.000000e+00  0.000000e+00  0.000000e+00  0.000000e+00  0.000000e+00  0.000000e+00  0.000000e+00  3.970000e-02  1.160000e-02  0.000000e+00  0.000000e+00  0.000000e+00  0.000000e+00  0.000000e+00  0.000000e+00
6.948299e+00  4.410000e-02  0.000000e+00  0.000000e+00  0.000000e+00  0.000000e+00  0.000000e+00  0.000000e+00  0.000000e+00  4.410000e-02  4.300000e-03  0.000000e+00  0.000000e+00  0.000000e+00  0.000000e+00  0.000000e+00  0.000000e+00
7.326180e+00  4.560000e-02  0.000000e+00  0.000000e+00  0.000000e+00  0.000000e+00  0.000000e+00  0.000000e+00  0.000000e+00  4.560000e-02  0.000000e+00  0.000000e+00  0.000000e+00  0.000000e+00  0.000000e+00  0.000000e+00  0.000000e+00
7.724612e+00  4.720000e-02  0.000000e+00  0.000000e+00  0.000000e+00  0.000000e+00  0.000000e+00  0.000000e+00  0.000000e+00  4.720000e-02  0.000000e+00  0.000000e+00  0.000000e+00  0.000000e+00  0.000000e+00  0.000000e+00  0.000000e+00
8.144713e+00  4.660000e-02  0.000000e+00  0.000000e+00  0.000000e+00  0.000000e+00  0.000000e+00  0.000000e+00  0.000000e+00  4.660000e-02  0.000000e+00  0.000000e+00  0.000000e+00  0.000000e+00  0.000000e+00  0.000000e+00  0.000000e+00
8.587661e+00  4.890000e-02  0.000000e+00  0.000000e+00  0.000000e+00  0.000000e+00  0.000000e+00  0.000000e+00  0.000000e+00  4.890000e-02  0.000000e+00  0.000000e+00  0.000000e+00  0.000000e+00  0.000000e+00  0.000000e+00  0.000000e+00
9.054698e+00  4.760000e-02  0.000000e+00  0.000000e+00  0.000000e+00  0.000000e+00  0.000000e+00  0.000000e+00  0.000000e+00  4.760000e-02  0.000000e+00  0.000000e+00  0.000000e+00  0.000000e+00  0.000000e+00  0.000000e+00  0.000000e+00
9.547135e+00  4.590000e-02  0.000000e+00  0.000000e+00  0.000000e+00  0.000000e+00  0.000000e+00  0.000000e+00  0.000000e+00  4.590000e-02  0.000000e+00  0.000000e+00  0.000000e+00  0.000000e+00  0.000000e+00  0.000000e+00  0.000000e+00
1.006635e+01  4.550000e-02  0.000000e+00  0.000000e+00  0.000000e+00  0.000000e+00  0.000000e+00  0.000000e+00  0.000000e+00  4.550000e-02  0.000000e+00  0.000000e+00  0.000000e+00  0.000000e+00  0.000000e+00  0.000000e+00  0.000000e+00
1.061381e+01  3.840000e-02  0.000000e+00  0.000000e+00  0.000000e+00  0.000000e+00  0.000000e+00  0.000000e+00  0.000000e+00  3.840000e-02  0.000000e+00  0.000000e+00  0.000000e+00  0.000000e+00  0.000000e+00  0.000000e+00  0.000000e+00
1.119104e+01  3.680000e-02  0.000000e+00  0.000000e+00  0.000000e+00  0.000000e+00  0.000000e+00  0.000000e+00  0.000000e+00  3.680000e-02  0.000000e+00  0.000000e+00  0.000000e+00  0.000000e+00  0.000000e+00  0.000000e+00  0.000000e+00
1.179966e+01  3.080000e-02  0.000000e+00  0.000000e+00  0.000000e+00  0.000000e+00  0.000000e+00  0.000000e+00  0.000000e+00  3.210000e-02  0.000000e+00  0.000000e+00  0.000000e+00  0.000000e+00  0.000000e+00  0.000000e+00  0.000000e+00
1.244138e+01  0.000000e+00  0.000000e+00  0.000000e+00  0.000000e+00  0.000000e+00  0.000000e+00  0.000000e+00  0.000000e+00  2.650000e-02  0.000000e+00  0.000000e+00  0.000000e+00  0.000000e+00  0.000000e+00  0.000000e+00  0.000000e+00
1.311800e+01  0.000000e+00  0.000000e+00  0.000000e+00  0.000000e+00  0.000000e+00  0.000000e+00  0.000000e+00  0.000000e+00  2.700000e-02  0.000000e+00  0.000000e+00  0.000000e+00  0.000000e+00  0.000000e+00  0.000000e+00  0.000000e+00
1.383142e+01  0.000000e+00  0.000000e+00  0.000000e+00  0.000000e+00  0.000000e+00  0.000000e+00  0.000000e+00  0.000000e+00  2.400000e-02  0.000000e+00  0.000000e+00  0.000000e+00  0.000000e+00  0.000000e+00  0.000000e+00  0.000000e+00
1.458364e+01  0.000000e+00  0.000000e+00  0.000000e+00  0.000000e+00  0.000000e+00  0.000000e+00  0.000000e+00  0.000000e+00  1.950000e-02  0.000000e+00  0.000000e+00  0.000000e+00  0.000000e+00  0.000000e+00  0.000000e+00  0.000000e+00
1.537676e+01  0.000000e+00  0.000000e+00  0.000000e+00  0.000000e+00  0.000000e+00  0.000000e+00  0.000000e+00  0.000000e+00  1.400000e-02  0.000000e+00  0.000000e+00  0.000000e+00  0.000000e+00  0.000000e+00  0.000000e+00  0.000000e+00
1.621303e+01  0.000000e+00  0.000000e+00  0.000000e+00  0.000000e+00  0.000000e+00  0.000000e+00  0.000000e+00  0.000000e+00  1.260000e-02  0.000000e+00  0.000000e+00  0.000000e+00  0.000000e+00  0.000000e+00  0.000000e+00  0.000000e+00
1.709477e+01  0.000000e+00  0.000000e+00  0.000000e+00  0.000000e+00  0.000000e+00  0.000000e+00  0.000000e+00  0.000000e+00  1.010000e-02  0.000000e+00  0.000000e+00  0.000000e+00  0.000000e+00  0.000000e+00  0.000000e+00  0.000000e+00
