1.339013e-03  0.000000e+00  0.000000e+00  0.000000e+00  0.000000e+00  0.000000e+00  0.000000e+00  0.000000e+00  0.000000e+00  0.000000e+00  0.000000e+00  0.000000e+00  0.000000e+00  0.000000e+00  0.000000e+00  0.000000e+00  6.356641e-03
1.409266e-03  0.000000e+00  0.000000e+00  0.000000e+00  0.000000e+00  0.000000e+00  0.000000e+00  0.000000e+00  0.000000e+00  0.000000e+00  0.000000e+00  0.000000e+00  0.000000e+00  0.000000e+00  0.000000e+00  0.000000e+00  5.018401e-03
1.483205e-03  0.000000e+00  0.000000e+00  0.000000e+00  0.000000e+00  0.000000e+00  0.000000e+00  0.000000e+00  0.000000e+00  0.000000e+00  0.000000e+00  0.000000e+00  0.000000e+00  0.000000e+00  0.000000e+00  0.000000e+00  8.698561e-03
1.561023e-03  0.000000e+00  0.000000e+00  0.000000e+00  0.000000e+00  0.000000e+00  0.000000e+00  0.000000e+00  0.000000e+00  0.000000e+00  0.000000e+00  0.000000e+00  0.000000e+00  0.000000e+00  0.000000e+00  0.000000e+00  1.170960e-02
1.642924e-03  0.000000e+00  0.000000e+00  0.000000e+00  0.000000e+00  0.000000e+00  0.000000e+00  0.000000e+00  0.000000e+00  0.000000e+00  0.000000e+00  0.000000e+00  0.000000e+00  0.000000e+00  0.000000e+00  0.000000e+00  1.137504e-02
1.729122e-03  0.000000e+00  0.000000e+00  0.000000e+00  0.000000e+00  0.000000e+00  0.000000e+00  0.000000e+00  0.000000e+00  0.000000e+00  0.000000e+00  0.000000e+00  0.000000e+00  0.000000e+00  0.000000e+00  0.000000e+00  1.170960e-02
1.819843e-03  0.000000e+00  0.000000e+00  0.000000e+00  0.000000e+00  0.000000e+00  0.000000e+00  0.000000e+00  0.000000e+00  0.000000e+00  0.000000e+00  0.000000e+00  0.000000e+00  0.000000e+00  0.000000e+00  0.000000e+00  1.873536e-02
1.915323e-03  0.000000e+00  0.000000e+00  0.000000e+00  0.000000e+00  0.000000e+00  0.000000e+00  0.000000e+00  0.000000e+00  0.000000e+00  0.000000e+00  0.000000e+00  0.000000e+00  0.000000e+00  0.000000e+00  0.000000e+00  1.605888e-02
2.015813e-03  0.000000e+00  0.000000e+00  0.000000e+00  0.000000e+00  0.000000e+00  0.000000e+00  0.000000e+00  0.000000e+00  0.000000e+00  0.000000e+00  0.000000e+00  0.000000e+00  0.000000e+00  0.000000e+00  0.000000e+00  1.873536e-02
2.121575e-03  0.000000e+00  0.000000e+00  0.000000e+00  0.000000e+00  0.000000e+00  0.000000e+00  0.000000e+00  0.000000e+00  0.000000e+00  0.000000e+00  0.000000e+00  0.000000e+00  0.000000e+00  0.000000e+00  0.000000e+00  1.973904e-02
2.232886e-03  0.000000e+00  0.000000e+00  0.000000e+00  0.000000e+00  0.000000e+00  0.000000e+00  0.000000e+00  1.137504e-02  0.000000e+00  0.000000e+00  0.000000e+00  0.000000e+00  0.000000e+00  0.000000e+00  0.000000e+00  1.840080e-02
2.350038e-03  0.000000e+00  0.000000e+00  0.000000e+00  0.000000e+00  0.000000e+00  0.000000e+00  0.000000e+00  2.174640e-02  0.000000e+00  0.000000e+00  0.000000e+00  0.000000e+00  0.000000e+00  0.000000e+00  0.000000e+00  2.174640e-02
2.473335e-03  0.000000e+00  0.000000e+00  0.000000e+00  0.000000e+00  0.000000e+00  0.000000e+00  0.000000e+00  2.576112e-02  0.000000e+00  0.000000e+00  0.000000e+00  0.000000e+00  0.000000e+00  0.000000e+00  0.000000e+00  2.576112e-02
2.603102e-03  0.000000e+00  0.000000e+00  0.000000e+00  0.000000e+00  0.000000e+00  0.000000e+00  0.000000e+00  2.609568e-02  0.000000e+00  0.000000e+00  0.000000e+00  0.000000e+00  0.000000e+00  0.000000e+00  0.000000e+00  2.609568e-02
2.739677e-03  0.000000e+00  0.000000e+00  0.000000e+00  0.000000e+00  0.000000e+00  0.000000e+00  0.000000e+00  2.107728e-02  0.000000e+00  0.000000e+00  0.000000e+00  0.000000e+00  0.000000e+00  0.000000e+00  0.000000e+00  2.107728e-02
2.883418e-03  0.000000e+00  0.000000e+00  0.000000e+00  0.000000e+00  0.000000e+00  0.000000e+00  0.000000e+00  2.776848e-02  0.000000e+00  0.000000e+00  0.000000e+00  0.000000e+00  0.000000e+00  0.000000e+00  0.000000e+00  2.776848e-02
3.034700e-03  0.000000e+00  0.000000e+00  0.000000e+00  0.000000e+00  0.000000e+00  0.000000e+00  0.000000e+00  2.542656e-02  0.000000e+00  0.000000e+00  0.000000e+00  0.000000e+00  0.000000e+00  0.000000e+00  0.000000e+00  2.542656e-02
3.193919e-03  0.000000e+00  0.000000e+00  0.000000e+00  0.000000e+00  0.000000e+00  0.000000e+00  0.000000e+00  2.107728e-02  0.000000e+00  0.000000e+00  0.000000e+00  0.000000e+00  0.000000e+00  0.000000e+00  0.000000e+00  2.107728e-02
3.361492e-03  0.000000e+00  0.000000e+00  0.000000e+00  0.000000e+00  0.000000e+00  0.000000e+00  0.000000e+00  2.843760e-02  0.000000e+00  0.000000e+00  0.000000e+00  0.000000e+00  0.000000e+00  0.000000e+00  0.000000e+00  2.843760e-02
3.537857e-03  0.000000e+00  0.000000e+00  0.000000e+00  0.000000e+00  0.000000e+00  0.000000e+00  0.000000e+00  2.074272e-02  0.000000e+00  0.000000e+00  0.000000e+00  0.000000e+00  0.000000e+00  0.000000e+00  0.000000e+00  2.074272e-02
3.723475e-03  0.000000e+00  0.000000e+00  0.000000e+00  0.000000e+00  0.000000e+00  0.000000e+00  0.000000e+00  2.609568e-02  0.000000e+00  0.000000e+00  0.000000e+00  0.000000e+00  0.000000e+00  0.000000e+00  0.000000e+00  2.609568e-02
3.918832e-03  0.000000e+00  0.000000e+00  0.000000e+00  0.000000e+00  0.000000e+00  0.000000e+00  0.000000e+00  2.877216e-02  0.000000e+00  0.000000e+00  0.000000e+00  0.000000e+00  0.000000e+00  0.000000e+00  0.000000e+00  2.877216e-02
4.124439e-03  0.000000e+00  0.000000e+00  0.000000e+00  0.000000e+00  0.000000e+00  0.000000e+00  0.000000e+00  3.178321e-02  0.000000e+00  0.000000e+00  0.000000e+00  0.000000e+00  0.000000e+00  0.000000e+00  0.000000e+00  3.178321e-02
4.340833e-03  0.000000e+00  0.000000e+00  0.000000e+00  0.000000e+00  0.000000e+00  0.000000e+00  0.000000e+00  2.944128e-02  0.000000e+00  0.000000e+00  0.000000e+00  0.000000e+00  0.000000e+00  0.000000e+00  0.000000e+00  2.944128e-02
4.568580e-03  0.000000e+00  0.000000e+00  0.000000e+00  0.000000e+00  0.000000e+00  0.000000e+00  0.000000e+00  2.776848e-02  0.000000e+00  0.000000e+00  0.000000e+00  0.000000e+00  0.000000e+00  0.000000e+00  0.000000e+00  2.776848e-02
4.808276e-03  0.000000e+00  0.000000e+00  0.000000e+00  0.000000e+00  0.000000e+00  0.000000e+00  0.000000e+00  2.375376e-02  0.000000e+00  0.000000e+00  0.000000e+00  0.000000e+00  0.000000e+00  0.000000e+00  0.000000e+00  2.375376e-02
5.060549e-03  0.000000e+00  0.000000e+00  0.000000e+00  0.000000e+00  0.000000e+00  0.000000e+00  0.000000e+00  2.944128e-02  0.000000e+00  0.000000e+00  0.000000e+00  0.000000e+00  0.000000e+00  0.000000e+00  0.000000e+00  2.944128e-02
5.326057e-03  0.000000e+00  0.000000e+00  0.000000e+00  0.000000e+00  0.000000e+00  0.000000e+00  0.000000e+00  2.275008e-02  0.000000e+00  0.000000e+00  0.000000e+00  0.000000e+00  0.000000e+00  0.000000e+00  0.000000e+00  2.275008e-02
5.605495e-03  0.000000e+00  0.000000e+00  0.000000e+00  0.000000e+00  0.000000e+00  0.000000e+00  0.000000e+00  2.341920e-02  0.000000e+00  0.000000e+00  0.000000e+00  0.000000e+00  0.000000e+00  0.000000e+00  0.000000e+00  2.341920e-02
5.899595e-03  0.000000e+00  0.000000e+00  0.000000e+00  0.000000e+00  0.000000e+00  0.000000e+00  0.000000e+00  2.074272e-02  0.000000e+00  0.000000e+00  0.000000e+00  0.000000e+00  0.000000e+00  0.000000e+00  0.000000e+00  2.074272e-02
6.209124e-03  0.000000e+00  0.000000e+00  0.000000e+00  0.000000e+00  0.000000e+00  0.000000e+00  0.000000e+00  2.208096e-02  0.000000e+00  0.000000e+00  0.000000e+00  0.000000e+00  0.000000e+00  0.000000e+00  0.000000e+00  2.208096e-02
6.534894e-03  0.000000e+00  0.000000e+00  0.000000e+00  0.000000e+00  0.000000e+00  0.000000e+00  0.000000e+00  2.509200e-02  0.000000e+00  0.000000e+00  0.000000e+00  0.000000e+00  0.000000e+00  0.000000e+00  0.000000e+00  2.509200e-02
6.877755e-03  0.000000e+00  0.000000e+00  0.000000e+00  0.000000e+00  0.000000e+00  0.000000e+00  0.000000e+00  1.873536e-02  0.000000e+00  0.000000e+00  0.000000e+00  0.000000e+00  0.000000e+00  0.000000e+00  0.000000e+00  1.873536e-02
7.238606e-03  0.000000e+00  0.000000e+00  0.000000e+00  0.000000e+00  0.000000e+00  0.000000e+00  0.000000e+00  1.873536e-02  0.000000e+00  0.000000e+00  0.000000e+00  0.000000e+00  0.000000e+00  0.000000e+00  0.000000e+00  1.873536e-02
7.618388e-03  0.000000e+00  0.000000e+00  0.000000e+00  0.000000e+00  0.000000e+00  0.000000e+00  0.000000e+00  1.405152e-02  0.000000e+00  0.000000e+00  0.000000e+00  0.000000e+00  0.000000e+00  0.000000e+00  0.000000e+00  1.405152e-02
8.018097e-03  0.000000e+00  0.000000e+00  0.000000e+00  0.000000e+00  0.000000e+00  0.000000e+00  0.000000e+00  1.338240e-02  0.000000e+00  0.000000e+00  0.000000e+00  0.000000e+00  0.000000e+00  0.000000e+00  0.000000e+00  1.338240e-02
8.438776e-03  0.000000e+00  0.000000e+00  0.000000e+00  0.000000e+00  0.000000e+00  0.000000e+00  0.000000e+00  1.840080e-02  0.000000e+00  0.000000e+00  0.000000e+00  0.000000e+00  0.000000e+00  0.000000e+00  0.000000e+00  1.840080e-02
8.881527e-03  0.000000e+00  0.000000e+00  0.000000e+00  0.000000e+00  0.000000e+00  0.000000e+00  0.000000e+00  1.472064e-02  0.000000e+00  0.000000e+00  0.000000e+00  0.000000e+00  0.000000e+00  0.000000e+00  0.000000e+00  1.472064e-02
9.347508e-03  0.000000e+00  0.000000e+00  0.000000e+00  0.000000e+00  0.000000e+00  0.000000e+00  0.000000e+00  1.639344e-02  0.000000e+00  0.000000e+00  0.000000e+00  0.000000e+00  0.000000e+00  0.000000e+00  0.000000e+00  1.639344e-02
9.837937e-03  0.000000e+00  0.000000e+00  0.000000e+00  0.000000e+00  0.000000e+00  0.000000e+00  0.000000e+00  1.639344e-02  0.000000e+00  0.000000e+00  0.000000e+00  0.000000e+00  0.000000e+00  0.000000e+00  0.000000e+00  1.639344e-02
1.035410e-02  0.000000e+00  0.000000e+00  0.000000e+00  0.000000e+00  0.000000e+00  0.000000e+00  0.000000e+00  8.029441e-03  0.000000e+00  0.000000e+00  0.000000e+00  0.000000e+00  0.000000e+00  0.000000e+00  0.000000e+00  1.906992e-02
1.089734e-02  0.000000e+00  0.000000e+00  0.000000e+00  0.000000e+00  0.000000e+00  0.000000e+00  0.000000e+00  0.000000e+00  0.000000e+00  0.000000e+00  0.000000e+00  0.000000e+00  0.000000e+00  0.000000e+00  0.000000e+00  1.438608e-02
1.146908e-02  0.000000e+00  0.000000e+00  0.000000e+00  0.000000e+00  0.000000e+00  0.000000e+00  0.000000e+00  0.000000e+00  0.000000e+00  0.000000e+00  0.000000e+00  0.000000e+00  0.000000e+00  0.000000e+00  0.000000e+00  1.572432e-02
1.207082e-02  0.000000e+00  0.000000e+00  0.000000e+00  0.000000e+00  0.000000e+00  0.000000e+00  0.000000e+00  0.000000e+00  0.000000e+00  0.000000e+00  0.000000e+00  0.000000e+00  0.000000e+00  0.000000e+00  0.000000e+00  1.170960e-02
1.270413e-02  0.000000e+00  0.000000e+00  0.000000e+00  0.000000e+00  0.000000e+00  0.000000e+00  0.000000e+00  0.000000e+00  0.000000e+00  0.000000e+00  0.000000e+00  0.000000e+00  0.000000e+00  0.000000e+00  0.000000e+00  1.304784e-02
1.337067e-02  0.000000e+00  0.000000e+00  0.000000e+00  0.000000e+00  0.000000e+00  0.000000e+00  0.000000e+00  0.000000e+00  0.000000e+00  0.000000e+00  0.000000e+00  0.000000e+00  0.000000e+00  0.000000e+00  0.000000e+00  7.694881e-03
1.407218e-02  0.000000e+00  0.000000e+00  0.000000e+00  0.000000e+00  0.000000e+00  0.000000e+00  0.000000e+00  0.000000e+00  0.000000e+00  0.000000e+00  0.000000e+00  0.000000e+00  0.000000e+00  0.000000e+00  0.000000e+00  7.025761e-03
1.481049e-02  0.000000e+00  0.000000e+00  0.000000e+00  0.000000e+00  0.000000e+00  0.000000e+00  0.000000e+00  0.000000e+00  0.000000e+00  0.000000e+00  0.000000e+00  0.000000e+00  0.000000e+00  0.000000e+00  0.000000e+00  7.025761e-03
1.558754e-02  0.000000e+00  0.000000e+00  0.000000e+00  0.000000e+00  0.000000e+00  0.000000e+00  0.000000e+00  0.000000e+00  0.000000e+00  0.000000e+00  0.000000e+00  0.000000e+00  0.000000e+00  0.000000e+00  0.000000e+00  8.364001e-03
1.640536e-02  0.000000e+00  0.000000e+00  0.000000e+00  0.000000e+00  0.000000e+00  0.000000e+00  0.000000e+00  0.000000e+00  0.000000e+00  0.000000e+00  0.000000e+00  0.000000e+00  0.000000e+00  0.000000e+00  0.000000e+00  8.698561e-03
1.726609e-02  0.000000e+00  0.000000e+00  0.000000e+00  0.000000e+00  0.000000e+00  0.000000e+00  0.000000e+00  0.000000e+00  0.000000e+00  0.000000e+00  0.000000e+00  0.000000e+00  0.000000e+00  0.000000e+00  0.000000e+00  6.691201e-03
1.817198e-02  0.000000e+00  0.000000e+00  0.000000e+00  0.000000e+00  0.000000e+00  0.000000e+00  0.000000e+00  0.000000e+00  0.000000e+00  0.000000e+00  0.000000e+00  0.000000e+00  0.000000e+00  0.000000e+00  5.352961e-03  4.683841e-03
1.912540e-02  0.000000e+00  0.000000e+00  0.000000e+00  0.000000e+00  0.000000e+00  0.000000e+00  0.000000e+00  0.000000e+00  0.000000e+00  0.000000e+00  0.000000e+00  0.000000e+00  0.000000e+00  0.000000e+00  6.691201e-03  3.011040e-03
2.012883e-02  0.000000e+00  0.000000e+00  0.000000e+00  0.000000e+00  0.000000e+00  0.000000e+00  0.000000e+00  0.000000e+00  0.000000e+00  0.000000e+00  0.000000e+00  0.000000e+00  0.000000e+00  0.000000e+00  1.237872e-02  4.349281e-03
2.118492e-02  0.000000e+00  0.000000e+00  0.000000e+00  0.000000e+00  0.000000e+00  0.000000e+00  0.000000e+00  0.000000e+00  0.000000e+00  0.000000e+00  0.000000e+00  0.000000e+00  0.000000e+00  0.000000e+00  1.070592e-02  4.349281e-03
2.229641e-02  0.000000e+00  0.000000e+00  0.000000e+00  0.000000e+00  0.000000e+00  0.000000e+00  0.000000e+00  0.000000e+00  0.000000e+00  0.000000e+00  0.000000e+00  0.000000e+00  0.000000e+00  0.000000e+00  1.104048e-02  4.014721e-03
2.346622e-02  0.000000e+00  0.000000e+00  0.000000e+00  0.000000e+00  0.000000e+00  0.000000e+00  0.000000e+00  0.000000e+00  0.000000e+00  0.000000e+00  0.000000e+00  0.000000e+00  0.000000e+00  0.000000e+00  1.338240e-02  3.345601e-03
2.469741e-02  0.000000e+00  0.000000e+00  0.000000e+00  0.000000e+00  0.000000e+00  0.000000e+00  0.000000e+00  0.000000e+00  0.000000e+00  0.000000e+00  0.000000e+00  0.000000e+00  0.000000e+00  0.000000e+00  2.074272e-02  0.000000e+00
2.599319e-02  0.000000e+00  0.000000e+00  0.000000e+00  0.000000e+00  0.000000e+00  0.000000e+00  0.000000e+00  0.000000e+00  0.000000e+00  0.000000e+00  0.000000e+00  0.000000e+00  0.000000e+00  0.000000e+00  1.672800e-02  0.000000e+00
2.735695e-02  0.000000e+00  0.000000e+00  0.000000e+00  0.000000e+00  0.000000e+00  0.000000e+00  0.000000e+00  0.000000e+00  0.000000e+00  0.000000e+00  0.000000e+00  0.000000e+00  0.000000e+00  0.000000e+00  2.141184e-02  0.000000e+00
2.879227e-02  0.000000e+00  0.000000e+00  0.000000e+00  0.000000e+00  0.000000e+00  0.000000e+00  8.029441e-03  0.000000e+00  0.000000e+00  0.000000e+00  0.000000e+00  0.000000e+00  0.000000e+00  0.000000e+00  2.475744e-02  0.000000e+00
3.030289e-02  0.000000e+00  0.000000e+00  0.000000e+00  0.000000e+00  0.000000e+00  0.000000e+00  2.475744e-02  0.000000e+00  0.000000e+00  0.000000e+00  0.000000e+00  0.000000e+00  0.000000e+00  0.000000e+00  2.475744e-02  0.000000e+00
3.189277e-02  0.000000e+00  0.000000e+00  0.000000e+00  0.000000e+00  0.000000e+00  0.000000e+00  3.278689e-02  0.000000e+00  0.000000e+00  0.000000e+00  0.000000e+00  0.000000e+00  0.000000e+00  0.000000e+00  3.278689e-02  0.000000e+00
3.356607e-02  0.000000e+00  0.000000e+00  0.000000e+00  0.000000e+00  0.000000e+00  0.000000e+00  3.077952e-02  0.000000e+00  0.000000e+00  0.000000e+00  0.000000e+00  0.000000e+00  0.000000e+00  5.018401e-03  3.077952e-02  0.000000e+00
3.532715e-02  0.000000e+00  0.000000e+00  0.000000e+00  0.000000e+00  0.000000e+00  0.000000e+00  2.576112e-02  0.000000e+00  0.000000e+00  0.000000e+00  0.000000e+00  0.000000e+00  0.000000e+00  1.070592e-02  2.576112e-02  0.000000e+00
3.718064e-02  0.000000e+00  0.000000e+00  0.000000e+00  0.000000e+00  0.000000e+00  0.000000e+00  2.709936e-02  0.000000e+00  0.000000e+00  0.000000e+00  0.000000e+00  0.000000e+00  0.000000e+00  8.364001e-03  2.709936e-02  0.000000e+00
3.913137e-02  0.000000e+00  0.000000e+00  0.000000e+00  0.000000e+00  0.000000e+00  0.000000e+00  2.743392e-02  0.000000e+00  0.000000e+00  0.000000e+00  0.000000e+00  0.000000e+00  0.000000e+00  7.360321e-03  2.743392e-02  0.000000e+00
4.118444e-02  0.000000e+00  0.000000e+00  0.000000e+00  0.000000e+00  0.000000e+00  0.000000e+00  2.910672e-02  0.000000e+00  0.000000e+00  0.000000e+00  0.000000e+00  0.000000e+00  0.000000e+00  1.237872e-02  2.910672e-02  0.000000e+00
4.334524e-02  0.000000e+00  0.000000e+00  0.000000e+00  0.000000e+00  0.000000e+00  0.000000e+00  2.676480e-02  0.000000e+00  0.000000e+00  0.000000e+00  0.000000e+00  0.000000e+00  4.014721e-03  1.405152e-02  2.676480e-02  0.000000e+00
4.561940e-02  0.000000e+00  0.000000e+00  0.000000e+00  0.000000e+00  0.000000e+00  0.000000e+00  2.977584e-02  0.000000e+00  0.000000e+00  0.000000e+00  0.000000e+00  0.000000e+00  9.033121e-03  1.639344e-02  2.977584e-02  0.000000e+00
4.801288e-02  0.000000e+00  0.000000e+00  0.000000e+00  0.000000e+00  0.000000e+00  0.000000e+00  2.542656e-02  0.000000e+00  0.000000e+00  0.000000e+00  0.000000e+00  0.000000e+00  7.025761e-03  1.739712e-02  2.542656e-02  0.000000e+00
5.053194e-02  0.000000e+00  0.000000e+00  0.000000e+00  0.000000e+00  0.000000e+00  0.000000e+00  2.643024e-02  0.000000e+00  0.000000e+00  0.000000e+00  0.000000e+00  0.000000e+00  1.104048e-02  2.107728e-02  2.643024e-02  0.000000e+00
5.318316e-02  0.000000e+00  0.000000e+00  0.000000e+00  0.000000e+00  0.000000e+00  0.000000e+00  2.743392e-02  0.000000e+00  0.000000e+00  0.000000e+00  0.000000e+00  0.000000e+00  1.472064e-02  2.040816e-02  2.743392e-02  0.000000e+00
5.597348e-02  0.000000e+00  0.000000e+00  0.000000e+00  0.000000e+00  0.000000e+00  2.308464e-02  2.408832e-02  0.000000e+00  0.000000e+00  0.000000e+00  0.000000e+00  0.000000e+00  1.137504e-02  2.509200e-02  2.408832e-02  0.000000e+00
5.891020e-02  0.000000e+00  0.000000e+00  0.000000e+00  0.000000e+00  0.000000e+00  2.743392e-02  2.576112e-02  0.000000e+00  0.000000e+00  0.000000e+00  0.000000e+00  0.000000e+00  1.271328e-02  2.743392e-02  2.576112e-02  0.000000e+00
6.200100e-02  0.000000e+00  0.000000e+00  0.000000e+00  0.000000e+00  0.000000e+00  2.542656e-02  2.676480e-02  0.000000e+00  0.000000e+00  0.000000e+00  0.000000e+00  4.683841e-03  1.906992e-02  2.542656e-02  2.676480e-02  0.000000e+00
6.525396e-02  0.000000e+00  0.000000e+00  0.000000e+00  0.000000e+00  0.000000e+00  3.011040e-02  2.007360e-02  0.000000e+00  0.000000e+00  0.000000e+00  0.000000e+00  7.025761e-03  1.940448e-02  3.011040e-02  2.007360e-02  0.000000e+00
6.867759e-02  0.000000e+00  0.000000e+00  0.000000e+00  0.000000e+00  0.000000e+00  2.475744e-02  1.973904e-02  0.000000e+00  0.000000e+00  0.000000e+00  0.000000e+00  9.033121e-03  2.174640e-02  2.475744e-02  1.973904e-02  0.000000e+00
7.228085e-02  0.000000e+00  0.000000e+00  0.000000e+00  0.000000e+00  2.308464e-02  3.111408e-02  2.074272e-02  0.000000e+00  0.000000e+00  0.000000e+00  0.000000e+00  1.070592e-02  2.810304e-02  3.111408e-02  2.074272e-02  0.000000e+00
7.607316e-02  0.000000e+00  0.000000e+00  0.000000e+00  0.000000e+00  2.843760e-02  2.609568e-02  2.375376e-02  0.000000e+00  0.000000e+00  0.000000e+00  0.000000e+00  1.070592e-02  2.843760e-02  2.609568e-02  2.375376e-02  0.000000e+00
8.006443e-02  0.000000e+00  0.000000e+00  0.000000e+00  0.000000e+00  2.609568e-02  2.910672e-02  2.040816e-02  0.000000e+00  0.000000e+00  0.000000e+00  0.000000e+00  1.271328e-02  2.609568e-02  2.910672e-02  2.040816e-02  0.000000e+00
8.426511e-02  0.000000e+00  0.000000e+00  0.000000e+00  0.000000e+00  2.676480e-02  2.743392e-02  2.040816e-02  0.000000e+00  0.000000e+00  0.000000e+00  0.000000e+00  1.505520e-02  2.676480e-02  2.743392e-02  2.040816e-02  0.000000e+00
8.868619e-02  0.000000e+00  0.000000e+00  0.000000e+00  0.000000e+00  2.609568e-02  2.442288e-02  1.973904e-02  0.000000e+00  0.000000e+00  0.000000e+00  0.000000e+00  1.371696e-02  2.609568e-02  2.442288e-02  1.973904e-02  0.000000e+00
9.333922e-02  0.000000e+00  0.000000e+00  0.000000e+00  0.000000e+00  2.643024e-02  2.776848e-02  2.074272e-02  0.000000e+00  0.000000e+00  0.000000e+00  0.000000e+00  1.538976e-02  2.643024e-02  2.776848e-02  2.074272e-02  0.000000e+00
9.823638e-02  0.000000e+00  0.000000e+00  0.000000e+00  0.000000e+00  2.442288e-02  2.609568e-02  1.672800e-02  0.000000e+00  0.000000e+00  0.000000e+00  0.000000e+00  2.107728e-02  2.442288e-02  2.609568e-02  1.672800e-02  0.000000e+00
1.033905e-01  0.000000e+00  0.000000e+00  0.000000e+00  1.371696e-02  3.178321e-02  2.308464e-02  1.538976e-02  0.000000e+00  0.000000e+00  0.000000e+00  0.000000e+00  2.877216e-02  3.178321e-02  2.308464e-02  1.538976e-02  0.000000e+00
1.088150e-01  0.000000e+00  0.000000e+00  0.000000e+00  2.475744e-02  2.275008e-02  2.609568e-02  1.706256e-02  0.000000e+00  0.000000e+00  0.000000e+00  7.360321e-03  2.475744e-02  2.275008e-02  2.609568e-02  1.706256e-02  0.000000e+00
1.145241e-01  0.000000e+00  0.000000e+00  0.000000e+00  2.609568e-02  2.743392e-02  2.341920e-02  1.639344e-02  0.000000e+00  0.000000e+00  0.000000e+00  1.070592e-02  2.609568e-02  2.743392e-02  2.341920e-02  1.639344e-02  0.000000e+00
1.205328e-01  0.000000e+00  0.000000e+00  0.000000e+00  2.676480e-02  3.345601e-02  2.743392e-02  1.271328e-02  0.000000e+00  0.000000e+00  0.000000e+00  9.702242e-03  2.676480e-02  3.345601e-02  2.743392e-02  1.271328e-02  0.000000e+00
1.268567e-01  0.000000e+00  0.000000e+00  0.000000e+00  3.345601e-02  2.843760e-02  2.676480e-02  1.338240e-02  0.000000e+00  0.000000e+00  0.000000e+00  1.204416e-02  3.345601e-02  2.843760e-02  2.676480e-02  1.338240e-02  0.000000e+00
1.335124e-01  0.000000e+00  0.000000e+00  0.000000e+00  2.709936e-02  2.509200e-02  2.308464e-02  4.014721e-03  0.000000e+00  0.000000e+00  0.000000e+00  1.237872e-02  2.709936e-02  2.509200e-02  2.308464e-02  1.137504e-02  0.000000e+00
1.405173e-01  0.000000e+00  0.000000e+00  0.000000e+00  2.743392e-02  2.676480e-02  2.275008e-02  0.000000e+00  0.000000e+00  0.000000e+00  0.000000e+00  1.438608e-02  2.743392e-02  2.676480e-02  2.275008e-02  1.438608e-02  0.000000e+00
1.478897e-01  0.000000e+00  0.000000e+00  0.000000e+00  3.178321e-02  2.208096e-02  2.509200e-02  0.000000e+00  0.000000e+00  0.000000e+00  0.000000e+00  1.940448e-02  3.178321e-02  2.208096e-02  2.509200e-02  1.538976e-02  0.000000e+00
1.556489e-01  0.000000e+00  0.000000e+00  0.000000e+00  3.044496e-02  2.509200e-02  2.442288e-02  0.000000e+00  0.000000e+00  0.000000e+00  0.000000e+00  1.940448e-02  3.044496e-02  2.509200e-02  2.442288e-02  9.033121e-03  0.000000e+00
1.638152e-01  0.000000e+00  0.000000e+00  0.000000e+00  3.178321e-02  2.709936e-02  2.174640e-02  0.000000e+00  0.000000e+00  0.000000e+00  0.000000e+00  1.906992e-02  3.178321e-02  2.709936e-02  2.174640e-02  1.304784e-02  0.000000e+00
1.724100e-01  0.000000e+00  0.000000e+00  7.025761e-03  3.646705e-02  2.341920e-02  2.308464e-02  0.000000e+00  0.000000e+00  0.000000e+00  7.694881e-03  1.773168e-02  3.646705e-02  2.341920e-02  2.308464e-02  1.037136e-02  0.000000e+00
1.814557e-01  0.000000e+00  0.000000e+00  2.643024e-02  2.709936e-02  2.375376e-02  2.040816e-02  0.000000e+00  0.000000e+00  0.000000e+00  1.170960e-02  2.643024e-02  2.709936e-02  2.375376e-02  2.040816e-02  8.364001e-03  0.000000e+00
1.909760e-01  0.000000e+00  0.000000e+00  2.643024e-02  2.542656e-02  2.275008e-02  2.542656e-02  0.000000e+00  0.000000e+00  0.000000e+00  1.104048e-02  2.643024e-02  2.542656e-02  2.275008e-02  2.542656e-02  6.356641e-03  0.000000e+00
2.009958e-01  0.000000e+00  0.000000e+00  3.211777e-02  2.308464e-02  3.345601e-02  2.208096e-02  0.000000e+00  0.000000e+00  0.000000e+00  1.773168e-02  3.211777e-02  2.308464e-02  3.345601e-02  2.208096e-02  8.029441e-03  0.000000e+00
2.115413e-01  0.000000e+00  0.000000e+00  3.379057e-02  2.408832e-02  2.040816e-02  1.371696e-02  0.000000e+00  0.000000e+00  0.000000e+00  1.237872e-02  3.379057e-02  2.408832e-02  2.040816e-02  1.371696e-02  7.360321e-03  0.000000e+00
2.226401e-01  0.000000e+00  0.000000e+00  3.479425e-02  2.408832e-02  2.843760e-02  8.029441e-03  0.000000e+00  0.000000e+00  0.000000e+00  1.572432e-02  3.479425e-02  2.408832e-02  2.843760e-02  2.208096e-02  8.698561e-03  0.000000e+00
2.343212e-01  0.000000e+00  0.000000e+00  3.178321e-02  2.709936e-02  2.107728e-02  0.000000e+00  0.000000e+00  0.000000e+00  0.000000e+00  1.505520e-02  3.178321e-02  2.709936e-02  2.107728e-02  1.371696e-02  4.014721e-03  0.000000e+00
2.466151e-01  0.000000e+00  0.000000e+00  2.977584e-02  3.479425e-02  2.877216e-02  0.000000e+00  0.000000e+00  0.000000e+00  0.000000e+00  1.773168e-02  2.977584e-02  3.479425e-02  2.877216e-02  1.572432e-02  7.025761e-03  0.000000e+00
2.595541e-01  0.000000e+00  0.000000e+00  3.512881e-02  3.211777e-02  2.141184e-02  0.000000e+00  0.000000e+00  0.000000e+00  0.000000e+00  2.074272e-02  3.512881e-02  3.211777e-02  2.141184e-02  1.137504e-02  4.349281e-03  0.000000e+00
2.731719e-01  0.000000e+00  1.806624e-02  3.312145e-02  3.144865e-02  4.683841e-03  0.000000e+00  0.000000e+00  0.000000e+00  0.000000e+00  2.341920e-02  3.312145e-02  3.144865e-02  1.873536e-02  1.137504e-02  3.345601e-03  0.000000e+00
2.875042e-01  0.000000e+00  2.040816e-02  3.512881e-02  2.509200e-02  0.000000e+00  0.000000e+00  0.000000e+00  0.000000e+00  0.000000e+00  2.040816e-02  3.512881e-02  2.509200e-02  1.371696e-02  1.070592e-02  5.352961e-03  0.000000e+00
3.025885e-01  0.000000e+00  3.011040e-02  3.780529e-02  2.241552e-02  0.000000e+00  0.000000e+00  0.000000e+00  0.000000e+00  0.000000e+00  3.011040e-02  3.780529e-02  2.241552e-02  1.371696e-02  1.237872e-02  2.676480e-03  0.000000e+00
3.184642e-01  0.000000e+00  3.245233e-02  4.115089e-02  2.810304e-02  0.000000e+00  0.000000e+00  0.000000e+00  0.000000e+00  0.000000e+00  3.245233e-02  4.115089e-02  2.810304e-02  1.840080e-02  9.033121e-03  0.000000e+00  0.000000e+00
3.351728e-01  0.000000e+00  3.479425e-02  3.044496e-02  2.709936e-02  0.000000e+00  0.000000e+00  0.000000e+00  0.000000e+00  0.000000e+00  3.479425e-02  3.044496e-02  2.709936e-02  1.338240e-02  7.025761e-03  0.000000e+00  0.000000e+00
3.527581e-01  0.000000e+00  3.312145e-02  2.776848e-02  1.773168e-02  0.000000e+00  0.000000e+00  0.000000e+00  0.000000e+00  0.000000e+00  3.312145e-02  2.776848e-02  2.542656e-02  1.003680e-02  8.364001e-03  0.000000e+00  0.000000e+00
3.712660e-01  0.000000e+00  3.211777e-02  3.445969e-02  0.000000e+00  0.000000e+00  0.000000e+00  0.000000e+00  0.000000e+00  0.000000e+00  3.211777e-02  3.445969e-02  1.639344e-02  1.271328e-02  9.367681e-03  0.000000e+00  0.000000e+00
3.907449e-01  0.000000e+00  3.780529e-02  3.646705e-02  0.000000e+00  0.000000e+00  0.000000e+00  0.000000e+00  0.000000e+00  0.000000e+00  3.780529e-02  3.646705e-02  1.906992e-02  1.003680e-02  4.683841e-03  0.000000e+00  0.000000e+00
4.112459e-01  0.000000e+00  4.248913e-02  3.077952e-02  0.000000e+00  0.000000e+00  0.000000e+00  0.000000e+00  0.000000e+00  5.018401e-03  4.248913e-02  3.077952e-02  1.840080e-02  8.364001e-03  3.680161e-03  0.000000e+00  0.000000e+00
4.328224e-01  0.000000e+00  4.483105e-02  2.609568e-02  0.000000e+00  0.000000e+00  0.000000e+00  0.000000e+00  0.000000e+00  8.698561e-03  4.483105e-02  2.609568e-02  1.873536e-02  6.022081e-03  3.680161e-03  0.000000e+00  0.000000e+00
4.555310e-01  0.000000e+00  4.014721e-02  3.077952e-02  0.000000e+00  0.000000e+00  0.000000e+00  0.000000e+00  0.000000e+00  1.237872e-02  4.014721e-02  3.077952e-02  1.104048e-02  7.694881e-03  0.000000e+00  0.000000e+00  0.000000e+00
4.794310e-01  0.000000e+00  4.182001e-02  2.743392e-02  0.000000e+00  0.000000e+00  0.000000e+00  0.000000e+00  0.000000e+00  9.702242e-03  4.182001e-02  2.743392e-02  1.104048e-02  7.025761e-03  0.000000e+00  0.000000e+00  0.000000e+00
5.045849e-01  0.000000e+00  3.981265e-02  2.676480e-02  0.000000e+00  0.000000e+00  0.000000e+00  0.000000e+00  0.000000e+00  1.438608e-02  3.981265e-02  2.676480e-02  1.170960e-02  0.000000e+00  0.000000e+00  0.000000e+00  0.000000e+00
5.310586e-01  0.000000e+00  4.382737e-02  4.014721e-03  0.000000e+00  0.000000e+00  0.000000e+00  0.000000e+00  0.000000e+00  1.003680e-02  4.382737e-02  2.442288e-02  9.367681e-03  0.000000e+00  0.000000e+00  0.000000e+00  0.000000e+00
5.589213e-01  0.000000e+00  3.144865e-02  0.000000e+00  0.000000e+00  0.000000e+00  0.000000e+00  0.000000e+00  0.000000e+00  1.572432e-02  3.144865e-02  2.576112e-02  9.033121e-03  0.000000e+00  0.000000e+00  0.000000e+00  0.000000e+00
5.882458e-01  0.000000e+00  3.780529e-02  0.000000e+00  0.000000e+00  0.000000e+00  0.000000e+00  0.000000e+00  0.000000e+00  1.739712e-02  3.780529e-02  1.672800e-02  2.676480e-03  0.000000e+00  0.000000e+00  0.000000e+00  0.000000e+00
6.191089e-01  0.000000e+00  3.947809e-02  0.000000e+00  0.000000e+00  0.000000e+00  0.000000e+00  0.000000e+00  0.000000e+00  1.505520e-02  3.947809e-02  2.040816e-02  0.000000e+00  0.000000e+00  0.000000e+00  0.000000e+00  0.000000e+00
6.515912e-01  0.000000e+00  3.379057e-02  0.000000e+00  0.000000e+00  0.000000e+00  0.000000e+00  0.000000e+00  0.000000e+00  2.040816e-02  3.379057e-02  1.706256e-02  0.000000e+00  0.000000e+00  0.000000e+00  0.000000e+00  0.000000e+00
6.857778e-01  1.204416e-02  2.944128e-02  0.000000e+00  0.000000e+00  0.000000e+00  0.000000e+00  0.000000e+00  0.000000e+00  1.840080e-02  2.944128e-02  1.304784e-02  0.000000e+00  0.000000e+00  0.000000e+00  0.000000e+00  0.000000e+00
7.217580e-01  3.144865e-02  1.572432e-02  0.000000e+00  0.000000e+00  0.000000e+00  0.000000e+00  0.000000e+00  0.000000e+00  3.144865e-02  2.944128e-02  8.698561e-03  0.000000e+00  0.000000e+00  0.000000e+00  0.000000e+00  0.000000e+00
7.596259e-01  2.709936e-02  0.000000e+00  0.000000e+00  0.000000e+00  0.000000e+00  0.000000e+00  0.000000e+00  0.000000e+00  2.709936e-02  2.442288e-02  1.037136e-02  0.000000e+00  0.000000e+00  0.000000e+00  0.000000e+00  0.000000e+00
7.994806e-01  3.379057e-02  0.000000e+00  0.000000e+00  0.000000e+00  0.000000e+00  0.000000e+00  0.000000e+00  0.000000e+00  3.379057e-02  2.107728e-02  2.676480e-03  0.000000e+00  0.000000e+00  0.000000e+00  0.000000e+00  0.000000e+00
8.414264e-01  3.713617e-02  0.000000e+00  0.000000e+00  0.000000e+00  0.000000e+00  0.000000e+00  0.000000e+00  0.000000e+00  3.713617e-02  1.706256e-02  0.000000e+00  0.000000e+00  0.000000e+00  0.000000e+00  0.000000e+00  0.000000e+00
8.855729e-01  4.282369e-02  0.000000e+00  0.000000e+00  0.000000e+00  0.000000e+00  0.000000e+00  0.000000e+00  0.000000e+00  4.282369e-02  1.338240e-02  0.000000e+00  0.000000e+00  0.000000e+00  0.000000e+00  0.000000e+00  0.000000e+00
9.320356e-01  4.516561e-02  0.000000e+00  0.000000e+00  0.000000e+00  0.000000e+00  0.000000e+00  0.000000e+00  0.000000e+00  4.516561e-02  1.371696e-02  0.000000e+00  0.000000e+00  0.000000e+00  0.000000e+00  0.000000e+00  0.000000e+00
9.809360e-01  4.984945e-02  0.000000e+00  0.000000e+00  0.000000e+00  0.000000e+00  0.000000e+00  0.000000e+00  0.000000e+00  4.984945e-02  1.371696e-02  0.000000e+00  0.000000e+00  0.000000e+00  0.000000e+00  0.000000e+00  0.000000e+00
1.032402e+00  4.984945e-02  0.000000e+00  0.000000e+00  0.000000e+00  0.000000e+00  0.000000e+00  0.000000e+00  0.000000e+00  4.984945e-02  8.698561e-03  0.000000e+00  0.000000e+00  0.000000e+00  0.000000e+00  0.000000e+00  0.000000e+00
1.086568e+00  5.687521e-02  0.000000e+00  0.000000e+00  0.000000e+00  0.000000e+00  0.000000e+00  0.000000e+00  0.000000e+00  5.687521e-02  6.022081e-03  0.000000e+00  0.000000e+00  0.000000e+00  0.000000e+00  0.000000e+00  0.000000e+00
1.143577e+00  4.717297e-02  0.000000e+00  0.000000e+00  0.000000e+00  0.000000e+00  0.000000e+00  0.000000e+00  0.000000e+00  4.717297e-02  3.345601e-03  0.000000e+00  0.000000e+00  0.000000e+00  0.000000e+00  0.000000e+00  0.000000e+00
1.203576e+00  4.248913e-02  0.000000e+00  0.000000e+00  0.000000e+00  0.000000e+00  0.000000e+00  0.000000e+00  0.000000e+00  4.248913e-02  0.000000e+00  0.000000e+00  0.000000e+00  0.000000e+00  0.000000e+00  0.000000e+00  0.000000e+00
1.266723e+00  4.583473e-02  0.000000e+00  0.000000e+00  0.000000e+00  0.000000e+00  0.000000e+00  0.000000e+00  0.000000e+00  4.583473e-02  0.000000e+00  0.000000e+00  0.000000e+00  0.000000e+00  0.000000e+00  0.000000e+00  0.000000e+00
1.333183e+00  3.981265e-02  0.000000e+00  0.000000e+00  0.000000e+00  0.000000e+00  0.000000e+00  0.000000e+00  0.000000e+00  3.981265e-02  0.000000e+00  0.000000e+00  0.000000e+00  0.000000e+00  0.000000e+00  0.000000e+00  0.000000e+00
1.403130e+00  3.445969e-02  0.000000e+00  0.000000e+00  0.000000e+00  0.000000e+00  0.000000e+00  0.000000e+00  0.000000e+00  3.445969e-02  0.000000e+00  0.000000e+00  0.000000e+00  0.000000e+00  0.000000e+00  0.000000e+00  0.000000e+00
1.476747e+00  3.646705e-02  0.000000e+00  0.000000e+00  0.000000e+00  0.000000e+00  0.000000e+00  0.000000e+00  0.000000e+00  3.646705e-02  0.000000e+00  0.000000e+00  0.000000e+00  0.000000e+00  0.000000e+00  0.000000e+00  0.000000e+00
1.554227e+00  2.843760e-02  0.000000e+00  0.000000e+00  0.000000e+00  0.000000e+00  0.000000e+00  0.000000e+00  0.000000e+00  2.843760e-02  0.000000e+00  0.000000e+00  0.000000e+00  0.000000e+00  0.000000e+00  0.000000e+00  0.000000e+00
1.635771e+00  1.873536e-02  0.000000e+00  0.000000e+00  0.000000e+00  0.000000e+00  0.000000e+00  0.000000e+00  0.000000e+00  2.743392e-02  0.000000e+00  0.000000e+00  0.000000e+00  0.000000e+00  0.000000e+00  0.000000e+00  0.000000e+00
1.721594e+00  0.000000e+00  0.000000e+00  0.000000e+00  0.000000e+00  0.000000e+00  0.000000e+00  0.000000e+00  0.000000e+00  2.341920e-02  0.000000e+00  0.000000e+00  0.000000e+00  0.000000e+00  0.000000e+00  0.000000e+00  0.000000e+00
1.811920e+00  0.000000e+00  0.000000e+00  0.000000e+00  0.000000e+00  0.000000e+00  0.000000e+00  0.000000e+00  0.000000e+00  1.940448e-02  0.000000e+00  0.000000e+00  0.000000e+00  0.000000e+00  0.000000e+00  0.000000e+00  0.000000e+00
1.906984e+00  0.000000e+00  0.000000e+00  0.000000e+00  0.000000e+00  0.000000e+00  0.000000e+00  0.000000e+00  0.000000e+00  2.040816e-02  0.000000e+00  0.000000e+00  0.000000e+00  0.000000e+00  0.000000e+00  0.000000e+00  0.000000e+00
2.007037e+00  0.000000e+00  0.000000e+00  0.000000e+00  0.000000e+00  0.000000e+00  0.000000e+00  0.000000e+00  0.000000e+00  1.505520e-02  0.000000e+00  0.000000e+00  0.000000e+00  0.000000e+00  0.000000e+00  0.000000e+00  0.000000e+00
2.112338e+00  0.000000e+00  0.000000e+00  0.000000e+00  0.000000e+00  0.000000e+00  0.000000e+00  0.000000e+00  0.000000e+00  1.371696e-02  0.000000e+00  0.000000e+00  0.000000e+00  0.000000e+00  0.000000e+00  0.000000e+00  0.000000e+00
2.223165e+00  0.000000e+00  0.000000e+00  0.000000e+00  0.000000e+00  0.000000e+00  0.000000e+00  0.000000e+00  0.000000e+00  9.702242e-03  0.000000e+00  0.000000e+00  0.000000e+00  0.000000e+00  0.000000e+00  0.000000e+00  0.000000e+00
2.339806e+00  0.000000e+00  0.000000e+00  0.000000e+00  0.000000e+00  0.000000e+00  0.000000e+00  0.000000e+00  0.000000e+00  1.070592e-02  0.000000e+00  0.000000e+00  0.000000e+00  0.000000e+00  0.000000e+00  0.000000e+00  0.000000e+00
2.462567e+00  0.000000e+00  0.000000e+00  0.000000e+00  0.000000e+00  0.000000e+00  0.000000e+00  0.000000e+00  0.000000e+00  8.029441e-03  0.000000e+00  0.000000e+00  0.000000e+00  0.000000e+00  0.000000e+00  0.000000e+00  0.000000e+00
2.591769e+00  0.000000e+00  0.000000e+00  0.000000e+00  0.000000e+00  0.000000e+00  0.000000e+00  0.000000e+00  0.000000e+00  6.022081e-03  0.000000e+00  0.000000e+00  0.000000e+00  0.000000e+00  0.000000e+00  0.000000e+00  0.000000e+00
