2.133926e-04  0.000000e+00  0.000000e+00  0.000000e+00  0.000000e+00  0.000000e+00  0.000000e+00  0.000000e+00  0.000000e+00  0.000000e+00  0.000000e+00  0.000000e+00  0.000000e+00  0.000000e+00  5.800000e-03
2.235301e-04  0.000000e+00  0.000000e+00  0.000000e+00  0.000000e+00  0.000000e+00  0.000000e+00  0.000000e+00  0.000000e+00  0.000000e+00  0.000000e+00  0.000000e+00  0.000000e+00  0.000000e+00  6.100000e-03
2.341491e-04  0.000000e+00  0.000000e+00  0.000000e+00  0.000000e+00  0.000000e+00  0.000000e+00  0.000000e+00  0.000000e+00  0.000000e+00  0.000000e+00  0.000000e+00  0.000000e+00  0.000000e+00  7.500000e-03
2.452726e-04  0.000000e+00  0.000000e+00  0.000000e+00  0.000000e+00  0.000000e+00  0.000000e+00  0.000000e+00  0.000000e+00  0.000000e+00  0.000000e+00  0.000000e+00  0.000000e+00  0.000000e+00  7.800000e-03
2.569246e-04  0.000000e+00  0.000000e+00  0.000000e+00  0.000000e+00  0.000000e+00  0.000000e+00  0.000000e+00  0.000000e+00  0.000000e+00  0.000000e+00  0.000000e+00  0.000000e+00  0.000000e+00  7.800000e-03
2.691301e-04  0.000000e+00  0.000000e+00  0.000000e+00  0.000000e+00  0.000000e+00  0.000000e+00  0.000000e+00  0.000000e+00  0.000000e+00  0.000000e+00  0.000000e+00  0.000000e+00  0.000000e+00  9.500000e-03
2.819154e-04  0.000000e+00  0.000000e+00  0.000000e+00  0.000000e+00  0.000000e+00  0.000000e+00  0.000000e+00  0.000000e+00  0.000000e+00  0.000000e+00  0.000000e+00  0.000000e+00  0.000000e+00  1.060000e-02
2.953082e-04  0.000000e+00  0.000000e+00  0.000000e+00  0.000000e+00  0.000000e+00  0.000000e+00  0.000000e+00  0.000000e+00  0.000000e+00  0.000000e+00  0.000000e+00  0.000000e+00  0.000000e+00  1.320000e-02
3.093371e-04  0.000000e+00  0.000000e+00  0.000000e+00  0.000000e+00  0.000000e+00  0.000000e+00  0.000000e+00  0.000000e+00  0.000000e+00  0.000000e+00  0.000000e+00  0.000000e+00  0.000000e+00  1.380000e-02
3.240325e-04  0.000000e+00  0.000000e+00  0.000000e+00  0.000000e+00  0.000000e+00  0.000000e+00  0.000000e+00  0.000000e+00  0.000000e+00  0.000000e+00  0.000000e+00  0.000000e+00  0.000000e+00  1.160000e-02
3.394261e-04  0.000000e+00  0.000000e+00  0.000000e+00  0.000000e+00  0.000000e+00  0.000000e+00  0.000000e+00  0.000000e+00  0.000000e+00  0.000000e+00  0.000000e+00  0.000000e+00  0.000000e+00  1.370000e-02
3.555509e-04  0.000000e+00  0.000000e+00  0.000000e+00  0.000000e+00  0.000000e+00  0.000000e+00  0.000000e+00  0.000000e+00  0.000000e+00  0.000000e+00  0.000000e+00  0.000000e+00  0.000000e+00  1.630000e-02
3.724418e-04  0.000000e+00  0.000000e+00  0.000000e+00  0.000000e+00  0.000000e+00  0.000000e+00  5.600000e-03  0.000000e+00  0.000000e+00  0.000000e+00  0.000000e+00  0.000000e+00  0.000000e+00  1.690000e-02
3.901351e-04  0.000000e+00  0.000000e+00  0.000000e+00  0.000000e+00  0.000000e+00  0.000000e+00  1.510000e-02  0.000000e+00  0.000000e+00  0.000000e+00  0.000000e+00  0.000000e+00  0.000000e+00  1.510000e-02
4.086689e-04  0.000000e+00  0.000000e+00  0.000000e+00  0.000000e+00  0.000000e+00  0.000000e+00  1.630000e-02  0.000000e+00  0.000000e+00  0.000000e+00  0.000000e+00  0.000000e+00  0.000000e+00  1.630000e-02
4.280832e-04  0.000000e+00  0.000000e+00  0.000000e+00  0.000000e+00  0.000000e+00  0.000000e+00  1.750000e-02  0.000000e+00  0.000000e+00  0.000000e+00  0.000000e+00  0.000000e+00  0.000000e+00  1.750000e-02
4.484198e-04  0.000000e+00  0.000000e+00  0.000000e+00  0.000000e+00  0.000000e+00  0.000000e+00  1.880000e-02  0.000000e+00  0.000000e+00  0.000000e+00  0.000000e+00  0.000000e+00  0.000000e+00  1.880000e-02
4.697225e-04  0.000000e+00  0.000000e+00  0.000000e+00  0.000000e+00  0.000000e+00  0.000000e+00  1.810000e-02  0.000000e+00  0.000000e+00  0.000000e+00  0.000000e+00  0.000000e+00  0.000000e+00  1.810000e-02
4.920372e-04  0.000000e+00  0.000000e+00  0.000000e+00  0.000000e+00  0.000000e+00  0.000000e+00  1.900000e-02  0.000000e+00  0.000000e+00  0.000000e+00  0.000000e+00  0.000000e+00  0.000000e+00  1.900000e-02
5.154120e-04  0.000000e+00  0.000000e+00  0.000000e+00  0.000000e+00  0.000000e+00  0.000000e+00  1.900000e-02  0.000000e+00  0.000000e+00  0.000000e+00  0.000000e+00  0.000000e+00  0.000000e+00  1.900000e-02
5.398972e-04  0.000000e+00  0.000000e+00  0.000000e+00  0.000000e+00  0.000000e+00  0.000000e+00  2.110000e-02  0.000000e+00  0.000000e+00  0.000000e+00  0.000000e+00  0.000000e+00  0.000000e+00  2.110000e-02
5.655457e-04  0.000000e+00  0.000000e+00  0.000000e+00  0.000000e+00  0.000000e+00  0.000000e+00  1.910000e-02  0.000000e+00  0.000000e+00  0.000000e+00  0.000000e+00  0.000000e+00  0.000000e+00  1.910000e-02
5.924126e-04  0.000000e+00  0.000000e+00  0.000000e+00  0.000000e+00  0.000000e+00  0.000000e+00  1.850000e-02  0.000000e+00  0.000000e+00  0.000000e+00  0.000000e+00  0.000000e+00  0.000000e+00  1.850000e-02
6.205559e-04  0.000000e+00  0.000000e+00  0.000000e+00  0.000000e+00  0.000000e+00  0.000000e+00  1.940000e-02  0.000000e+00  0.000000e+00  0.000000e+00  0.000000e+00  0.000000e+00  0.000000e+00  1.940000e-02
6.500361e-04  0.000000e+00  0.000000e+00  0.000000e+00  0.000000e+00  0.000000e+00  0.000000e+00  1.910000e-02  0.000000e+00  0.000000e+00  0.000000e+00  0.000000e+00  0.000000e+00  0.000000e+00  1.910000e-02
6.809168e-04  0.000000e+00  0.000000e+00  0.000000e+00  0.000000e+00  0.000000e+00  0.000000e+00  1.860000e-02  0.000000e+00  0.000000e+00  0.000000e+00  0.000000e+00  0.000000e+00  0.000000e+00  1.860000e-02
7.132646e-04  0.000000e+00  0.000000e+00  0.000000e+00  0.000000e+00  0.000000e+00  0.000000e+00  1.780000e-02  0.000000e+00  0.000000e+00  0.000000e+00  0.000000e+00  0.000000e+00  0.000000e+00  1.780000e-02
7.471490e-04  0.000000e+00  0.000000e+00  0.000000e+00  0.000000e+00  0.000000e+00  0.000000e+00  1.850000e-02  0.000000e+00  0.000000e+00  0.000000e+00  0.000000e+00  0.000000e+00  2.800000e-03  1.850000e-02
7.826432e-04  0.000000e+00  0.000000e+00  0.000000e+00  0.000000e+00  0.000000e+00  0.000000e+00  1.940000e-02  0.000000e+00  0.000000e+00  0.000000e+00  0.000000e+00  0.000000e+00  5.300000e-03  1.940000e-02
8.198236e-04  0.000000e+00  0.000000e+00  0.000000e+00  0.000000e+00  0.000000e+00  0.000000e+00  2.030000e-02  0.000000e+00  0.000000e+00  0.000000e+00  0.000000e+00  0.000000e+00  4.500000e-03  2.030000e-02
8.587703e-04  0.000000e+00  0.000000e+00  0.000000e+00  0.000000e+00  0.000000e+00  0.000000e+00  1.930000e-02  0.000000e+00  0.000000e+00  0.000000e+00  0.000000e+00  0.000000e+00  4.900000e-03  1.930000e-02
8.995671e-04  0.000000e+00  0.000000e+00  0.000000e+00  0.000000e+00  0.000000e+00  0.000000e+00  1.820000e-02  0.000000e+00  0.000000e+00  0.000000e+00  0.000000e+00  0.000000e+00  4.900000e-03  1.820000e-02
9.423021e-04  0.000000e+00  0.000000e+00  0.000000e+00  0.000000e+00  0.000000e+00  0.000000e+00  1.930000e-02  0.000000e+00  0.000000e+00  0.000000e+00  0.000000e+00  0.000000e+00  5.800000e-03  1.930000e-02
9.870673e-04  0.000000e+00  0.000000e+00  0.000000e+00  0.000000e+00  0.000000e+00  0.000000e+00  1.850000e-02  0.000000e+00  0.000000e+00  0.000000e+00  0.000000e+00  0.000000e+00  4.800000e-03  1.850000e-02
1.033959e-03  0.000000e+00  0.000000e+00  0.000000e+00  0.000000e+00  0.000000e+00  0.000000e+00  1.740000e-02  0.000000e+00  0.000000e+00  0.000000e+00  0.000000e+00  0.000000e+00  6.700000e-03  1.740000e-02
1.083079e-03  0.000000e+00  0.000000e+00  0.000000e+00  0.000000e+00  0.000000e+00  0.000000e+00  1.620000e-02  0.000000e+00  0.000000e+00  0.000000e+00  0.000000e+00  0.000000e+00  8.100000e-03  1.620000e-02
1.134531e-03  0.000000e+00  0.000000e+00  0.000000e+00  0.000000e+00  0.000000e+00  0.000000e+00  1.840000e-02  0.000000e+00  0.000000e+00  0.000000e+00  0.000000e+00  0.000000e+00  7.200000e-03  1.840000e-02
1.188429e-03  0.000000e+00  0.000000e+00  0.000000e+00  0.000000e+00  0.000000e+00  0.000000e+00  2.020000e-02  0.000000e+00  0.000000e+00  0.000000e+00  0.000000e+00  0.000000e+00  9.300000e-03  2.020000e-02
1.244886e-03  0.000000e+00  0.000000e+00  0.000000e+00  0.000000e+00  0.000000e+00  0.000000e+00  1.620000e-02  0.000000e+00  0.000000e+00  0.000000e+00  0.000000e+00  0.000000e+00  1.000000e-02  1.620000e-02
1.304026e-03  0.000000e+00  0.000000e+00  0.000000e+00  0.000000e+00  0.000000e+00  0.000000e+00  1.310000e-02  0.000000e+00  0.000000e+00  0.000000e+00  0.000000e+00  0.000000e+00  1.050000e-02  1.310000e-02
1.365975e-03  0.000000e+00  0.000000e+00  0.000000e+00  0.000000e+00  0.000000e+00  0.000000e+00  1.690000e-02  0.000000e+00  0.000000e+00  0.000000e+00  0.000000e+00  0.000000e+00  1.170000e-02  1.690000e-02
1.430868e-03  0.000000e+00  0.000000e+00  0.000000e+00  0.000000e+00  0.000000e+00  0.000000e+00  1.570000e-02  0.000000e+00  0.000000e+00  0.000000e+00  0.000000e+00  0.000000e+00  1.270000e-02  1.570000e-02
1.498843e-03  0.000000e+00  0.000000e+00  0.000000e+00  0.000000e+00  0.000000e+00  0.000000e+00  1.610000e-02  0.000000e+00  0.000000e+00  0.000000e+00  0.000000e+00  0.000000e+00  1.220000e-02  1.610000e-02
1.570047e-03  0.000000e+00  0.000000e+00  0.000000e+00  0.000000e+00  0.000000e+00  1.400000e-03  1.580000e-02  0.000000e+00  0.000000e+00  0.000000e+00  0.000000e+00  4.200000e-03  1.500000e-02  1.580000e-02
1.644634e-03  0.000000e+00  0.000000e+00  0.000000e+00  0.000000e+00  0.000000e+00  1.400000e-02  1.580000e-02  0.000000e+00  0.000000e+00  0.000000e+00  0.000000e+00  5.000000e-03  1.400000e-02  1.580000e-02
1.722764e-03  0.000000e+00  0.000000e+00  0.000000e+00  0.000000e+00  0.000000e+00  1.410000e-02  1.510000e-02  0.000000e+00  0.000000e+00  0.000000e+00  0.000000e+00  6.900000e-03  1.410000e-02  1.510000e-02
1.804606e-03  0.000000e+00  0.000000e+00  0.000000e+00  0.000000e+00  0.000000e+00  1.410000e-02  1.300000e-02  0.000000e+00  0.000000e+00  0.000000e+00  0.000000e+00  4.400000e-03  1.410000e-02  1.300000e-02
1.890336e-03  0.000000e+00  0.000000e+00  0.000000e+00  0.000000e+00  0.000000e+00  1.820000e-02  1.480000e-02  0.000000e+00  0.000000e+00  0.000000e+00  0.000000e+00  5.900000e-03  1.820000e-02  1.480000e-02
1.980139e-03  0.000000e+00  0.000000e+00  0.000000e+00  0.000000e+00  0.000000e+00  1.470000e-02  1.220000e-02  0.000000e+00  0.000000e+00  0.000000e+00  0.000000e+00  7.200000e-03  1.470000e-02  1.220000e-02
2.074207e-03  0.000000e+00  0.000000e+00  0.000000e+00  0.000000e+00  0.000000e+00  1.660000e-02  1.310000e-02  0.000000e+00  0.000000e+00  0.000000e+00  0.000000e+00  8.300000e-03  1.660000e-02  1.310000e-02
2.172745e-03  0.000000e+00  0.000000e+00  0.000000e+00  0.000000e+00  0.000000e+00  1.520000e-02  1.120000e-02  0.000000e+00  0.000000e+00  0.000000e+00  0.000000e+00  8.600000e-03  1.520000e-02  1.120000e-02
2.275964e-03  0.000000e+00  0.000000e+00  0.000000e+00  0.000000e+00  0.000000e+00  1.460000e-02  1.140000e-02  0.000000e+00  0.000000e+00  0.000000e+00  0.000000e+00  1.120000e-02  1.460000e-02  1.140000e-02
2.384086e-03  0.000000e+00  0.000000e+00  0.000000e+00  0.000000e+00  0.000000e+00  1.500000e-02  1.090000e-02  0.000000e+00  0.000000e+00  0.000000e+00  0.000000e+00  9.600000e-03  1.500000e-02  1.210000e-02
2.497345e-03  0.000000e+00  0.000000e+00  0.000000e+00  0.000000e+00  0.000000e+00  1.650000e-02  0.000000e+00  0.000000e+00  0.000000e+00  0.000000e+00  0.000000e+00  1.060000e-02  1.650000e-02  1.000000e-02
2.615984e-03  0.000000e+00  0.000000e+00  0.000000e+00  0.000000e+00  0.000000e+00  2.060000e-02  0.000000e+00  0.000000e+00  0.000000e+00  0.000000e+00  0.000000e+00  1.310000e-02  2.060000e-02  1.030000e-02
2.740260e-03  0.000000e+00  0.000000e+00  0.000000e+00  0.000000e+00  0.000000e+00  2.070000e-02  0.000000e+00  0.000000e+00  0.000000e+00  0.000000e+00  0.000000e+00  1.480000e-02  2.070000e-02  9.400000e-03
2.870439e-03  0.000000e+00  0.000000e+00  0.000000e+00  0.000000e+00  0.000000e+00  1.690000e-02  0.000000e+00  0.000000e+00  0.000000e+00  0.000000e+00  0.000000e+00  1.630000e-02  1.690000e-02  7.800000e-03
3.006802e-03  0.000000e+00  0.000000e+00  0.000000e+00  0.000000e+00  7.600000e-03  1.820000e-02  0.000000e+00  0.000000e+00  0.000000e+00  0.000000e+00  0.000000e+00  1.650000e-02  1.820000e-02  8.500000e-03
3.149644e-03  0.000000e+00  0.000000e+00  0.000000e+00  0.000000e+00  1.650000e-02  2.020000e-02  0.000000e+00  0.000000e+00  0.000000e+00  0.000000e+00  2.500000e-03  1.650000e-02  2.020000e-02  7.800000e-03
3.299272e-03  0.000000e+00  0.000000e+00  0.000000e+00  0.000000e+00  1.720000e-02  1.990000e-02  0.000000e+00  0.000000e+00  0.000000e+00  0.000000e+00  4.800000e-03  1.720000e-02  1.990000e-02  6.700000e-03
3.456007e-03  0.000000e+00  0.000000e+00  0.000000e+00  0.000000e+00  1.730000e-02  1.950000e-02  0.000000e+00  0.000000e+00  0.000000e+00  0.000000e+00  6.000000e-03  1.730000e-02  1.950000e-02  6.300000e-03
3.620189e-03  0.000000e+00  0.000000e+00  0.000000e+00  0.000000e+00  1.580000e-02  2.200000e-02  0.000000e+00  0.000000e+00  0.000000e+00  0.000000e+00  6.600000e-03  1.580000e-02  2.200000e-02  7.600000e-03
3.792170e-03  0.000000e+00  0.000000e+00  0.000000e+00  0.000000e+00  1.690000e-02  2.260000e-02  0.000000e+00  0.000000e+00  0.000000e+00  0.000000e+00  6.300000e-03  1.690000e-02  2.260000e-02  6.500000e-03
3.972322e-03  0.000000e+00  0.000000e+00  0.000000e+00  0.000000e+00  1.570000e-02  2.000000e-02  0.000000e+00  0.000000e+00  0.000000e+00  0.000000e+00  9.700000e-03  1.570000e-02  2.000000e-02  4.800000e-03
4.161032e-03  0.000000e+00  0.000000e+00  0.000000e+00  0.000000e+00  2.060000e-02  2.060000e-02  0.000000e+00  0.000000e+00  0.000000e+00  0.000000e+00  9.400000e-03  2.060000e-02  2.060000e-02  5.800000e-03
4.358706e-03  0.000000e+00  0.000000e+00  0.000000e+00  0.000000e+00  2.090000e-02  2.260000e-02  0.000000e+00  0.000000e+00  0.000000e+00  0.000000e+00  1.270000e-02  2.090000e-02  2.260000e-02  6.300000e-03
4.565772e-03  0.000000e+00  0.000000e+00  0.000000e+00  0.000000e+00  2.180000e-02  1.910000e-02  0.000000e+00  0.000000e+00  0.000000e+00  0.000000e+00  1.190000e-02  2.180000e-02  1.910000e-02  4.000000e-03
4.782674e-03  0.000000e+00  0.000000e+00  0.000000e+00  0.000000e+00  1.960000e-02  2.060000e-02  0.000000e+00  0.000000e+00  0.000000e+00  0.000000e+00  1.400000e-02  1.960000e-02  2.060000e-02  4.300000e-03
5.009880e-03  0.000000e+00  0.000000e+00  0.000000e+00  0.000000e+00  1.940000e-02  1.980000e-02  0.000000e+00  0.000000e+00  0.000000e+00  0.000000e+00  1.470000e-02  1.940000e-02  1.980000e-02  3.200000e-03
5.247881e-03  0.000000e+00  0.000000e+00  0.000000e+00  0.000000e+00  2.140000e-02  2.110000e-02  0.000000e+00  0.000000e+00  0.000000e+00  0.000000e+00  1.620000e-02  2.140000e-02  2.110000e-02  5.600000e-03
5.497187e-03  0.000000e+00  0.000000e+00  0.000000e+00  0.000000e+00  2.120000e-02  2.310000e-02  0.000000e+00  0.000000e+00  0.000000e+00  0.000000e+00  1.630000e-02  2.120000e-02  2.310000e-02  3.000000e-03
5.758338e-03  0.000000e+00  0.000000e+00  0.000000e+00  1.270000e-02  2.170000e-02  2.100000e-02  0.000000e+00  0.000000e+00  0.000000e+00  0.000000e+00  1.660000e-02  2.170000e-02  2.100000e-02  2.800000e-03
6.031894e-03  0.000000e+00  0.000000e+00  0.000000e+00  1.910000e-02  2.470000e-02  1.860000e-02  0.000000e+00  0.000000e+00  0.000000e+00  5.000000e-04  1.910000e-02  2.470000e-02  1.860000e-02  4.000000e-03
6.318446e-03  0.000000e+00  0.000000e+00  0.000000e+00  2.030000e-02  2.250000e-02  1.920000e-02  0.000000e+00  0.000000e+00  0.000000e+00  4.300000e-03  2.030000e-02  2.250000e-02  1.920000e-02  2.400000e-03
6.618612e-03  0.000000e+00  0.000000e+00  0.000000e+00  1.800000e-02  2.150000e-02  1.930000e-02  0.000000e+00  0.000000e+00  0.000000e+00  7.100000e-03  1.800000e-02  2.150000e-02  1.930000e-02  3.200000e-03
6.933036e-03  0.000000e+00  0.000000e+00  0.000000e+00  2.260000e-02  2.640000e-02  2.040000e-02  0.000000e+00  0.000000e+00  0.000000e+00  7.000000e-03  2.260000e-02  2.640000e-02  2.040000e-02  1.700000e-03
7.262398e-03  0.000000e+00  0.000000e+00  0.000000e+00  2.150000e-02  2.500000e-02  1.930000e-02  0.000000e+00  0.000000e+00  0.000000e+00  8.100000e-03  2.150000e-02  2.500000e-02  1.930000e-02  1.800000e-03
7.607407e-03  0.000000e+00  0.000000e+00  0.000000e+00  2.150000e-02  2.350000e-02  1.900000e-02  0.000000e+00  0.000000e+00  0.000000e+00  9.800000e-03  2.150000e-02  2.350000e-02  1.900000e-02  0.000000e+00
7.968806e-03  0.000000e+00  0.000000e+00  0.000000e+00  2.280000e-02  2.560000e-02  1.770000e-02  0.000000e+00  0.000000e+00  0.000000e+00  1.120000e-02  2.280000e-02  2.560000e-02  1.770000e-02  0.000000e+00
8.347373e-03  0.000000e+00  0.000000e+00  0.000000e+00  2.180000e-02  2.270000e-02  1.440000e-02  0.000000e+00  0.000000e+00  0.000000e+00  1.200000e-02  2.180000e-02  2.270000e-02  1.440000e-02  0.000000e+00
8.743925e-03  0.000000e+00  0.000000e+00  0.000000e+00  2.560000e-02  2.400000e-02  9.200000e-03  0.000000e+00  0.000000e+00  0.000000e+00  1.580000e-02  2.560000e-02  2.400000e-02  1.340000e-02  0.000000e+00
9.159315e-03  0.000000e+00  0.000000e+00  0.000000e+00  2.500000e-02  2.140000e-02  0.000000e+00  0.000000e+00  0.000000e+00  0.000000e+00  1.380000e-02  2.500000e-02  2.140000e-02  1.450000e-02  0.000000e+00
9.594439e-03  0.000000e+00  0.000000e+00  0.000000e+00  2.650000e-02  2.130000e-02  0.000000e+00  0.000000e+00  0.000000e+00  0.000000e+00  1.610000e-02  2.650000e-02  2.130000e-02  1.380000e-02  0.000000e+00
1.005023e-02  0.000000e+00  0.000000e+00  0.000000e+00  2.710000e-02  2.180000e-02  0.000000e+00  0.000000e+00  0.000000e+00  3.600000e-03  1.920000e-02  2.710000e-02  2.180000e-02  1.100000e-02  0.000000e+00
1.052768e-02  0.000000e+00  0.000000e+00  9.500000e-03  2.690000e-02  2.570000e-02  0.000000e+00  0.000000e+00  0.000000e+00  6.600000e-03  1.960000e-02  2.690000e-02  2.570000e-02  1.030000e-02  0.000000e+00
1.102781e-02  0.000000e+00  0.000000e+00  1.760000e-02  2.430000e-02  2.080000e-02  0.000000e+00  0.000000e+00  0.000000e+00  8.200000e-03  1.760000e-02  2.430000e-02  2.080000e-02  8.800000e-03  0.000000e+00
1.155170e-02  0.000000e+00  0.000000e+00  2.230000e-02  2.780000e-02  2.130000e-02  0.000000e+00  0.000000e+00  0.000000e+00  7.600000e-03  2.230000e-02  2.780000e-02  2.130000e-02  9.700000e-03  0.000000e+00
1.210048e-02  0.000000e+00  0.000000e+00  2.370000e-02  2.630000e-02  1.910000e-02  0.000000e+00  0.000000e+00  0.000000e+00  9.800000e-03  2.370000e-02  2.630000e-02  1.910000e-02  8.100000e-03  0.000000e+00
1.267533e-02  0.000000e+00  0.000000e+00  2.420000e-02  2.960000e-02  1.690000e-02  0.000000e+00  0.000000e+00  0.000000e+00  1.140000e-02  2.420000e-02  2.960000e-02  1.690000e-02  8.400000e-03  0.000000e+00
1.327748e-02  0.000000e+00  0.000000e+00  2.550000e-02  2.680000e-02  1.880000e-02  0.000000e+00  0.000000e+00  0.000000e+00  1.460000e-02  2.550000e-02  2.680000e-02  1.880000e-02  6.400000e-03  0.000000e+00
1.390824e-02  0.000000e+00  0.000000e+00  2.740000e-02  2.860000e-02  3.400000e-03  0.000000e+00  0.000000e+00  0.000000e+00  1.490000e-02  2.740000e-02  2.860000e-02  1.660000e-02  7.500000e-03  0.000000e+00
1.456897e-02  0.000000e+00  0.000000e+00  2.450000e-02  2.860000e-02  0.000000e+00  0.000000e+00  0.000000e+00  0.000000e+00  1.620000e-02  2.450000e-02  2.860000e-02  1.440000e-02  5.800000e-03  0.000000e+00
1.526109e-02  0.000000e+00  0.000000e+00  3.020000e-02  2.840000e-02  0.000000e+00  0.000000e+00  0.000000e+00  0.000000e+00  1.610000e-02  3.020000e-02  2.840000e-02  1.430000e-02  4.900000e-03  0.000000e+00
1.598608e-02  0.000000e+00  0.000000e+00  3.150000e-02  2.600000e-02  0.000000e+00  0.000000e+00  0.000000e+00  0.000000e+00  2.310000e-02  3.150000e-02  2.600000e-02  1.280000e-02  3.300000e-03  0.000000e+00
1.674552e-02  0.000000e+00  1.860000e-02  3.030000e-02  2.400000e-02  0.000000e+00  0.000000e+00  0.000000e+00  0.000000e+00  2.150000e-02  3.030000e-02  2.400000e-02  1.270000e-02  4.000000e-03  0.000000e+00
1.754104e-02  0.000000e+00  2.220000e-02  2.940000e-02  2.490000e-02  0.000000e+00  0.000000e+00  0.000000e+00  0.000000e+00  2.220000e-02  2.940000e-02  2.490000e-02  9.800000e-03  4.400000e-03  0.000000e+00
1.837434e-02  0.000000e+00  2.220000e-02  3.290000e-02  2.020000e-02  0.000000e+00  0.000000e+00  0.000000e+00  0.000000e+00  2.220000e-02  3.290000e-02  2.020000e-02  7.300000e-03  2.700000e-03  0.000000e+00
1.924724e-02  0.000000e+00  2.710000e-02  3.130000e-02  2.290000e-02  0.000000e+00  0.000000e+00  0.000000e+00  0.000000e+00  2.710000e-02  3.130000e-02  2.290000e-02  8.500000e-03  3.400000e-03  0.000000e+00
2.016160e-02  0.000000e+00  2.570000e-02  3.280000e-02  1.920000e-02  0.000000e+00  0.000000e+00  0.000000e+00  0.000000e+00  2.570000e-02  3.280000e-02  1.920000e-02  7.500000e-03  2.100000e-03  0.000000e+00
2.111940e-02  0.000000e+00  2.820000e-02  3.070000e-02  1.100000e-02  0.000000e+00  0.000000e+00  0.000000e+00  0.000000e+00  2.820000e-02  3.070000e-02  2.000000e-02  6.500000e-03  1.700000e-03  0.000000e+00
2.212270e-02  0.000000e+00  3.290000e-02  3.170000e-02  0.000000e+00  0.000000e+00  0.000000e+00  0.000000e+00  1.700000e-03  3.290000e-02  3.170000e-02  1.850000e-02  5.100000e-03  0.000000e+00  0.000000e+00
2.317367e-02  0.000000e+00  3.400000e-02  3.360000e-02  0.000000e+00  0.000000e+00  0.000000e+00  0.000000e+00  6.400000e-03  3.400000e-02  3.360000e-02  1.470000e-02  4.800000e-03  0.000000e+00  0.000000e+00
2.427456e-02  0.000000e+00  3.470000e-02  3.090000e-02  0.000000e+00  0.000000e+00  0.000000e+00  0.000000e+00  6.900000e-03  3.470000e-02  3.090000e-02  1.270000e-02  3.900000e-03  0.000000e+00  0.000000e+00
2.542775e-02  0.000000e+00  3.430000e-02  3.130000e-02  0.000000e+00  0.000000e+00  0.000000e+00  0.000000e+00  8.000000e-03  3.430000e-02  3.130000e-02  1.260000e-02  2.800000e-03  0.000000e+00  0.000000e+00
2.663573e-02  0.000000e+00  3.270000e-02  2.780000e-02  0.000000e+00  0.000000e+00  0.000000e+00  0.000000e+00  9.400000e-03  3.270000e-02  2.780000e-02  1.160000e-02  4.900000e-03  0.000000e+00  0.000000e+00
2.790109e-02  0.000000e+00  3.300000e-02  2.720000e-02  0.000000e+00  0.000000e+00  0.000000e+00  0.000000e+00  1.220000e-02  3.300000e-02  2.720000e-02  8.900000e-03  2.900000e-03  0.000000e+00  0.000000e+00
2.922656e-02  0.000000e+00  3.380000e-02  2.630000e-02  0.000000e+00  0.000000e+00  0.000000e+00  0.000000e+00  1.400000e-02  3.380000e-02  2.630000e-02  8.000000e-03  2.800000e-03  0.000000e+00  0.000000e+00
3.061500e-02  0.000000e+00  3.930000e-02  2.280000e-02  0.000000e+00  0.000000e+00  0.000000e+00  0.000000e+00  1.400000e-02  3.930000e-02  2.280000e-02  7.200000e-03  8.000000e-04  0.000000e+00  0.000000e+00
3.206941e-02  0.000000e+00  3.510000e-02  2.080000e-02  0.000000e+00  0.000000e+00  0.000000e+00  0.000000e+00  1.710000e-02  3.510000e-02  2.080000e-02  7.500000e-03  0.000000e+00  0.000000e+00  0.000000e+00
3.359290e-02  0.000000e+00  3.310000e-02  3.800000e-03  0.000000e+00  0.000000e+00  0.000000e+00  0.000000e+00  1.790000e-02  3.310000e-02  2.020000e-02  5.700000e-03  0.000000e+00  0.000000e+00  0.000000e+00
3.518877e-02  0.000000e+00  3.160000e-02  0.000000e+00  0.000000e+00  0.000000e+00  0.000000e+00  0.000000e+00  2.120000e-02  3.160000e-02  1.520000e-02  3.100000e-03  0.000000e+00  0.000000e+00  0.000000e+00
3.686045e-02  1.720000e-02  3.140000e-02  0.000000e+00  0.000000e+00  0.000000e+00  0.000000e+00  0.000000e+00  2.340000e-02  3.140000e-02  1.480000e-02  4.600000e-03  0.000000e+00  0.000000e+00  0.000000e+00
3.861155e-02  2.620000e-02  3.230000e-02  0.000000e+00  0.000000e+00  0.000000e+00  0.000000e+00  0.000000e+00  2.620000e-02  3.230000e-02  1.480000e-02  3.100000e-03  0.000000e+00  0.000000e+00  0.000000e+00
4.044584e-02  2.770000e-02  2.690000e-02  0.000000e+00  0.000000e+00  0.000000e+00  0.000000e+00  0.000000e+00  2.770000e-02  2.690000e-02  1.260000e-02  3.100000e-03  0.000000e+00  0.000000e+00  0.000000e+00
4.236727e-02  3.210000e-02  2.580000e-02  0.000000e+00  0.000000e+00  0.000000e+00  0.000000e+00  0.000000e+00  3.210000e-02  2.580000e-02  1.000000e-02  3.400000e-03  0.000000e+00  0.000000e+00  0.000000e+00
4.437997e-02  3.110000e-02  2.520000e-02  0.000000e+00  0.000000e+00  0.000000e+00  0.000000e+00  0.000000e+00  3.110000e-02  2.520000e-02  8.800000e-03  1.300000e-03  0.000000e+00  0.000000e+00  0.000000e+00
4.648829e-02  3.520000e-02  1.990000e-02  0.000000e+00  0.000000e+00  0.000000e+00  0.000000e+00  0.000000e+00  3.520000e-02  2.130000e-02  7.600000e-03  0.000000e+00  0.000000e+00  0.000000e+00  0.000000e+00
4.869678e-02  3.640000e-02  0.000000e+00  0.000000e+00  0.000000e+00  0.000000e+00  0.000000e+00  0.000000e+00  3.640000e-02  1.700000e-02  6.800000e-03  0.000000e+00  0.000000e+00  0.000000e+00  0.000000e+00
5.101017e-02  3.580000e-02  0.000000e+00  0.000000e+00  0.000000e+00  0.000000e+00  0.000000e+00  0.000000e+00  3.580000e-02  1.990000e-02  6.400000e-03  0.000000e+00  0.000000e+00  0.000000e+00  0.000000e+00
5.343347e-02  4.020000e-02  0.000000e+00  0.000000e+00  0.000000e+00  0.000000e+00  0.000000e+00  0.000000e+00  4.020000e-02  1.300000e-02  5.200000e-03  0.000000e+00  0.000000e+00  0.000000e+00  0.000000e+00
5.597189e-02  3.610000e-02  0.000000e+00  0.000000e+00  0.000000e+00  0.000000e+00  0.000000e+00  0.000000e+00  3.610000e-02  1.340000e-02  3.300000e-03  0.000000e+00  0.000000e+00  0.000000e+00  0.000000e+00
5.863090e-02  3.730000e-02  0.000000e+00  0.000000e+00  0.000000e+00  0.000000e+00  0.000000e+00  0.000000e+00  3.730000e-02  1.230000e-02  3.300000e-03  0.000000e+00  0.000000e+00  0.000000e+00  0.000000e+00
6.141623e-02  4.020000e-02  0.000000e+00  0.000000e+00  0.000000e+00  0.000000e+00  0.000000e+00  0.000000e+00  4.020000e-02  1.080000e-02  3.800000e-03  0.000000e+00  0.000000e+00  0.000000e+00  0.000000e+00
6.433388e-02  4.200000e-02  0.000000e+00  0.000000e+00  0.000000e+00  0.000000e+00  0.000000e+00  0.000000e+00  4.200000e-02  8.800000e-03  2.000000e-03  0.000000e+00  0.000000e+00  0.000000e+00  0.000000e+00
6.739013e-02  3.890000e-02  0.000000e+00  0.000000e+00  0.000000e+00  0.000000e+00  0.000000e+00  0.000000e+00  3.890000e-02  6.900000e-03  2.600000e-03  0.000000e+00  0.000000e+00  0.000000e+00  0.000000e+00
7.059158e-02  3.600000e-02  0.000000e+00  0.000000e+00  0.000000e+00  0.000000e+00  0.000000e+00  0.000000e+00  3.600000e-02  5.500000e-03  1.400000e-03  0.000000e+00  0.000000e+00  0.000000e+00  0.000000e+00
7.394512e-02  2.990000e-02  0.000000e+00  0.000000e+00  0.000000e+00  0.000000e+00  0.000000e+00  0.000000e+00  2.990000e-02  5.200000e-03  0.000000e+00  0.000000e+00  0.000000e+00  0.000000e+00  0.000000e+00
7.745797e-02  2.780000e-02  0.000000e+00  0.000000e+00  0.000000e+00  0.000000e+00  0.000000e+00  0.000000e+00  2.780000e-02  4.700000e-03  0.000000e+00  0.000000e+00  0.000000e+00  0.000000e+00  0.000000e+00
8.113770e-02  3.010000e-02  0.000000e+00  0.000000e+00  0.000000e+00  0.000000e+00  0.000000e+00  0.000000e+00  3.010000e-02  4.400000e-03  0.000000e+00  0.000000e+00  0.000000e+00  0.000000e+00  0.000000e+00
8.499224e-02  2.680000e-02  0.000000e+00  0.000000e+00  0.000000e+00  0.000000e+00  0.000000e+00  0.000000e+00  2.680000e-02  3.200000e-03  0.000000e+00  0.000000e+00  0.000000e+00  0.000000e+00  0.000000e+00
8.902989e-02  2.190000e-02  0.000000e+00  0.000000e+00  0.000000e+00  0.000000e+00  0.000000e+00  0.000000e+00  2.190000e-02  3.400000e-03  0.000000e+00  0.000000e+00  0.000000e+00  0.000000e+00  0.000000e+00
9.325936e-02  2.240000e-02  0.000000e+00  0.000000e+00  0.000000e+00  0.000000e+00  0.000000e+00  0.000000e+00  2.240000e-02  2.300000e-03  0.000000e+00  0.000000e+00  0.000000e+00  0.000000e+00  0.000000e+00
9.768976e-02  8.700000e-03  0.000000e+00  0.000000e+00  0.000000e+00  0.000000e+00  0.000000e+00  0.000000e+00  2.110000e-02  1.800000e-03  0.000000e+00  0.000000e+00  0.000000e+00  0.000000e+00  0.000000e+00
1.023306e-01  0.000000e+00  0.000000e+00  0.000000e+00  0.000000e+00  0.000000e+00  0.000000e+00  0.000000e+00  1.880000e-02  1.000000e-03  0.000000e+00  0.000000e+00  0.000000e+00  0.000000e+00  0.000000e+00
1.071920e-01  0.000000e+00  0.000000e+00  0.000000e+00  0.000000e+00  0.000000e+00  0.000000e+00  0.000000e+00  1.660000e-02  0.000000e+00  0.000000e+00  0.000000e+00  0.000000e+00  0.000000e+00  0.000000e+00
1.122842e-01  0.000000e+00  0.000000e+00  0.000000e+00  0.000000e+00  0.000000e+00  0.000000e+00  0.000000e+00  1.480000e-02  0.000000e+00  0.000000e+00  0.000000e+00  0.000000e+00  0.000000e+00  0.000000e+00
1.176184e-01  0.000000e+00  0.000000e+00  0.000000e+00  0.000000e+00  0.000000e+00  0.000000e+00  0.000000e+00  1.180000e-02  0.000000e+00  0.000000e+00  0.000000e+00  0.000000e+00  0.000000e+00  0.000000e+00
1.232060e-01  0.000000e+00  0.000000e+00  0.000000e+00  0.000000e+00  0.000000e+00  0.000000e+00  0.000000e+00  1.090000e-02  0.000000e+00  0.000000e+00  0.000000e+00  0.000000e+00  0.000000e+00  0.000000e+00
1.290591e-01  0.000000e+00  0.000000e+00  0.000000e+00  0.000000e+00  0.000000e+00  0.000000e+00  0.000000e+00  8.100000e-03  0.000000e+00  0.000000e+00  0.000000e+00  0.000000e+00  0.000000e+00  0.000000e+00
1.351902e-01  0.000000e+00  0.000000e+00  0.000000e+00  0.000000e+00  0.000000e+00  0.000000e+00  0.000000e+00  7.700000e-03  0.000000e+00  0.000000e+00  0.000000e+00  0.000000e+00  0.000000e+00  0.000000e+00
1.416126e-01  0.000000e+00  0.000000e+00  0.000000e+00  0.000000e+00  0.000000e+00  0.000000e+00  0.000000e+00  5.300000e-03  0.000000e+00  0.000000e+00  0.000000e+00  0.000000e+00  0.000000e+00  0.000000e+00
1.483400e-01  0.000000e+00  0.000000e+00  0.000000e+00  0.000000e+00  0.000000e+00  0.000000e+00  0.000000e+00  5.600000e-03  0.000000e+00  0.000000e+00  0.000000e+00  0.000000e+00  0.000000e+00  0.000000e+00
1.553871e-01  0.000000e+00  0.000000e+00  0.000000e+00  0.000000e+00  0.000000e+00  0.000000e+00  0.000000e+00  4.300000e-03  0.000000e+00  0.000000e+00  0.000000e+00  0.000000e+00  0.000000e+00  0.000000e+00
1.627689e-01  0.000000e+00  0.000000e+00  0.000000e+00  0.000000e+00  0.000000e+00  0.000000e+00  0.000000e+00  3.900000e-03  0.000000e+00  0.000000e+00  0.000000e+00  0.000000e+00  0.000000e+00  0.000000e+00
1.705015e-01  0.000000e+00  0.000000e+00  0.000000e+00  0.000000e+00  0.000000e+00  0.000000e+00  0.000000e+00  4.100000e-03  0.000000e+00  0.000000e+00  0.000000e+00  0.000000e+00  0.000000e+00  0.000000e+00
1.786013e-01  0.000000e+00  0.000000e+00  0.000000e+00  0.000000e+00  0.000000e+00  0.000000e+00  0.000000e+00  3.200000e-03  0.000000e+00  0.000000e+00  0.000000e+00  0.000000e+00  0.000000e+00  0.000000e+00
1.870860e-01  0.000000e+00  0.000000e+00  0.000000e+00  0.000000e+00  0.000000e+00  0.000000e+00  0.000000e+00  2.600000e-03  0.000000e+00  0.000000e+00  0.000000e+00  0.000000e+00  0.000000e+00  0.000000e+00
1.959737e-01  0.000000e+00  0.000000e+00  0.000000e+00  0.000000e+00  0.000000e+00  0.000000e+00  0.000000e+00  2.600000e-03  0.000000e+00  0.000000e+00  0.000000e+00  0.000000e+00  0.000000e+00  0.000000e+00
2.052837e-01  0.000000e+00  0.000000e+00  0.000000e+00  0.000000e+00  0.000000e+00  0.000000e+00  0.000000e+00  2.300000e-03  0.000000e+00  0.000000e+00  0.000000e+00  0.000000e+00  0.000000e+00  0.000000e+00
