2.738696e-03  0.000000e+00  0.000000e+00  0.000000e+00  0.000000e+00  0.000000e+00  0.000000e+00  0.000000e+00  0.000000e+00  0.000000e+00  0.000000e+00  0.000000e+00  0.000000e+00  9.044157e-03  9.044157e-03
2.851157e-03  0.000000e+00  0.000000e+00  0.000000e+00  0.000000e+00  0.000000e+00  0.000000e+00  0.000000e+00  0.000000e+00  0.000000e+00  0.000000e+00  0.000000e+00  1.418691e-03  9.930839e-03  9.930839e-03
2.968235e-03  0.000000e+00  0.000000e+00  0.000000e+00  0.000000e+00  0.000000e+00  0.000000e+00  0.000000e+00  0.000000e+00  0.000000e+00  0.000000e+00  0.000000e+00  9.398830e-03  1.915233e-02  1.915233e-02
3.090121e-03  0.000000e+00  0.000000e+00  0.000000e+00  0.000000e+00  0.000000e+00  0.000000e+00  0.000000e+00  0.000000e+00  0.000000e+00  0.000000e+00  0.000000e+00  7.093456e-03  1.968434e-02  1.968434e-02
3.217012e-03  0.000000e+00  0.000000e+00  0.000000e+00  0.000000e+00  0.000000e+00  0.000000e+00  0.000000e+00  0.000000e+00  0.000000e+00  0.000000e+00  0.000000e+00  1.046285e-02  2.518177e-02  2.518177e-02
3.349114e-03  0.000000e+00  0.000000e+00  0.000000e+00  0.000000e+00  0.000000e+00  0.000000e+00  0.000000e+00  0.000000e+00  0.000000e+00  0.000000e+00  0.000000e+00  1.134953e-02  2.535911e-02  2.535911e-02
3.486640e-03  0.000000e+00  0.000000e+00  0.000000e+00  0.000000e+00  0.000000e+00  1.950700e-03  1.950700e-03  0.000000e+00  0.000000e+00  0.000000e+00  0.000000e+00  1.028551e-02  2.872850e-02  2.872850e-02
3.629813e-03  0.000000e+00  0.000000e+00  0.000000e+00  0.000000e+00  0.000000e+00  2.979252e-02  2.979252e-02  0.000000e+00  0.000000e+00  0.000000e+00  0.000000e+00  1.259088e-02  2.979252e-02  2.979252e-02
3.778866e-03  0.000000e+00  0.000000e+00  0.000000e+00  0.000000e+00  0.000000e+00  2.730981e-02  2.730981e-02  0.000000e+00  0.000000e+00  0.000000e+00  0.000000e+00  1.188154e-02  2.730981e-02  2.730981e-02
3.934039e-03  0.000000e+00  0.000000e+00  0.000000e+00  0.000000e+00  0.000000e+00  3.050186e-02  3.050186e-02  0.000000e+00  0.000000e+00  0.000000e+00  0.000000e+00  1.507359e-02  3.050186e-02  3.050186e-02
4.095585e-03  0.000000e+00  0.000000e+00  0.000000e+00  0.000000e+00  0.000000e+00  3.546728e-02  3.546728e-02  0.000000e+00  0.000000e+00  0.000000e+00  0.000000e+00  1.791098e-02  3.546728e-02  3.546728e-02
4.263763e-03  0.000000e+00  0.000000e+00  0.000000e+00  0.000000e+00  0.000000e+00  3.245256e-02  3.245256e-02  0.000000e+00  0.000000e+00  0.000000e+00  0.000000e+00  1.649229e-02  3.245256e-02  3.245256e-02
4.438848e-03  0.000000e+00  0.000000e+00  0.000000e+00  0.000000e+00  9.044157e-03  3.582195e-02  3.582195e-02  0.000000e+00  0.000000e+00  0.000000e+00  0.000000e+00  2.021635e-02  3.582195e-02  3.582195e-02
4.621123e-03  0.000000e+00  0.000000e+00  0.000000e+00  0.000000e+00  2.092570e-02  3.759532e-02  3.759532e-02  0.000000e+00  0.000000e+00  0.000000e+00  0.000000e+00  2.092570e-02  3.759532e-02  3.759532e-02
4.810882e-03  0.000000e+00  0.000000e+00  0.000000e+00  0.000000e+00  2.039369e-02  3.387125e-02  3.387125e-02  0.000000e+00  0.000000e+00  0.000000e+00  0.000000e+00  2.039369e-02  3.387125e-02  3.387125e-02
5.008434e-03  0.000000e+00  0.000000e+00  0.000000e+00  0.000000e+00  2.855116e-02  3.387125e-02  3.387125e-02  0.000000e+00  0.000000e+00  0.000000e+00  0.000000e+00  2.855116e-02  3.387125e-02  3.387125e-02
5.214097e-03  0.000000e+00  0.000000e+00  0.000000e+00  0.000000e+00  2.943784e-02  4.061004e-02  4.061004e-02  0.000000e+00  0.000000e+00  0.000000e+00  0.000000e+00  2.943784e-02  4.061004e-02  4.061004e-02
5.428206e-03  0.000000e+00  0.000000e+00  0.000000e+00  0.000000e+00  3.014719e-02  3.493527e-02  3.493527e-02  0.000000e+00  0.000000e+00  0.000000e+00  0.000000e+00  3.014719e-02  3.493527e-02  3.493527e-02
5.651107e-03  0.000000e+00  0.000000e+00  0.000000e+00  0.000000e+00  3.351658e-02  3.919135e-02  3.919135e-02  0.000000e+00  0.000000e+00  0.000000e+00  0.000000e+00  3.351658e-02  3.919135e-02  3.919135e-02
5.883161e-03  0.000000e+00  0.000000e+00  0.000000e+00  0.000000e+00  2.872850e-02  3.422593e-02  3.422593e-02  0.000000e+00  0.000000e+00  0.000000e+00  0.000000e+00  2.872850e-02  3.422593e-02  3.422593e-02
6.124744e-03  0.000000e+00  0.000000e+00  0.000000e+00  0.000000e+00  3.440326e-02  4.043270e-02  4.043270e-02  0.000000e+00  0.000000e+00  0.000000e+00  0.000000e+00  3.440326e-02  4.043270e-02  4.043270e-02
6.376247e-03  0.000000e+00  0.000000e+00  0.000000e+00  0.000000e+00  3.564462e-02  3.564462e-02  3.564462e-02  0.000000e+00  0.000000e+00  0.000000e+00  0.000000e+00  3.564462e-02  3.564462e-02  3.564462e-02
6.638078e-03  0.000000e+00  0.000000e+00  0.000000e+00  0.000000e+00  3.138854e-02  3.458060e-02  3.458060e-02  0.000000e+00  0.000000e+00  0.000000e+00  0.000000e+00  3.138854e-02  3.458060e-02  3.458060e-02
6.910660e-03  0.000000e+00  0.000000e+00  0.000000e+00  0.000000e+00  3.422593e-02  3.387125e-02  3.387125e-02  0.000000e+00  0.000000e+00  0.000000e+00  0.000000e+00  3.422593e-02  3.387125e-02  3.387125e-02
7.194436e-03  0.000000e+00  0.000000e+00  0.000000e+00  0.000000e+00  3.067920e-02  3.085653e-02  3.085653e-02  0.000000e+00  0.000000e+00  0.000000e+00  0.000000e+00  3.067920e-02  3.085653e-02  3.085653e-02
7.489864e-03  0.000000e+00  0.000000e+00  0.000000e+00  0.000000e+00  3.014719e-02  2.819649e-02  2.819649e-02  0.000000e+00  0.000000e+00  0.000000e+00  0.000000e+00  3.014719e-02  2.819649e-02  2.819649e-02
7.797424e-03  0.000000e+00  0.000000e+00  0.000000e+00  0.000000e+00  3.245256e-02  2.394041e-02  2.394041e-02  0.000000e+00  0.000000e+00  0.000000e+00  0.000000e+00  3.245256e-02  2.394041e-02  2.394041e-02
8.117613e-03  0.000000e+00  0.000000e+00  0.000000e+00  0.000000e+00  3.032453e-02  4.610747e-03  4.610747e-03  0.000000e+00  0.000000e+00  0.000000e+00  5.674765e-03  3.032453e-02  2.376308e-02  2.376308e-02
8.450950e-03  0.000000e+00  0.000000e+00  0.000000e+00  0.000000e+00  2.996985e-02  0.000000e+00  0.000000e+00  0.000000e+00  0.000000e+00  0.000000e+00  3.901401e-03  2.996985e-02  2.606845e-02  2.606845e-02
8.797976e-03  0.000000e+00  0.000000e+00  0.000000e+00  0.000000e+00  2.996985e-02  0.000000e+00  0.000000e+00  0.000000e+00  0.000000e+00  0.000000e+00  6.916120e-03  2.996985e-02  1.666962e-02  1.666962e-02
9.159251e-03  0.000000e+00  0.000000e+00  0.000000e+00  0.000000e+00  2.890583e-02  0.000000e+00  0.000000e+00  0.000000e+00  0.000000e+00  0.000000e+00  1.010818e-02  2.890583e-02  1.418691e-02  1.418691e-02
9.535361e-03  0.000000e+00  0.000000e+00  0.000000e+00  0.000000e+00  3.032453e-02  0.000000e+00  0.000000e+00  0.000000e+00  0.000000e+00  0.000000e+00  7.980138e-03  3.032453e-02  1.347757e-02  1.347757e-02
9.926916e-03  0.000000e+00  0.000000e+00  0.000000e+00  0.000000e+00  2.677780e-02  0.000000e+00  0.000000e+00  0.000000e+00  0.000000e+00  0.000000e+00  1.134953e-02  2.677780e-02  1.117219e-02  1.117219e-02
1.033455e-02  0.000000e+00  0.000000e+00  0.000000e+00  0.000000e+00  2.269906e-02  0.000000e+00  0.000000e+00  0.000000e+00  0.000000e+00  0.000000e+00  1.365490e-02  2.269906e-02  1.064018e-02  1.064018e-02
1.075892e-02  0.000000e+00  0.000000e+00  0.000000e+00  0.000000e+00  2.447242e-02  0.000000e+00  0.000000e+00  0.000000e+00  0.000000e+00  0.000000e+00  1.489626e-02  2.447242e-02  8.866820e-03  8.866820e-03
1.120072e-02  0.000000e+00  0.000000e+00  0.000000e+00  0.000000e+00  2.571378e-02  0.000000e+00  0.000000e+00  0.000000e+00  0.000000e+00  0.000000e+00  1.968434e-02  2.571378e-02  8.866820e-03  8.866820e-03
1.166066e-02  0.000000e+00  0.000000e+00  0.000000e+00  0.000000e+00  8.866820e-04  0.000000e+00  0.000000e+00  0.000000e+00  0.000000e+00  0.000000e+00  2.003901e-02  2.163504e-02  5.674765e-03  5.674765e-03
1.213949e-02  0.000000e+00  0.000000e+00  0.000000e+00  1.773364e-03  0.000000e+00  0.000000e+00  0.000000e+00  0.000000e+00  0.000000e+00  0.000000e+00  2.269906e-02  2.057102e-02  3.546728e-04  3.546728e-04
1.263798e-02  0.000000e+00  0.000000e+00  0.000000e+00  2.642312e-02  0.000000e+00  0.000000e+00  0.000000e+00  0.000000e+00  0.000000e+00  0.000000e+00  2.642312e-02  1.737897e-02  0.000000e+00  0.000000e+00
1.315694e-02  0.000000e+00  0.000000e+00  0.000000e+00  2.589112e-02  0.000000e+00  0.000000e+00  0.000000e+00  0.000000e+00  0.000000e+00  0.000000e+00  2.589112e-02  1.312289e-02  0.000000e+00  0.000000e+00
1.369721e-02  0.000000e+00  0.000000e+00  0.000000e+00  2.730981e-02  0.000000e+00  0.000000e+00  0.000000e+00  0.000000e+00  0.000000e+00  0.000000e+00  2.730981e-02  1.418691e-02  0.000000e+00  0.000000e+00
1.425966e-02  0.000000e+00  0.000000e+00  0.000000e+00  2.766448e-02  0.000000e+00  0.000000e+00  0.000000e+00  0.000000e+00  0.000000e+00  0.000000e+00  2.766448e-02  1.347757e-02  0.000000e+00  0.000000e+00
1.484521e-02  0.000000e+00  0.000000e+00  0.000000e+00  2.642312e-02  0.000000e+00  0.000000e+00  0.000000e+00  0.000000e+00  0.000000e+00  0.000000e+00  2.642312e-02  8.689484e-03  0.000000e+00  0.000000e+00
1.545481e-02  0.000000e+00  0.000000e+00  0.000000e+00  3.014719e-02  0.000000e+00  0.000000e+00  0.000000e+00  0.000000e+00  0.000000e+00  0.000000e+00  3.014719e-02  7.625466e-03  0.000000e+00  0.000000e+00
1.608943e-02  0.000000e+00  0.000000e+00  0.000000e+00  2.996985e-02  0.000000e+00  0.000000e+00  0.000000e+00  0.000000e+00  0.000000e+00  0.000000e+00  2.996985e-02  5.497429e-03  0.000000e+00  0.000000e+00
1.675012e-02  0.000000e+00  0.000000e+00  0.000000e+00  3.032453e-02  0.000000e+00  0.000000e+00  0.000000e+00  0.000000e+00  0.000000e+00  0.000000e+00  3.032453e-02  4.433410e-03  0.000000e+00  0.000000e+00
1.743794e-02  0.000000e+00  0.000000e+00  0.000000e+00  3.635396e-02  0.000000e+00  0.000000e+00  0.000000e+00  0.000000e+00  0.000000e+00  0.000000e+00  3.635396e-02  5.142756e-03  0.000000e+00  0.000000e+00
1.815400e-02  0.000000e+00  0.000000e+00  0.000000e+00  3.174322e-02  0.000000e+00  0.000000e+00  0.000000e+00  0.000000e+00  0.000000e+00  0.000000e+00  3.174322e-02  4.078737e-03  0.000000e+00  0.000000e+00
1.889947e-02  0.000000e+00  0.000000e+00  0.000000e+00  3.032453e-02  0.000000e+00  0.000000e+00  0.000000e+00  0.000000e+00  0.000000e+00  0.000000e+00  3.032453e-02  1.773364e-04  0.000000e+00  0.000000e+00
1.967555e-02  0.000000e+00  0.000000e+00  0.000000e+00  3.298457e-02  0.000000e+00  0.000000e+00  0.000000e+00  0.000000e+00  0.000000e+00  0.000000e+00  3.298457e-02  0.000000e+00  0.000000e+00  0.000000e+00
2.048349e-02  0.000000e+00  0.000000e+00  0.000000e+00  2.801915e-02  0.000000e+00  0.000000e+00  0.000000e+00  0.000000e+00  0.000000e+00  0.000000e+00  2.801915e-02  0.000000e+00  0.000000e+00  0.000000e+00
2.132462e-02  0.000000e+00  0.000000e+00  0.000000e+00  3.050186e-02  0.000000e+00  0.000000e+00  0.000000e+00  0.000000e+00  0.000000e+00  0.000000e+00  3.050186e-02  0.000000e+00  0.000000e+00  0.000000e+00
2.220028e-02  0.000000e+00  0.000000e+00  0.000000e+00  3.475794e-02  0.000000e+00  0.000000e+00  0.000000e+00  0.000000e+00  0.000000e+00  0.000000e+00  3.475794e-02  0.000000e+00  0.000000e+00  0.000000e+00
2.311190e-02  0.000000e+00  0.000000e+00  0.000000e+00  3.653130e-02  0.000000e+00  0.000000e+00  0.000000e+00  0.000000e+00  0.000000e+00  0.000000e+00  3.653130e-02  0.000000e+00  0.000000e+00  0.000000e+00
2.406095e-02  0.000000e+00  0.000000e+00  0.000000e+00  2.979252e-02  0.000000e+00  0.000000e+00  0.000000e+00  0.000000e+00  0.000000e+00  7.093456e-04  2.979252e-02  0.000000e+00  0.000000e+00  0.000000e+00
2.504898e-02  0.000000e+00  0.000000e+00  0.000000e+00  3.085653e-02  0.000000e+00  0.000000e+00  0.000000e+00  0.000000e+00  0.000000e+00  9.044157e-03  3.085653e-02  0.000000e+00  0.000000e+00  0.000000e+00
2.607758e-02  0.000000e+00  0.000000e+00  0.000000e+00  2.730981e-02  0.000000e+00  0.000000e+00  0.000000e+00  0.000000e+00  0.000000e+00  9.930839e-03  2.730981e-02  0.000000e+00  0.000000e+00  0.000000e+00
2.714841e-02  0.000000e+00  0.000000e+00  0.000000e+00  2.482710e-02  0.000000e+00  0.000000e+00  0.000000e+00  0.000000e+00  0.000000e+00  1.241355e-02  2.482710e-02  0.000000e+00  0.000000e+00  0.000000e+00
2.826322e-02  0.000000e+00  0.000000e+00  0.000000e+00  2.855116e-02  0.000000e+00  0.000000e+00  0.000000e+00  0.000000e+00  0.000000e+00  1.560560e-02  2.855116e-02  0.000000e+00  0.000000e+00  0.000000e+00
2.942380e-02  0.000000e+00  0.000000e+00  0.000000e+00  2.305373e-02  0.000000e+00  0.000000e+00  0.000000e+00  0.000000e+00  0.000000e+00  1.773364e-02  2.305373e-02  0.000000e+00  0.000000e+00  0.000000e+00
3.063205e-02  0.000000e+00  0.000000e+00  0.000000e+00  2.021635e-02  0.000000e+00  0.000000e+00  0.000000e+00  0.000000e+00  0.000000e+00  2.021635e-02  2.021635e-02  0.000000e+00  0.000000e+00  0.000000e+00
3.188991e-02  0.000000e+00  0.000000e+00  0.000000e+00  7.980138e-03  0.000000e+00  0.000000e+00  0.000000e+00  0.000000e+00  0.000000e+00  2.677780e-02  2.092570e-02  0.000000e+00  0.000000e+00  0.000000e+00
3.319942e-02  0.000000e+00  0.000000e+00  3.369392e-03  0.000000e+00  0.000000e+00  0.000000e+00  0.000000e+00  0.000000e+00  0.000000e+00  2.606845e-02  1.950700e-02  0.000000e+00  0.000000e+00  0.000000e+00
3.456270e-02  0.000000e+00  0.000000e+00  2.624579e-02  0.000000e+00  0.000000e+00  0.000000e+00  0.000000e+00  0.000000e+00  0.000000e+00  2.624579e-02  1.613761e-02  0.000000e+00  0.000000e+00  0.000000e+00
3.598196e-02  0.000000e+00  0.000000e+00  2.660046e-02  0.000000e+00  0.000000e+00  0.000000e+00  0.000000e+00  0.000000e+00  0.000000e+00  2.660046e-02  1.844299e-02  0.000000e+00  0.000000e+00  0.000000e+00
3.745951e-02  0.000000e+00  0.000000e+00  2.872850e-02  0.000000e+00  0.000000e+00  0.000000e+00  0.000000e+00  0.000000e+00  0.000000e+00  2.872850e-02  1.312289e-02  0.000000e+00  0.000000e+00  0.000000e+00
3.899772e-02  0.000000e+00  0.000000e+00  2.660046e-02  0.000000e+00  0.000000e+00  0.000000e+00  0.000000e+00  0.000000e+00  0.000000e+00  2.660046e-02  1.064018e-02  0.000000e+00  0.000000e+00  0.000000e+00
4.059910e-02  0.000000e+00  0.000000e+00  3.156588e-02  0.000000e+00  0.000000e+00  0.000000e+00  0.000000e+00  0.000000e+00  0.000000e+00  3.156588e-02  7.093456e-03  0.000000e+00  0.000000e+00  0.000000e+00
4.226624e-02  0.000000e+00  0.000000e+00  3.422593e-02  0.000000e+00  0.000000e+00  0.000000e+00  0.000000e+00  0.000000e+00  0.000000e+00  3.422593e-02  7.093456e-03  0.000000e+00  0.000000e+00  0.000000e+00
4.400184e-02  0.000000e+00  0.000000e+00  3.316191e-02  0.000000e+00  0.000000e+00  0.000000e+00  0.000000e+00  0.000000e+00  0.000000e+00  3.316191e-02  4.788083e-03  0.000000e+00  0.000000e+00  0.000000e+00
4.580871e-02  0.000000e+00  0.000000e+00  3.032453e-02  0.000000e+00  0.000000e+00  0.000000e+00  0.000000e+00  0.000000e+00  0.000000e+00  3.032453e-02  8.334811e-03  0.000000e+00  0.000000e+00  0.000000e+00
4.768977e-02  0.000000e+00  0.000000e+00  3.209789e-02  0.000000e+00  0.000000e+00  0.000000e+00  0.000000e+00  0.000000e+00  0.000000e+00  3.209789e-02  6.029438e-03  0.000000e+00  0.000000e+00  0.000000e+00
4.964808e-02  0.000000e+00  0.000000e+00  3.192055e-02  0.000000e+00  0.000000e+00  0.000000e+00  0.000000e+00  0.000000e+00  0.000000e+00  3.192055e-02  3.901401e-03  0.000000e+00  0.000000e+00  0.000000e+00
5.168680e-02  0.000000e+00  0.000000e+00  3.387125e-02  0.000000e+00  0.000000e+00  0.000000e+00  0.000000e+00  0.000000e+00  0.000000e+00  3.387125e-02  4.433410e-03  0.000000e+00  0.000000e+00  0.000000e+00
5.380924e-02  0.000000e+00  0.000000e+00  3.387125e-02  0.000000e+00  0.000000e+00  0.000000e+00  0.000000e+00  0.000000e+00  0.000000e+00  3.387125e-02  2.660046e-03  0.000000e+00  0.000000e+00  0.000000e+00
5.601883e-02  0.000000e+00  0.000000e+00  3.262990e-02  0.000000e+00  0.000000e+00  0.000000e+00  0.000000e+00  0.000000e+00  9.044157e-03  3.262990e-02  0.000000e+00  0.000000e+00  0.000000e+00  0.000000e+00
5.831916e-02  0.000000e+00  0.000000e+00  3.014719e-02  0.000000e+00  0.000000e+00  0.000000e+00  0.000000e+00  0.000000e+00  1.294556e-02  3.014719e-02  0.000000e+00  0.000000e+00  0.000000e+00  0.000000e+00
6.071395e-02  0.000000e+00  0.000000e+00  3.209789e-02  0.000000e+00  0.000000e+00  0.000000e+00  0.000000e+00  0.000000e+00  1.649229e-02  3.209789e-02  0.000000e+00  0.000000e+00  0.000000e+00  0.000000e+00
6.320707e-02  0.000000e+00  0.000000e+00  3.245256e-02  0.000000e+00  0.000000e+00  0.000000e+00  0.000000e+00  0.000000e+00  1.649229e-02  3.245256e-02  0.000000e+00  0.000000e+00  0.000000e+00  0.000000e+00
6.580257e-02  0.000000e+00  0.000000e+00  3.919135e-02  0.000000e+00  0.000000e+00  0.000000e+00  0.000000e+00  0.000000e+00  2.589112e-02  3.919135e-02  0.000000e+00  0.000000e+00  0.000000e+00  0.000000e+00
6.850465e-02  0.000000e+00  0.000000e+00  3.404859e-02  0.000000e+00  0.000000e+00  0.000000e+00  0.000000e+00  0.000000e+00  2.518177e-02  3.404859e-02  0.000000e+00  0.000000e+00  0.000000e+00  0.000000e+00
7.131769e-02  0.000000e+00  0.000000e+00  3.156588e-02  0.000000e+00  0.000000e+00  0.000000e+00  0.000000e+00  0.000000e+00  2.518177e-02  3.156588e-02  0.000000e+00  0.000000e+00  0.000000e+00  0.000000e+00
7.424624e-02  0.000000e+00  2.730981e-02  2.642312e-02  0.000000e+00  0.000000e+00  0.000000e+00  0.000000e+00  0.000000e+00  3.121121e-02  2.642312e-02  0.000000e+00  0.000000e+00  0.000000e+00  0.000000e+00
7.729505e-02  0.000000e+00  2.819649e-02  2.872850e-02  0.000000e+00  0.000000e+00  0.000000e+00  0.000000e+00  0.000000e+00  2.819649e-02  2.872850e-02  0.000000e+00  0.000000e+00  0.000000e+00  0.000000e+00
8.046905e-02  0.000000e+00  3.121121e-02  1.986168e-02  0.000000e+00  0.000000e+00  0.000000e+00  0.000000e+00  0.000000e+00  3.121121e-02  2.252172e-02  0.000000e+00  0.000000e+00  0.000000e+00  0.000000e+00
8.377339e-02  0.000000e+00  3.351658e-02  0.000000e+00  0.000000e+00  0.000000e+00  0.000000e+00  0.000000e+00  0.000000e+00  3.351658e-02  1.897500e-02  0.000000e+00  0.000000e+00  0.000000e+00  0.000000e+00
8.721342e-02  0.000000e+00  2.961518e-02  0.000000e+00  0.000000e+00  0.000000e+00  0.000000e+00  0.000000e+00  0.000000e+00  2.961518e-02  1.932967e-02  0.000000e+00  0.000000e+00  0.000000e+00  0.000000e+00
9.079470e-02  0.000000e+00  3.085653e-02  0.000000e+00  0.000000e+00  0.000000e+00  0.000000e+00  0.000000e+00  0.000000e+00  3.085653e-02  1.613761e-02  0.000000e+00  0.000000e+00  0.000000e+00  0.000000e+00
9.452304e-02  0.000000e+00  3.014719e-02  0.000000e+00  0.000000e+00  0.000000e+00  0.000000e+00  0.000000e+00  0.000000e+00  3.014719e-02  1.259088e-02  0.000000e+00  0.000000e+00  0.000000e+00  0.000000e+00
9.840449e-02  0.000000e+00  3.351658e-02  0.000000e+00  0.000000e+00  0.000000e+00  0.000000e+00  0.000000e+00  0.000000e+00  3.351658e-02  1.205888e-02  0.000000e+00  0.000000e+00  0.000000e+00  0.000000e+00
1.024453e-01  0.000000e+00  3.741798e-02  0.000000e+00  0.000000e+00  0.000000e+00  0.000000e+00  0.000000e+00  0.000000e+00  3.741798e-02  1.046285e-02  0.000000e+00  0.000000e+00  0.000000e+00  0.000000e+00
1.066521e-01  0.000000e+00  3.599929e-02  0.000000e+00  0.000000e+00  0.000000e+00  0.000000e+00  0.000000e+00  0.000000e+00  3.599929e-02  7.980138e-03  0.000000e+00  0.000000e+00  0.000000e+00  0.000000e+00
1.110316e-01  0.000000e+00  3.280724e-02  0.000000e+00  0.000000e+00  0.000000e+00  0.000000e+00  0.000000e+00  0.000000e+00  3.280724e-02  9.398830e-03  0.000000e+00  0.000000e+00  0.000000e+00  0.000000e+00
1.155909e-01  0.000000e+00  3.493527e-02  0.000000e+00  0.000000e+00  0.000000e+00  0.000000e+00  0.000000e+00  0.000000e+00  3.493527e-02  6.384111e-03  0.000000e+00  0.000000e+00  0.000000e+00  0.000000e+00
1.203375e-01  0.000000e+00  3.830466e-02  0.000000e+00  0.000000e+00  0.000000e+00  0.000000e+00  0.000000e+00  0.000000e+00  3.830466e-02  7.448129e-03  0.000000e+00  0.000000e+00  0.000000e+00  0.000000e+00
1.252790e-01  0.000000e+00  3.741798e-02  0.000000e+00  0.000000e+00  0.000000e+00  0.000000e+00  0.000000e+00  0.000000e+00  3.741798e-02  4.788083e-03  0.000000e+00  0.000000e+00  0.000000e+00  0.000000e+00
1.304233e-01  0.000000e+00  3.440326e-02  0.000000e+00  0.000000e+00  0.000000e+00  0.000000e+00  0.000000e+00  0.000000e+00  3.440326e-02  4.433410e-03  0.000000e+00  0.000000e+00  0.000000e+00  0.000000e+00
1.357790e-01  0.000000e+00  3.582195e-02  0.000000e+00  0.000000e+00  0.000000e+00  0.000000e+00  0.000000e+00  0.000000e+00  3.582195e-02  2.482710e-03  0.000000e+00  0.000000e+00  0.000000e+00  0.000000e+00
1.413545e-01  0.000000e+00  3.688597e-02  0.000000e+00  0.000000e+00  0.000000e+00  0.000000e+00  0.000000e+00  0.000000e+00  3.688597e-02  0.000000e+00  0.000000e+00  0.000000e+00  0.000000e+00  0.000000e+00
1.471590e-01  0.000000e+00  3.014719e-02  0.000000e+00  0.000000e+00  0.000000e+00  0.000000e+00  0.000000e+00  0.000000e+00  3.014719e-02  0.000000e+00  0.000000e+00  0.000000e+00  0.000000e+00  0.000000e+00
1.532019e-01  0.000000e+00  2.943784e-02  0.000000e+00  0.000000e+00  0.000000e+00  0.000000e+00  0.000000e+00  0.000000e+00  2.943784e-02  0.000000e+00  0.000000e+00  0.000000e+00  0.000000e+00  0.000000e+00
1.594929e-01  0.000000e+00  2.642312e-02  0.000000e+00  0.000000e+00  0.000000e+00  0.000000e+00  0.000000e+00  0.000000e+00  2.642312e-02  0.000000e+00  0.000000e+00  0.000000e+00  0.000000e+00  0.000000e+00
1.660422e-01  0.000000e+00  2.535911e-02  0.000000e+00  0.000000e+00  0.000000e+00  0.000000e+00  0.000000e+00  0.000000e+00  2.624579e-02  0.000000e+00  0.000000e+00  0.000000e+00  0.000000e+00  0.000000e+00
1.728605e-01  0.000000e+00  0.000000e+00  0.000000e+00  0.000000e+00  0.000000e+00  0.000000e+00  0.000000e+00  0.000000e+00  2.003901e-02  0.000000e+00  0.000000e+00  0.000000e+00  0.000000e+00  0.000000e+00
1.799587e-01  0.000000e+00  0.000000e+00  0.000000e+00  0.000000e+00  0.000000e+00  0.000000e+00  0.000000e+00  0.000000e+00  1.791098e-02  0.000000e+00  0.000000e+00  0.000000e+00  0.000000e+00  0.000000e+00
1.873485e-01  0.000000e+00  0.000000e+00  0.000000e+00  0.000000e+00  0.000000e+00  0.000000e+00  0.000000e+00  0.000000e+00  1.507359e-02  0.000000e+00  0.000000e+00  0.000000e+00  0.000000e+00  0.000000e+00
1.950416e-01  0.000000e+00  0.000000e+00  0.000000e+00  0.000000e+00  0.000000e+00  0.000000e+00  0.000000e+00  0.000000e+00  1.666962e-02  0.000000e+00  0.000000e+00  0.000000e+00  0.000000e+00  0.000000e+00
2.030507e-01  0.000000e+00  0.000000e+00  0.000000e+00  0.000000e+00  0.000000e+00  0.000000e+00  0.000000e+00  0.000000e+00  9.753502e-03  0.000000e+00  0.000000e+00  0.000000e+00  0.000000e+00  0.000000e+00
2.113887e-01  0.000000e+00  0.000000e+00  0.000000e+00  0.000000e+00  0.000000e+00  0.000000e+00  0.000000e+00  0.000000e+00  9.930839e-03  0.000000e+00  0.000000e+00  0.000000e+00  0.000000e+00  0.000000e+00
2.200690e-01  0.000000e+00  0.000000e+00  0.000000e+00  0.000000e+00  0.000000e+00  0.000000e+00  0.000000e+00  0.000000e+00  1.046285e-02  0.000000e+00  0.000000e+00  0.000000e+00  0.000000e+00  0.000000e+00
2.291058e-01  0.000000e+00  0.000000e+00  0.000000e+00  0.000000e+00  0.000000e+00  0.000000e+00  0.000000e+00  4.610747e-03  7.270793e-03  0.000000e+00  0.000000e+00  0.000000e+00  0.000000e+00  0.000000e+00
2.385137e-01  0.000000e+00  0.000000e+00  0.000000e+00  0.000000e+00  0.000000e+00  0.000000e+00  0.000000e+00  1.471892e-02  5.142756e-03  0.000000e+00  0.000000e+00  0.000000e+00  0.000000e+00  0.000000e+00
2.483079e-01  0.000000e+00  0.000000e+00  0.000000e+00  0.000000e+00  0.000000e+00  0.000000e+00  0.000000e+00  1.968434e-02  5.852101e-03  0.000000e+00  0.000000e+00  0.000000e+00  0.000000e+00  0.000000e+00
2.585043e-01  0.000000e+00  0.000000e+00  0.000000e+00  0.000000e+00  0.000000e+00  0.000000e+00  0.000000e+00  2.447242e-02  4.610747e-03  0.000000e+00  0.000000e+00  0.000000e+00  0.000000e+00  0.000000e+00
2.691194e-01  0.000000e+00  0.000000e+00  0.000000e+00  0.000000e+00  0.000000e+00  0.000000e+00  0.000000e+00  2.553644e-02  4.965419e-03  0.000000e+00  0.000000e+00  0.000000e+00  0.000000e+00  0.000000e+00
2.801703e-01  0.000000e+00  0.000000e+00  0.000000e+00  0.000000e+00  0.000000e+00  0.000000e+00  0.000000e+00  3.085653e-02  4.610747e-03  0.000000e+00  0.000000e+00  0.000000e+00  0.000000e+00  0.000000e+00
2.916751e-01  1.844299e-02  0.000000e+00  0.000000e+00  0.000000e+00  0.000000e+00  0.000000e+00  0.000000e+00  3.369392e-02  1.950700e-03  0.000000e+00  0.000000e+00  0.000000e+00  0.000000e+00  0.000000e+00
3.036523e-01  3.440326e-02  0.000000e+00  0.000000e+00  0.000000e+00  0.000000e+00  0.000000e+00  0.000000e+00  3.440326e-02  0.000000e+00  0.000000e+00  0.000000e+00  0.000000e+00  0.000000e+00  0.000000e+00
3.161213e-01  3.422593e-02  0.000000e+00  0.000000e+00  0.000000e+00  0.000000e+00  0.000000e+00  0.000000e+00  3.422593e-02  0.000000e+00  0.000000e+00  0.000000e+00  0.000000e+00  0.000000e+00  0.000000e+00
3.291023e-01  3.422593e-02  0.000000e+00  0.000000e+00  0.000000e+00  0.000000e+00  0.000000e+00  0.000000e+00  3.422593e-02  0.000000e+00  0.000000e+00  0.000000e+00  0.000000e+00  0.000000e+00  0.000000e+00
3.426164e-01  3.670864e-02  0.000000e+00  0.000000e+00  0.000000e+00  0.000000e+00  0.000000e+00  0.000000e+00  3.670864e-02  0.000000e+00  0.000000e+00  0.000000e+00  0.000000e+00  0.000000e+00  0.000000e+00
3.566854e-01  3.298457e-02  0.000000e+00  0.000000e+00  0.000000e+00  0.000000e+00  0.000000e+00  0.000000e+00  3.298457e-02  0.000000e+00  0.000000e+00  0.000000e+00  0.000000e+00  0.000000e+00  0.000000e+00
3.713322e-01  3.688597e-02  0.000000e+00  0.000000e+00  0.000000e+00  0.000000e+00  0.000000e+00  0.000000e+00  3.688597e-02  0.000000e+00  0.000000e+00  0.000000e+00  0.000000e+00  0.000000e+00  0.000000e+00
3.865804e-01  3.387125e-02  0.000000e+00  0.000000e+00  0.000000e+00  0.000000e+00  0.000000e+00  0.000000e+00  3.387125e-02  0.000000e+00  0.000000e+00  0.000000e+00  0.000000e+00  0.000000e+00  0.000000e+00
4.024547e-01  4.504345e-02  0.000000e+00  0.000000e+00  0.000000e+00  0.000000e+00  0.000000e+00  0.000000e+00  4.504345e-02  0.000000e+00  0.000000e+00  0.000000e+00  0.000000e+00  0.000000e+00  0.000000e+00
4.189809e-01  4.167406e-02  0.000000e+00  0.000000e+00  0.000000e+00  0.000000e+00  0.000000e+00  0.000000e+00  4.167406e-02  0.000000e+00  0.000000e+00  0.000000e+00  0.000000e+00  0.000000e+00  0.000000e+00
4.361857e-01  3.954602e-02  0.000000e+00  0.000000e+00  0.000000e+00  0.000000e+00  0.000000e+00  0.000000e+00  3.954602e-02  0.000000e+00  0.000000e+00  0.000000e+00  0.000000e+00  0.000000e+00  0.000000e+00
4.540970e-01  4.309275e-02  0.000000e+00  0.000000e+00  0.000000e+00  0.000000e+00  0.000000e+00  0.000000e+00  4.309275e-02  0.000000e+00  0.000000e+00  0.000000e+00  0.000000e+00  0.000000e+00  0.000000e+00
4.727438e-01  4.451144e-02  0.000000e+00  0.000000e+00  0.000000e+00  0.000000e+00  0.000000e+00  0.000000e+00  4.451144e-02  0.000000e+00  0.000000e+00  0.000000e+00  0.000000e+00  0.000000e+00  0.000000e+00
4.921562e-01  5.000887e-02  0.000000e+00  0.000000e+00  0.000000e+00  0.000000e+00  0.000000e+00  0.000000e+00  5.000887e-02  0.000000e+00  0.000000e+00  0.000000e+00  0.000000e+00  0.000000e+00  0.000000e+00
5.123659e-01  4.397943e-02  0.000000e+00  0.000000e+00  0.000000e+00  0.000000e+00  0.000000e+00  0.000000e+00  4.397943e-02  0.000000e+00  0.000000e+00  0.000000e+00  0.000000e+00  0.000000e+00  0.000000e+00
5.334054e-01  3.440326e-02  0.000000e+00  0.000000e+00  0.000000e+00  0.000000e+00  0.000000e+00  0.000000e+00  3.440326e-02  0.000000e+00  0.000000e+00  0.000000e+00  0.000000e+00  0.000000e+00  0.000000e+00
5.553089e-01  3.103387e-02  0.000000e+00  0.000000e+00  0.000000e+00  0.000000e+00  0.000000e+00  0.000000e+00  3.103387e-02  0.000000e+00  0.000000e+00  0.000000e+00  0.000000e+00  0.000000e+00  0.000000e+00
5.781118e-01  3.050186e-02  0.000000e+00  0.000000e+00  0.000000e+00  0.000000e+00  0.000000e+00  0.000000e+00  3.050186e-02  0.000000e+00  0.000000e+00  0.000000e+00  0.000000e+00  0.000000e+00  0.000000e+00
6.018510e-01  1.418691e-02  0.000000e+00  0.000000e+00  0.000000e+00  0.000000e+00  0.000000e+00  0.000000e+00  2.535911e-02  0.000000e+00  0.000000e+00  0.000000e+00  0.000000e+00  0.000000e+00  0.000000e+00
6.265651e-01  0.000000e+00  0.000000e+00  0.000000e+00  0.000000e+00  0.000000e+00  0.000000e+00  0.000000e+00  1.879766e-02  0.000000e+00  0.000000e+00  0.000000e+00  0.000000e+00  0.000000e+00  0.000000e+00
6.522941e-01  0.000000e+00  0.000000e+00  0.000000e+00  0.000000e+00  0.000000e+00  0.000000e+00  0.000000e+00  1.649229e-02  0.000000e+00  0.000000e+00  0.000000e+00  0.000000e+00  0.000000e+00  0.000000e+00
6.790795e-01  0.000000e+00  0.000000e+00  0.000000e+00  0.000000e+00  0.000000e+00  0.000000e+00  0.000000e+00  1.223621e-02  0.000000e+00  0.000000e+00  0.000000e+00  0.000000e+00  0.000000e+00  0.000000e+00
7.069649e-01  0.000000e+00  0.000000e+00  0.000000e+00  0.000000e+00  0.000000e+00  0.000000e+00  0.000000e+00  1.454159e-02  0.000000e+00  0.000000e+00  0.000000e+00  0.000000e+00  0.000000e+00  0.000000e+00
7.359953e-01  0.000000e+00  0.000000e+00  0.000000e+00  0.000000e+00  0.000000e+00  0.000000e+00  0.000000e+00  1.330023e-02  0.000000e+00  0.000000e+00  0.000000e+00  0.000000e+00  0.000000e+00  0.000000e+00
7.662178e-01  0.000000e+00  0.000000e+00  0.000000e+00  0.000000e+00  0.000000e+00  0.000000e+00  0.000000e+00  9.576166e-03  0.000000e+00  0.000000e+00  0.000000e+00  0.000000e+00  0.000000e+00  0.000000e+00
7.976813e-01  0.000000e+00  0.000000e+00  0.000000e+00  0.000000e+00  0.000000e+00  0.000000e+00  0.000000e+00  7.093456e-03  0.000000e+00  0.000000e+00  0.000000e+00  0.000000e+00  0.000000e+00  0.000000e+00
8.304369e-01  0.000000e+00  0.000000e+00  0.000000e+00  0.000000e+00  0.000000e+00  0.000000e+00  0.000000e+00  5.852101e-03  0.000000e+00  0.000000e+00  0.000000e+00  0.000000e+00  0.000000e+00  0.000000e+00
8.645375e-01  0.000000e+00  0.000000e+00  0.000000e+00  0.000000e+00  0.000000e+00  0.000000e+00  0.000000e+00  5.497429e-03  0.000000e+00  0.000000e+00  0.000000e+00  0.000000e+00  0.000000e+00  0.000000e+00
9.000384e-01  0.000000e+00  0.000000e+00  0.000000e+00  0.000000e+00  0.000000e+00  0.000000e+00  0.000000e+00  5.142756e-03  0.000000e+00  0.000000e+00  0.000000e+00  0.000000e+00  0.000000e+00  0.000000e+00
9.369971e-01  0.000000e+00  0.000000e+00  0.000000e+00  0.000000e+00  0.000000e+00  0.000000e+00  0.000000e+00  4.788083e-03  0.000000e+00  0.000000e+00  0.000000e+00  0.000000e+00  0.000000e+00  0.000000e+00
9.754734e-01  0.000000e+00  0.000000e+00  0.000000e+00  0.000000e+00  0.000000e+00  0.000000e+00  0.000000e+00  3.014719e-03  0.000000e+00  0.000000e+00  0.000000e+00  0.000000e+00  0.000000e+00  0.000000e+00
1.015530e+00  0.000000e+00  0.000000e+00  0.000000e+00  0.000000e+00  0.000000e+00  0.000000e+00  0.000000e+00  3.901401e-03  0.000000e+00  0.000000e+00  0.000000e+00  0.000000e+00  0.000000e+00  0.000000e+00
1.057231e+00  0.000000e+00  0.000000e+00  0.000000e+00  0.000000e+00  0.000000e+00  0.000000e+00  0.000000e+00  3.724065e-03  0.000000e+00  0.000000e+00  0.000000e+00  0.000000e+00  0.000000e+00  0.000000e+00
