3.775518e-05  0.000000e+00  0.000000e+00  0.000000e+00  0.000000e+00  0.000000e+00  0.000000e+00  0.000000e+00  0.000000e+00  0.000000e+00  0.000000e+00  0.000000e+00  0.000000e+00  0.000000e+00  4.200000e-03
3.950294e-05  0.000000e+00  0.000000e+00  0.000000e+00  0.000000e+00  0.000000e+00  0.000000e+00  0.000000e+00  0.000000e+00  0.000000e+00  0.000000e+00  0.000000e+00  0.000000e+00  0.000000e+00  3.300000e-03
4.133161e-05  0.000000e+00  0.000000e+00  0.000000e+00  0.000000e+00  0.000000e+00  0.000000e+00  0.000000e+00  0.000000e+00  0.000000e+00  0.000000e+00  0.000000e+00  0.000000e+00  0.000000e+00  3.500000e-03
4.324493e-05  0.000000e+00  0.000000e+00  0.000000e+00  0.000000e+00  0.000000e+00  0.000000e+00  0.000000e+00  0.000000e+00  0.000000e+00  0.000000e+00  0.000000e+00  0.000000e+00  0.000000e+00  5.100000e-03
4.524682e-05  0.000000e+00  0.000000e+00  0.000000e+00  0.000000e+00  0.000000e+00  0.000000e+00  0.000000e+00  0.000000e+00  0.000000e+00  0.000000e+00  0.000000e+00  0.000000e+00  0.000000e+00  5.800000e-03
4.734138e-05  0.000000e+00  0.000000e+00  0.000000e+00  0.000000e+00  0.000000e+00  0.000000e+00  0.000000e+00  0.000000e+00  0.000000e+00  0.000000e+00  0.000000e+00  0.000000e+00  0.000000e+00  6.400000e-03
4.953290e-05  0.000000e+00  0.000000e+00  0.000000e+00  0.000000e+00  0.000000e+00  0.000000e+00  0.000000e+00  0.000000e+00  0.000000e+00  0.000000e+00  0.000000e+00  0.000000e+00  0.000000e+00  7.300000e-03
5.182587e-05  0.000000e+00  0.000000e+00  0.000000e+00  0.000000e+00  0.000000e+00  0.000000e+00  0.000000e+00  0.000000e+00  0.000000e+00  0.000000e+00  0.000000e+00  0.000000e+00  0.000000e+00  6.900000e-03
5.422499e-05  0.000000e+00  0.000000e+00  0.000000e+00  0.000000e+00  0.000000e+00  0.000000e+00  0.000000e+00  0.000000e+00  0.000000e+00  0.000000e+00  0.000000e+00  0.000000e+00  0.000000e+00  7.000000e-03
5.673517e-05  0.000000e+00  0.000000e+00  0.000000e+00  0.000000e+00  0.000000e+00  0.000000e+00  0.000000e+00  0.000000e+00  0.000000e+00  0.000000e+00  0.000000e+00  0.000000e+00  0.000000e+00  8.600000e-03
5.936155e-05  0.000000e+00  0.000000e+00  0.000000e+00  0.000000e+00  0.000000e+00  0.000000e+00  0.000000e+00  0.000000e+00  0.000000e+00  0.000000e+00  0.000000e+00  0.000000e+00  0.000000e+00  1.000000e-02
6.210951e-05  0.000000e+00  0.000000e+00  0.000000e+00  0.000000e+00  0.000000e+00  0.000000e+00  0.000000e+00  0.000000e+00  0.000000e+00  0.000000e+00  0.000000e+00  0.000000e+00  0.000000e+00  7.700000e-03
6.498468e-05  0.000000e+00  0.000000e+00  0.000000e+00  0.000000e+00  0.000000e+00  0.000000e+00  0.000000e+00  0.000000e+00  0.000000e+00  0.000000e+00  0.000000e+00  0.000000e+00  0.000000e+00  9.500000e-03
6.799294e-05  0.000000e+00  0.000000e+00  0.000000e+00  0.000000e+00  0.000000e+00  0.000000e+00  0.000000e+00  0.000000e+00  0.000000e+00  0.000000e+00  0.000000e+00  0.000000e+00  0.000000e+00  9.100000e-03
7.114046e-05  0.000000e+00  0.000000e+00  0.000000e+00  0.000000e+00  0.000000e+00  0.000000e+00  0.000000e+00  0.000000e+00  0.000000e+00  0.000000e+00  0.000000e+00  0.000000e+00  0.000000e+00  1.030000e-02
7.443369e-05  0.000000e+00  0.000000e+00  0.000000e+00  0.000000e+00  0.000000e+00  0.000000e+00  0.000000e+00  0.000000e+00  0.000000e+00  0.000000e+00  0.000000e+00  0.000000e+00  0.000000e+00  1.330000e-02
7.787937e-05  0.000000e+00  0.000000e+00  0.000000e+00  0.000000e+00  0.000000e+00  0.000000e+00  0.000000e+00  0.000000e+00  0.000000e+00  0.000000e+00  0.000000e+00  0.000000e+00  0.000000e+00  1.180000e-02
8.148455e-05  0.000000e+00  0.000000e+00  0.000000e+00  0.000000e+00  0.000000e+00  0.000000e+00  7.200000e-03  0.000000e+00  0.000000e+00  0.000000e+00  0.000000e+00  0.000000e+00  0.000000e+00  1.240000e-02
8.525663e-05  0.000000e+00  0.000000e+00  0.000000e+00  0.000000e+00  0.000000e+00  0.000000e+00  1.350000e-02  0.000000e+00  0.000000e+00  0.000000e+00  0.000000e+00  0.000000e+00  0.000000e+00  1.350000e-02
8.920332e-05  0.000000e+00  0.000000e+00  0.000000e+00  0.000000e+00  0.000000e+00  0.000000e+00  1.370000e-02  0.000000e+00  0.000000e+00  0.000000e+00  0.000000e+00  0.000000e+00  0.000000e+00  1.370000e-02
9.333271e-05  0.000000e+00  0.000000e+00  0.000000e+00  0.000000e+00  0.000000e+00  0.000000e+00  1.310000e-02  0.000000e+00  0.000000e+00  0.000000e+00  0.000000e+00  0.000000e+00  0.000000e+00  1.310000e-02
9.765326e-05  0.000000e+00  0.000000e+00  0.000000e+00  0.000000e+00  0.000000e+00  0.000000e+00  1.390000e-02  0.000000e+00  0.000000e+00  0.000000e+00  0.000000e+00  0.000000e+00  0.000000e+00  1.390000e-02
1.021738e-04  0.000000e+00  0.000000e+00  0.000000e+00  0.000000e+00  0.000000e+00  0.000000e+00  1.380000e-02  0.000000e+00  0.000000e+00  0.000000e+00  0.000000e+00  0.000000e+00  0.000000e+00  1.380000e-02
1.069036e-04  0.000000e+00  0.000000e+00  0.000000e+00  0.000000e+00  0.000000e+00  0.000000e+00  1.460000e-02  0.000000e+00  0.000000e+00  0.000000e+00  0.000000e+00  0.000000e+00  0.000000e+00  1.460000e-02
1.118524e-04  0.000000e+00  0.000000e+00  0.000000e+00  0.000000e+00  0.000000e+00  0.000000e+00  1.530000e-02  0.000000e+00  0.000000e+00  0.000000e+00  0.000000e+00  0.000000e+00  0.000000e+00  1.530000e-02
1.170303e-04  0.000000e+00  0.000000e+00  0.000000e+00  0.000000e+00  0.000000e+00  0.000000e+00  1.620000e-02  0.000000e+00  0.000000e+00  0.000000e+00  0.000000e+00  0.000000e+00  0.000000e+00  1.620000e-02
1.224478e-04  0.000000e+00  0.000000e+00  0.000000e+00  0.000000e+00  0.000000e+00  0.000000e+00  1.700000e-02  0.000000e+00  0.000000e+00  0.000000e+00  0.000000e+00  0.000000e+00  0.000000e+00  1.700000e-02
1.281162e-04  0.000000e+00  0.000000e+00  0.000000e+00  0.000000e+00  0.000000e+00  0.000000e+00  1.730000e-02  0.000000e+00  0.000000e+00  0.000000e+00  0.000000e+00  0.000000e+00  0.000000e+00  1.730000e-02
1.340469e-04  0.000000e+00  0.000000e+00  0.000000e+00  0.000000e+00  0.000000e+00  0.000000e+00  1.760000e-02  0.000000e+00  0.000000e+00  0.000000e+00  0.000000e+00  0.000000e+00  0.000000e+00  1.760000e-02
1.402522e-04  0.000000e+00  0.000000e+00  0.000000e+00  0.000000e+00  0.000000e+00  0.000000e+00  1.710000e-02  0.000000e+00  0.000000e+00  0.000000e+00  0.000000e+00  0.000000e+00  0.000000e+00  1.710000e-02
1.467447e-04  0.000000e+00  0.000000e+00  0.000000e+00  0.000000e+00  0.000000e+00  0.000000e+00  1.580000e-02  0.000000e+00  0.000000e+00  0.000000e+00  0.000000e+00  0.000000e+00  0.000000e+00  1.580000e-02
1.535378e-04  0.000000e+00  0.000000e+00  0.000000e+00  0.000000e+00  0.000000e+00  0.000000e+00  1.550000e-02  0.000000e+00  0.000000e+00  0.000000e+00  0.000000e+00  0.000000e+00  0.000000e+00  1.550000e-02
1.606454e-04  0.000000e+00  0.000000e+00  0.000000e+00  0.000000e+00  0.000000e+00  0.000000e+00  1.570000e-02  0.000000e+00  0.000000e+00  0.000000e+00  0.000000e+00  0.000000e+00  0.000000e+00  1.570000e-02
1.680820e-04  0.000000e+00  0.000000e+00  0.000000e+00  0.000000e+00  0.000000e+00  0.000000e+00  1.780000e-02  0.000000e+00  0.000000e+00  0.000000e+00  0.000000e+00  0.000000e+00  0.000000e+00  1.780000e-02
1.758628e-04  0.000000e+00  0.000000e+00  0.000000e+00  0.000000e+00  0.000000e+00  0.000000e+00  1.840000e-02  0.000000e+00  0.000000e+00  0.000000e+00  0.000000e+00  0.000000e+00  2.000000e-03  1.840000e-02
1.840038e-04  0.000000e+00  0.000000e+00  0.000000e+00  0.000000e+00  0.000000e+00  0.000000e+00  1.990000e-02  0.000000e+00  0.000000e+00  0.000000e+00  0.000000e+00  0.000000e+00  4.900000e-03  1.990000e-02
1.925217e-04  0.000000e+00  0.000000e+00  0.000000e+00  0.000000e+00  0.000000e+00  0.000000e+00  1.840000e-02  0.000000e+00  0.000000e+00  0.000000e+00  0.000000e+00  0.000000e+00  6.500000e-03  1.840000e-02
2.014339e-04  0.000000e+00  0.000000e+00  0.000000e+00  0.000000e+00  0.000000e+00  0.000000e+00  1.840000e-02  0.000000e+00  0.000000e+00  0.000000e+00  0.000000e+00  0.000000e+00  5.800000e-03  1.840000e-02
2.107587e-04  0.000000e+00  0.000000e+00  0.000000e+00  0.000000e+00  0.000000e+00  0.000000e+00  1.780000e-02  0.000000e+00  0.000000e+00  0.000000e+00  0.000000e+00  0.000000e+00  7.400000e-03  1.780000e-02
2.205151e-04  0.000000e+00  0.000000e+00  0.000000e+00  0.000000e+00  0.000000e+00  0.000000e+00  2.130000e-02  0.000000e+00  0.000000e+00  0.000000e+00  0.000000e+00  0.000000e+00  7.800000e-03  2.130000e-02
2.307232e-04  0.000000e+00  0.000000e+00  0.000000e+00  0.000000e+00  0.000000e+00  0.000000e+00  1.680000e-02  0.000000e+00  0.000000e+00  0.000000e+00  0.000000e+00  0.000000e+00  8.000000e-03  1.680000e-02
2.414038e-04  0.000000e+00  0.000000e+00  0.000000e+00  0.000000e+00  0.000000e+00  0.000000e+00  2.010000e-02  0.000000e+00  0.000000e+00  0.000000e+00  0.000000e+00  0.000000e+00  1.000000e-02  2.010000e-02
2.525788e-04  0.000000e+00  0.000000e+00  0.000000e+00  0.000000e+00  0.000000e+00  0.000000e+00  1.990000e-02  0.000000e+00  0.000000e+00  0.000000e+00  0.000000e+00  0.000000e+00  1.020000e-02  1.990000e-02
2.642712e-04  0.000000e+00  0.000000e+00  0.000000e+00  0.000000e+00  0.000000e+00  0.000000e+00  1.810000e-02  0.000000e+00  0.000000e+00  0.000000e+00  0.000000e+00  0.000000e+00  1.090000e-02  1.810000e-02
2.765048e-04  0.000000e+00  0.000000e+00  0.000000e+00  0.000000e+00  0.000000e+00  0.000000e+00  1.670000e-02  0.000000e+00  0.000000e+00  0.000000e+00  0.000000e+00  0.000000e+00  1.070000e-02  1.670000e-02
2.893047e-04  0.000000e+00  0.000000e+00  0.000000e+00  0.000000e+00  0.000000e+00  0.000000e+00  1.870000e-02  0.000000e+00  0.000000e+00  0.000000e+00  0.000000e+00  1.500000e-03  1.300000e-02  1.870000e-02
3.026972e-04  0.000000e+00  0.000000e+00  0.000000e+00  0.000000e+00  0.000000e+00  0.000000e+00  2.080000e-02  0.000000e+00  0.000000e+00  0.000000e+00  0.000000e+00  4.200000e-03  1.330000e-02  2.080000e-02
3.167096e-04  0.000000e+00  0.000000e+00  0.000000e+00  0.000000e+00  0.000000e+00  0.000000e+00  1.700000e-02  0.000000e+00  0.000000e+00  0.000000e+00  0.000000e+00  6.800000e-03  1.310000e-02  1.700000e-02
3.313707e-04  0.000000e+00  0.000000e+00  0.000000e+00  0.000000e+00  0.000000e+00  6.500000e-03  1.780000e-02  0.000000e+00  0.000000e+00  0.000000e+00  0.000000e+00  6.700000e-03  1.790000e-02  1.780000e-02
3.467105e-04  0.000000e+00  0.000000e+00  0.000000e+00  0.000000e+00  0.000000e+00  1.600000e-02  1.560000e-02  0.000000e+00  0.000000e+00  0.000000e+00  0.000000e+00  8.400000e-03  1.600000e-02  1.560000e-02
3.627604e-04  0.000000e+00  0.000000e+00  0.000000e+00  0.000000e+00  0.000000e+00  1.590000e-02  2.040000e-02  0.000000e+00  0.000000e+00  0.000000e+00  0.000000e+00  9.600000e-03  1.590000e-02  2.040000e-02
3.795533e-04  0.000000e+00  0.000000e+00  0.000000e+00  0.000000e+00  0.000000e+00  1.660000e-02  1.720000e-02  0.000000e+00  0.000000e+00  0.000000e+00  0.000000e+00  9.000000e-03  1.660000e-02  1.720000e-02
3.971235e-04  0.000000e+00  0.000000e+00  0.000000e+00  0.000000e+00  0.000000e+00  1.760000e-02  1.750000e-02  0.000000e+00  0.000000e+00  0.000000e+00  0.000000e+00  1.230000e-02  1.760000e-02  1.750000e-02
4.155071e-04  0.000000e+00  0.000000e+00  0.000000e+00  0.000000e+00  0.000000e+00  1.630000e-02  1.520000e-02  0.000000e+00  0.000000e+00  0.000000e+00  0.000000e+00  1.170000e-02  1.630000e-02  1.520000e-02
4.347418e-04  0.000000e+00  0.000000e+00  0.000000e+00  0.000000e+00  0.000000e+00  1.410000e-02  1.620000e-02  0.000000e+00  0.000000e+00  0.000000e+00  0.000000e+00  1.160000e-02  1.410000e-02  1.620000e-02
4.548668e-04  0.000000e+00  0.000000e+00  0.000000e+00  0.000000e+00  0.000000e+00  1.850000e-02  1.590000e-02  0.000000e+00  0.000000e+00  0.000000e+00  0.000000e+00  1.380000e-02  1.850000e-02  1.590000e-02
4.759234e-04  0.000000e+00  0.000000e+00  0.000000e+00  0.000000e+00  0.000000e+00  2.070000e-02  1.360000e-02  0.000000e+00  0.000000e+00  0.000000e+00  0.000000e+00  1.310000e-02  2.070000e-02  1.360000e-02
4.979548e-04  0.000000e+00  0.000000e+00  0.000000e+00  0.000000e+00  0.000000e+00  1.960000e-02  1.320000e-02  0.000000e+00  0.000000e+00  0.000000e+00  4.500000e-03  1.460000e-02  1.960000e-02  1.430000e-02
5.210061e-04  0.000000e+00  0.000000e+00  0.000000e+00  0.000000e+00  3.800000e-03  2.130000e-02  0.000000e+00  0.000000e+00  0.000000e+00  0.000000e+00  5.800000e-03  1.550000e-02  2.130000e-02  1.310000e-02
5.451245e-04  0.000000e+00  0.000000e+00  0.000000e+00  0.000000e+00  1.590000e-02  2.310000e-02  0.000000e+00  0.000000e+00  0.000000e+00  0.000000e+00  6.300000e-03  1.590000e-02  2.310000e-02  1.260000e-02
5.703593e-04  0.000000e+00  0.000000e+00  0.000000e+00  0.000000e+00  1.780000e-02  2.110000e-02  0.000000e+00  0.000000e+00  0.000000e+00  0.000000e+00  6.600000e-03  1.780000e-02  2.110000e-02  1.280000e-02
5.967624e-04  0.000000e+00  0.000000e+00  0.000000e+00  0.000000e+00  1.860000e-02  1.980000e-02  0.000000e+00  0.000000e+00  0.000000e+00  0.000000e+00  8.400000e-03  1.860000e-02  1.980000e-02  1.110000e-02
6.243876e-04  0.000000e+00  0.000000e+00  0.000000e+00  0.000000e+00  1.710000e-02  2.460000e-02  0.000000e+00  0.000000e+00  0.000000e+00  0.000000e+00  9.400000e-03  1.710000e-02  2.460000e-02  9.900000e-03
6.532917e-04  0.000000e+00  0.000000e+00  0.000000e+00  0.000000e+00  1.860000e-02  2.130000e-02  0.000000e+00  0.000000e+00  0.000000e+00  0.000000e+00  1.180000e-02  1.860000e-02  2.130000e-02  9.300000e-03
6.835338e-04  0.000000e+00  0.000000e+00  0.000000e+00  0.000000e+00  2.120000e-02  2.480000e-02  0.000000e+00  0.000000e+00  0.000000e+00  0.000000e+00  1.290000e-02  2.120000e-02  2.480000e-02  9.600000e-03
7.151759e-04  0.000000e+00  0.000000e+00  0.000000e+00  0.000000e+00  1.920000e-02  2.380000e-02  0.000000e+00  0.000000e+00  0.000000e+00  0.000000e+00  1.410000e-02  1.920000e-02  2.380000e-02  8.100000e-03
7.482828e-04  0.000000e+00  0.000000e+00  0.000000e+00  0.000000e+00  2.100000e-02  2.500000e-02  0.000000e+00  0.000000e+00  0.000000e+00  0.000000e+00  1.370000e-02  2.100000e-02  2.500000e-02  6.500000e-03
7.829222e-04  0.000000e+00  0.000000e+00  0.000000e+00  0.000000e+00  2.400000e-02  2.120000e-02  0.000000e+00  0.000000e+00  0.000000e+00  0.000000e+00  1.490000e-02  2.400000e-02  2.120000e-02  7.200000e-03
8.191652e-04  0.000000e+00  0.000000e+00  0.000000e+00  0.000000e+00  2.350000e-02  2.200000e-02  0.000000e+00  0.000000e+00  0.000000e+00  0.000000e+00  1.660000e-02  2.350000e-02  2.200000e-02  5.100000e-03
8.570859e-04  0.000000e+00  0.000000e+00  0.000000e+00  8.500000e-03  2.380000e-02  2.110000e-02  0.000000e+00  0.000000e+00  0.000000e+00  0.000000e+00  1.850000e-02  2.380000e-02  2.110000e-02  6.400000e-03
8.967621e-04  0.000000e+00  0.000000e+00  0.000000e+00  1.720000e-02  2.410000e-02  2.190000e-02  0.000000e+00  0.000000e+00  0.000000e+00  0.000000e+00  1.720000e-02  2.410000e-02  2.190000e-02  4.500000e-03
9.382749e-04  0.000000e+00  0.000000e+00  0.000000e+00  1.830000e-02  2.490000e-02  2.230000e-02  0.000000e+00  0.000000e+00  0.000000e+00  4.400000e-03  1.830000e-02  2.490000e-02  2.230000e-02  4.400000e-03
9.817094e-04  0.000000e+00  0.000000e+00  0.000000e+00  1.970000e-02  2.520000e-02  2.300000e-02  0.000000e+00  0.000000e+00  0.000000e+00  6.100000e-03  1.970000e-02  2.520000e-02  2.300000e-02  4.000000e-03
1.027155e-03  0.000000e+00  0.000000e+00  0.000000e+00  1.960000e-02  2.540000e-02  2.390000e-02  0.000000e+00  0.000000e+00  0.000000e+00  8.500000e-03  1.960000e-02  2.540000e-02  2.390000e-02  3.500000e-03
1.074704e-03  0.000000e+00  0.000000e+00  0.000000e+00  2.110000e-02  2.820000e-02  2.330000e-02  0.000000e+00  0.000000e+00  0.000000e+00  7.200000e-03  2.110000e-02  2.820000e-02  2.330000e-02  3.000000e-03
1.124454e-03  0.000000e+00  0.000000e+00  0.000000e+00  2.380000e-02  2.620000e-02  1.950000e-02  0.000000e+00  0.000000e+00  0.000000e+00  1.110000e-02  2.380000e-02  2.620000e-02  1.950000e-02  2.300000e-03
1.176507e-03  0.000000e+00  0.000000e+00  0.000000e+00  2.150000e-02  2.580000e-02  2.130000e-02  0.000000e+00  0.000000e+00  0.000000e+00  1.060000e-02  2.150000e-02  2.580000e-02  2.130000e-02  5.000000e-04
1.230969e-03  0.000000e+00  0.000000e+00  0.000000e+00  2.560000e-02  2.330000e-02  2.170000e-02  0.000000e+00  0.000000e+00  0.000000e+00  1.280000e-02  2.560000e-02  2.330000e-02  2.170000e-02  0.000000e+00
1.287953e-03  0.000000e+00  0.000000e+00  0.000000e+00  2.500000e-02  2.440000e-02  2.010000e-02  0.000000e+00  0.000000e+00  0.000000e+00  1.370000e-02  2.500000e-02  2.440000e-02  2.010000e-02  0.000000e+00
1.347575e-03  0.000000e+00  0.000000e+00  0.000000e+00  2.850000e-02  2.360000e-02  1.930000e-02  0.000000e+00  0.000000e+00  0.000000e+00  1.660000e-02  2.850000e-02  2.360000e-02  1.930000e-02  0.000000e+00
1.409957e-03  0.000000e+00  0.000000e+00  0.000000e+00  2.810000e-02  2.420000e-02  2.040000e-02  0.000000e+00  0.000000e+00  0.000000e+00  1.290000e-02  2.810000e-02  2.420000e-02  2.040000e-02  0.000000e+00
1.475227e-03  0.000000e+00  0.000000e+00  0.000000e+00  2.720000e-02  2.560000e-02  1.240000e-02  0.000000e+00  0.000000e+00  3.000000e-04  1.650000e-02  2.720000e-02  2.560000e-02  1.620000e-02  0.000000e+00
1.543518e-03  0.000000e+00  0.000000e+00  5.000000e-04  3.000000e-02  2.510000e-02  0.000000e+00  0.000000e+00  0.000000e+00  4.800000e-03  1.510000e-02  3.000000e-02  2.510000e-02  1.530000e-02  0.000000e+00
1.614970e-03  0.000000e+00  0.000000e+00  2.100000e-02  3.010000e-02  2.500000e-02  0.000000e+00  0.000000e+00  0.000000e+00  6.200000e-03  2.100000e-02  3.010000e-02  2.500000e-02  1.600000e-02  0.000000e+00
1.689730e-03  0.000000e+00  0.000000e+00  2.270000e-02  2.710000e-02  2.340000e-02  0.000000e+00  0.000000e+00  0.000000e+00  8.400000e-03  2.270000e-02  2.710000e-02  2.340000e-02  1.390000e-02  0.000000e+00
1.767951e-03  0.000000e+00  0.000000e+00  2.190000e-02  2.960000e-02  2.320000e-02  0.000000e+00  0.000000e+00  0.000000e+00  9.100000e-03  2.190000e-02  2.960000e-02  2.320000e-02  1.430000e-02  0.000000e+00
1.849793e-03  0.000000e+00  0.000000e+00  2.290000e-02  2.890000e-02  1.970000e-02  0.000000e+00  0.000000e+00  0.000000e+00  9.100000e-03  2.290000e-02  2.890000e-02  1.970000e-02  1.370000e-02  0.000000e+00
1.935423e-03  0.000000e+00  0.000000e+00  2.280000e-02  2.630000e-02  1.880000e-02  0.000000e+00  0.000000e+00  0.000000e+00  1.160000e-02  2.280000e-02  2.630000e-02  1.880000e-02  1.070000e-02  0.000000e+00
2.025018e-03  0.000000e+00  0.000000e+00  2.580000e-02  2.930000e-02  1.940000e-02  0.000000e+00  0.000000e+00  0.000000e+00  1.410000e-02  2.580000e-02  2.930000e-02  2.170000e-02  1.000000e-02  0.000000e+00
2.118760e-03  0.000000e+00  0.000000e+00  2.910000e-02  2.550000e-02  0.000000e+00  0.000000e+00  0.000000e+00  0.000000e+00  1.450000e-02  2.910000e-02  2.550000e-02  1.740000e-02  7.600000e-03  0.000000e+00
2.216841e-03  0.000000e+00  0.000000e+00  2.600000e-02  2.570000e-02  0.000000e+00  0.000000e+00  0.000000e+00  0.000000e+00  1.490000e-02  2.600000e-02  2.570000e-02  1.570000e-02  6.700000e-03  0.000000e+00
2.319463e-03  0.000000e+00  0.000000e+00  3.240000e-02  2.620000e-02  0.000000e+00  0.000000e+00  0.000000e+00  0.000000e+00  1.680000e-02  3.240000e-02  2.620000e-02  1.570000e-02  6.700000e-03  0.000000e+00
2.426835e-03  0.000000e+00  0.000000e+00  3.200000e-02  2.700000e-02  0.000000e+00  0.000000e+00  0.000000e+00  0.000000e+00  1.960000e-02  3.200000e-02  2.700000e-02  1.510000e-02  5.300000e-03  0.000000e+00
2.539178e-03  0.000000e+00  1.290000e-02  3.120000e-02  2.200000e-02  0.000000e+00  0.000000e+00  0.000000e+00  0.000000e+00  1.850000e-02  3.120000e-02  2.200000e-02  1.220000e-02  4.300000e-03  0.000000e+00
2.656721e-03  0.000000e+00  2.080000e-02  3.170000e-02  2.590000e-02  0.000000e+00  0.000000e+00  0.000000e+00  0.000000e+00  2.080000e-02  3.170000e-02  2.590000e-02  1.100000e-02  4.300000e-03  0.000000e+00
2.779706e-03  0.000000e+00  2.410000e-02  3.240000e-02  2.190000e-02  0.000000e+00  0.000000e+00  0.000000e+00  0.000000e+00  2.410000e-02  3.240000e-02  2.190000e-02  1.020000e-02  2.400000e-03  0.000000e+00
2.908384e-03  0.000000e+00  2.190000e-02  3.470000e-02  1.990000e-02  0.000000e+00  0.000000e+00  0.000000e+00  0.000000e+00  2.190000e-02  3.470000e-02  1.990000e-02  6.700000e-03  0.000000e+00  0.000000e+00
3.043019e-03  0.000000e+00  2.830000e-02  3.290000e-02  5.000000e-04  0.000000e+00  0.000000e+00  0.000000e+00  0.000000e+00  2.830000e-02  3.290000e-02  1.760000e-02  7.400000e-03  0.000000e+00  0.000000e+00
3.183886e-03  0.000000e+00  2.920000e-02  2.900000e-02  0.000000e+00  0.000000e+00  0.000000e+00  0.000000e+00  0.000000e+00  2.920000e-02  2.900000e-02  1.870000e-02  6.200000e-03  0.000000e+00  0.000000e+00
3.331274e-03  0.000000e+00  2.970000e-02  3.440000e-02  0.000000e+00  0.000000e+00  0.000000e+00  0.000000e+00  0.000000e+00  2.970000e-02  3.440000e-02  1.460000e-02  5.700000e-03  0.000000e+00  0.000000e+00
3.485485e-03  0.000000e+00  3.030000e-02  2.930000e-02  0.000000e+00  0.000000e+00  0.000000e+00  0.000000e+00  0.000000e+00  3.030000e-02  2.930000e-02  1.550000e-02  4.900000e-03  0.000000e+00  0.000000e+00
3.646835e-03  0.000000e+00  3.090000e-02  3.050000e-02  0.000000e+00  0.000000e+00  0.000000e+00  0.000000e+00  0.000000e+00  3.090000e-02  3.050000e-02  1.220000e-02  4.500000e-03  0.000000e+00  0.000000e+00
3.815654e-03  0.000000e+00  3.690000e-02  2.900000e-02  0.000000e+00  0.000000e+00  0.000000e+00  0.000000e+00  2.600000e-03  3.690000e-02  2.900000e-02  1.110000e-02  0.000000e+00  0.000000e+00  0.000000e+00
3.992288e-03  0.000000e+00  3.030000e-02  2.650000e-02  0.000000e+00  0.000000e+00  0.000000e+00  0.000000e+00  5.000000e-03  3.030000e-02  2.650000e-02  1.030000e-02  0.000000e+00  0.000000e+00  0.000000e+00
4.177098e-03  0.000000e+00  3.700000e-02  2.540000e-02  0.000000e+00  0.000000e+00  0.000000e+00  0.000000e+00  5.600000e-03  3.700000e-02  2.540000e-02  8.500000e-03  0.000000e+00  0.000000e+00  0.000000e+00
4.370464e-03  0.000000e+00  3.940000e-02  2.220000e-02  0.000000e+00  0.000000e+00  0.000000e+00  0.000000e+00  5.200000e-03  3.940000e-02  2.220000e-02  7.300000e-03  0.000000e+00  0.000000e+00  0.000000e+00
4.572781e-03  0.000000e+00  3.360000e-02  2.280000e-02  0.000000e+00  0.000000e+00  0.000000e+00  0.000000e+00  9.600000e-03  3.360000e-02  2.280000e-02  4.900000e-03  0.000000e+00  0.000000e+00  0.000000e+00
4.784464e-03  0.000000e+00  3.230000e-02  1.090000e-02  0.000000e+00  0.000000e+00  0.000000e+00  0.000000e+00  1.040000e-02  3.230000e-02  2.030000e-02  5.700000e-03  0.000000e+00  0.000000e+00  0.000000e+00
5.005946e-03  0.000000e+00  3.580000e-02  0.000000e+00  0.000000e+00  0.000000e+00  0.000000e+00  0.000000e+00  1.230000e-02  3.580000e-02  1.610000e-02  4.600000e-03  0.000000e+00  0.000000e+00  0.000000e+00
5.237681e-03  0.000000e+00  3.210000e-02  0.000000e+00  0.000000e+00  0.000000e+00  0.000000e+00  0.000000e+00  1.330000e-02  3.210000e-02  1.710000e-02  4.500000e-03  0.000000e+00  0.000000e+00  0.000000e+00
5.480143e-03  0.000000e+00  3.190000e-02  0.000000e+00  0.000000e+00  0.000000e+00  0.000000e+00  0.000000e+00  1.710000e-02  3.190000e-02  1.500000e-02  0.000000e+00  0.000000e+00  0.000000e+00  0.000000e+00
5.733829e-03  0.000000e+00  3.020000e-02  0.000000e+00  0.000000e+00  0.000000e+00  0.000000e+00  0.000000e+00  1.620000e-02  3.020000e-02  1.340000e-02  0.000000e+00  0.000000e+00  0.000000e+00  0.000000e+00
5.999259e-03  0.000000e+00  2.900000e-02  0.000000e+00  0.000000e+00  0.000000e+00  0.000000e+00  0.000000e+00  1.800000e-02  2.900000e-02  1.190000e-02  0.000000e+00  0.000000e+00  0.000000e+00  0.000000e+00
6.276976e-03  0.000000e+00  2.750000e-02  0.000000e+00  0.000000e+00  0.000000e+00  0.000000e+00  0.000000e+00  1.790000e-02  2.750000e-02  1.050000e-02  0.000000e+00  0.000000e+00  0.000000e+00  0.000000e+00
6.567550e-03  2.140000e-02  2.380000e-02  0.000000e+00  0.000000e+00  0.000000e+00  0.000000e+00  0.000000e+00  2.320000e-02  2.380000e-02  8.500000e-03  0.000000e+00  0.000000e+00  0.000000e+00  0.000000e+00
6.871574e-03  2.350000e-02  2.190000e-02  0.000000e+00  0.000000e+00  0.000000e+00  0.000000e+00  0.000000e+00  2.350000e-02  2.190000e-02  7.900000e-03  0.000000e+00  0.000000e+00  0.000000e+00  0.000000e+00
7.189672e-03  2.730000e-02  1.020000e-02  0.000000e+00  0.000000e+00  0.000000e+00  0.000000e+00  0.000000e+00  2.730000e-02  1.840000e-02  8.200000e-03  0.000000e+00  0.000000e+00  0.000000e+00  0.000000e+00
7.522496e-03  3.100000e-02  0.000000e+00  0.000000e+00  0.000000e+00  0.000000e+00  0.000000e+00  0.000000e+00  3.100000e-02  1.810000e-02  5.500000e-03  0.000000e+00  0.000000e+00  0.000000e+00  0.000000e+00
7.870727e-03  2.980000e-02  0.000000e+00  0.000000e+00  0.000000e+00  0.000000e+00  0.000000e+00  0.000000e+00  2.980000e-02  1.600000e-02  6.500000e-03  0.000000e+00  0.000000e+00  0.000000e+00  0.000000e+00
8.235078e-03  3.120000e-02  0.000000e+00  0.000000e+00  0.000000e+00  0.000000e+00  0.000000e+00  0.000000e+00  3.120000e-02  1.570000e-02  3.700000e-03  0.000000e+00  0.000000e+00  0.000000e+00  0.000000e+00
8.616295e-03  3.410000e-02  0.000000e+00  0.000000e+00  0.000000e+00  0.000000e+00  0.000000e+00  0.000000e+00  3.410000e-02  1.300000e-02  1.300000e-03  0.000000e+00  0.000000e+00  0.000000e+00  0.000000e+00
9.015160e-03  3.660000e-02  0.000000e+00  0.000000e+00  0.000000e+00  0.000000e+00  0.000000e+00  0.000000e+00  3.660000e-02  1.240000e-02  0.000000e+00  0.000000e+00  0.000000e+00  0.000000e+00  0.000000e+00
9.432489e-03  3.560000e-02  0.000000e+00  0.000000e+00  0.000000e+00  0.000000e+00  0.000000e+00  0.000000e+00  3.560000e-02  1.080000e-02  0.000000e+00  0.000000e+00  0.000000e+00  0.000000e+00  0.000000e+00
9.869137e-03  3.960000e-02  0.000000e+00  0.000000e+00  0.000000e+00  0.000000e+00  0.000000e+00  0.000000e+00  3.960000e-02  9.400000e-03  0.000000e+00  0.000000e+00  0.000000e+00  0.000000e+00  0.000000e+00
1.032600e-02  3.850000e-02  0.000000e+00  0.000000e+00  0.000000e+00  0.000000e+00  0.000000e+00  0.000000e+00  3.850000e-02  7.300000e-03  0.000000e+00  0.000000e+00  0.000000e+00  0.000000e+00  0.000000e+00
1.080401e-02  4.120000e-02  0.000000e+00  0.000000e+00  0.000000e+00  0.000000e+00  0.000000e+00  0.000000e+00  4.120000e-02  8.000000e-03  0.000000e+00  0.000000e+00  0.000000e+00  0.000000e+00  0.000000e+00
1.130415e-02  3.840000e-02  0.000000e+00  0.000000e+00  0.000000e+00  0.000000e+00  0.000000e+00  0.000000e+00  3.840000e-02  7.100000e-03  0.000000e+00  0.000000e+00  0.000000e+00  0.000000e+00  0.000000e+00
1.182744e-02  3.620000e-02  0.000000e+00  0.000000e+00  0.000000e+00  0.000000e+00  0.000000e+00  0.000000e+00  3.620000e-02  4.100000e-03  0.000000e+00  0.000000e+00  0.000000e+00  0.000000e+00  0.000000e+00
1.237495e-02  3.370000e-02  0.000000e+00  0.000000e+00  0.000000e+00  0.000000e+00  0.000000e+00  0.000000e+00  3.370000e-02  4.400000e-03  0.000000e+00  0.000000e+00  0.000000e+00  0.000000e+00  0.000000e+00
1.294781e-02  3.360000e-02  0.000000e+00  0.000000e+00  0.000000e+00  0.000000e+00  0.000000e+00  0.000000e+00  3.360000e-02  5.000000e-04  0.000000e+00  0.000000e+00  0.000000e+00  0.000000e+00  0.000000e+00
1.354719e-02  2.770000e-02  0.000000e+00  0.000000e+00  0.000000e+00  0.000000e+00  0.000000e+00  0.000000e+00  2.770000e-02  0.000000e+00  0.000000e+00  0.000000e+00  0.000000e+00  0.000000e+00  0.000000e+00
1.417432e-02  2.780000e-02  0.000000e+00  0.000000e+00  0.000000e+00  0.000000e+00  0.000000e+00  0.000000e+00  2.780000e-02  0.000000e+00  0.000000e+00  0.000000e+00  0.000000e+00  0.000000e+00  0.000000e+00
1.483047e-02  2.570000e-02  0.000000e+00  0.000000e+00  0.000000e+00  0.000000e+00  0.000000e+00  0.000000e+00  2.570000e-02  0.000000e+00  0.000000e+00  0.000000e+00  0.000000e+00  0.000000e+00  0.000000e+00
1.551700e-02  2.620000e-02  0.000000e+00  0.000000e+00  0.000000e+00  0.000000e+00  0.000000e+00  0.000000e+00  2.620000e-02  0.000000e+00  0.000000e+00  0.000000e+00  0.000000e+00  0.000000e+00  0.000000e+00
1.623531e-02  2.540000e-02  0.000000e+00  0.000000e+00  0.000000e+00  0.000000e+00  0.000000e+00  0.000000e+00  2.540000e-02  0.000000e+00  0.000000e+00  0.000000e+00  0.000000e+00  0.000000e+00  0.000000e+00
1.698688e-02  1.550000e-02  0.000000e+00  0.000000e+00  0.000000e+00  0.000000e+00  0.000000e+00  0.000000e+00  2.040000e-02  0.000000e+00  0.000000e+00  0.000000e+00  0.000000e+00  0.000000e+00  0.000000e+00
1.777323e-02  0.000000e+00  0.000000e+00  0.000000e+00  0.000000e+00  0.000000e+00  0.000000e+00  0.000000e+00  1.810000e-02  0.000000e+00  0.000000e+00  0.000000e+00  0.000000e+00  0.000000e+00  0.000000e+00
1.859599e-02  0.000000e+00  0.000000e+00  0.000000e+00  0.000000e+00  0.000000e+00  0.000000e+00  0.000000e+00  1.660000e-02  0.000000e+00  0.000000e+00  0.000000e+00  0.000000e+00  0.000000e+00  0.000000e+00
1.945683e-02  0.000000e+00  0.000000e+00  0.000000e+00  0.000000e+00  0.000000e+00  0.000000e+00  0.000000e+00  1.280000e-02  0.000000e+00  0.000000e+00  0.000000e+00  0.000000e+00  0.000000e+00  0.000000e+00
2.035753e-02  0.000000e+00  0.000000e+00  0.000000e+00  0.000000e+00  0.000000e+00  0.000000e+00  0.000000e+00  1.670000e-02  0.000000e+00  0.000000e+00  0.000000e+00  0.000000e+00  0.000000e+00  0.000000e+00
2.129992e-02  0.000000e+00  0.000000e+00  0.000000e+00  0.000000e+00  0.000000e+00  0.000000e+00  0.000000e+00  1.230000e-02  0.000000e+00  0.000000e+00  0.000000e+00  0.000000e+00  0.000000e+00  0.000000e+00
2.228593e-02  0.000000e+00  0.000000e+00  0.000000e+00  0.000000e+00  0.000000e+00  0.000000e+00  0.000000e+00  1.250000e-02  0.000000e+00  0.000000e+00  0.000000e+00  0.000000e+00  0.000000e+00  0.000000e+00
2.331759e-02  0.000000e+00  0.000000e+00  0.000000e+00  0.000000e+00  0.000000e+00  0.000000e+00  0.000000e+00  8.900000e-03  0.000000e+00  0.000000e+00  0.000000e+00  0.000000e+00  0.000000e+00  0.000000e+00
2.439700e-02  0.000000e+00  0.000000e+00  0.000000e+00  0.000000e+00  0.000000e+00  0.000000e+00  0.000000e+00  7.500000e-03  0.000000e+00  0.000000e+00  0.000000e+00  0.000000e+00  0.000000e+00  0.000000e+00
2.552639e-02  0.000000e+00  0.000000e+00  0.000000e+00  0.000000e+00  0.000000e+00  0.000000e+00  0.000000e+00  6.900000e-03  0.000000e+00  0.000000e+00  0.000000e+00  0.000000e+00  0.000000e+00  0.000000e+00
2.670805e-02  0.000000e+00  0.000000e+00  0.000000e+00  0.000000e+00  0.000000e+00  0.000000e+00  0.000000e+00  5.200000e-03  0.000000e+00  0.000000e+00  0.000000e+00  0.000000e+00  0.000000e+00  0.000000e+00
2.794442e-02  0.000000e+00  0.000000e+00  0.000000e+00  0.000000e+00  0.000000e+00  0.000000e+00  0.000000e+00  3.900000e-03  0.000000e+00  0.000000e+00  0.000000e+00  0.000000e+00  0.000000e+00  0.000000e+00
2.923802e-02  0.000000e+00  0.000000e+00  0.000000e+00  0.000000e+00  0.000000e+00  0.000000e+00  0.000000e+00  5.300000e-03  0.000000e+00  0.000000e+00  0.000000e+00  0.000000e+00  0.000000e+00  0.000000e+00
3.059150e-02  0.000000e+00  0.000000e+00  0.000000e+00  0.000000e+00  0.000000e+00  0.000000e+00  0.000000e+00  3.400000e-03  0.000000e+00  0.000000e+00  0.000000e+00  0.000000e+00  0.000000e+00  0.000000e+00
