1.928126e-03  0.000000e+00  0.000000e+00  0.000000e+00  0.000000e+00  0.000000e+00  0.000000e+00  0.000000e+00  0.000000e+00  0.000000e+00  0.000000e+00  0.000000e+00  0.000000e+00  0.000000e+00  5.800000e-03
2.018171e-03  0.000000e+00  0.000000e+00  0.000000e+00  0.000000e+00  0.000000e+00  0.000000e+00  0.000000e+00  0.000000e+00  0.000000e+00  0.000000e+00  0.000000e+00  0.000000e+00  0.000000e+00  6.600000e-03
2.112421e-03  0.000000e+00  0.000000e+00  0.000000e+00  0.000000e+00  0.000000e+00  0.000000e+00  0.000000e+00  0.000000e+00  0.000000e+00  0.000000e+00  0.000000e+00  0.000000e+00  0.000000e+00  5.100000e-03
2.211073e-03  0.000000e+00  0.000000e+00  0.000000e+00  0.000000e+00  0.000000e+00  0.000000e+00  0.000000e+00  0.000000e+00  0.000000e+00  0.000000e+00  0.000000e+00  0.000000e+00  0.000000e+00  7.000000e-03
2.314333e-03  0.000000e+00  0.000000e+00  0.000000e+00  0.000000e+00  0.000000e+00  0.000000e+00  0.000000e+00  0.000000e+00  0.000000e+00  0.000000e+00  0.000000e+00  0.000000e+00  0.000000e+00  5.800000e-03
2.422414e-03  0.000000e+00  0.000000e+00  0.000000e+00  0.000000e+00  0.000000e+00  0.000000e+00  0.000000e+00  0.000000e+00  0.000000e+00  0.000000e+00  0.000000e+00  0.000000e+00  0.000000e+00  9.200000e-03
2.535543e-03  0.000000e+00  0.000000e+00  0.000000e+00  0.000000e+00  0.000000e+00  0.000000e+00  0.000000e+00  0.000000e+00  0.000000e+00  0.000000e+00  0.000000e+00  0.000000e+00  0.000000e+00  7.300000e-03
2.653955e-03  0.000000e+00  0.000000e+00  0.000000e+00  0.000000e+00  0.000000e+00  0.000000e+00  0.000000e+00  0.000000e+00  0.000000e+00  0.000000e+00  0.000000e+00  0.000000e+00  0.000000e+00  1.070000e-02
2.777897e-03  0.000000e+00  0.000000e+00  0.000000e+00  0.000000e+00  0.000000e+00  0.000000e+00  0.000000e+00  0.000000e+00  0.000000e+00  0.000000e+00  0.000000e+00  0.000000e+00  0.000000e+00  1.210000e-02
2.907627e-03  0.000000e+00  0.000000e+00  0.000000e+00  0.000000e+00  0.000000e+00  0.000000e+00  0.000000e+00  0.000000e+00  0.000000e+00  0.000000e+00  0.000000e+00  0.000000e+00  0.000000e+00  1.050000e-02
3.043416e-03  0.000000e+00  0.000000e+00  0.000000e+00  0.000000e+00  0.000000e+00  0.000000e+00  0.000000e+00  0.000000e+00  0.000000e+00  0.000000e+00  0.000000e+00  0.000000e+00  0.000000e+00  1.220000e-02
3.185546e-03  0.000000e+00  0.000000e+00  0.000000e+00  0.000000e+00  0.000000e+00  0.000000e+00  0.000000e+00  0.000000e+00  0.000000e+00  0.000000e+00  0.000000e+00  0.000000e+00  0.000000e+00  1.430000e-02
3.334314e-03  0.000000e+00  0.000000e+00  0.000000e+00  0.000000e+00  0.000000e+00  0.000000e+00  0.000000e+00  0.000000e+00  0.000000e+00  0.000000e+00  0.000000e+00  0.000000e+00  0.000000e+00  1.400000e-02
3.490029e-03  0.000000e+00  0.000000e+00  0.000000e+00  0.000000e+00  0.000000e+00  0.000000e+00  0.000000e+00  0.000000e+00  0.000000e+00  0.000000e+00  0.000000e+00  0.000000e+00  0.000000e+00  1.180000e-02
3.653017e-03  0.000000e+00  0.000000e+00  0.000000e+00  0.000000e+00  0.000000e+00  0.000000e+00  1.300000e-02  0.000000e+00  0.000000e+00  0.000000e+00  0.000000e+00  0.000000e+00  0.000000e+00  1.560000e-02
3.823616e-03  0.000000e+00  0.000000e+00  0.000000e+00  0.000000e+00  0.000000e+00  0.000000e+00  1.350000e-02  0.000000e+00  0.000000e+00  0.000000e+00  0.000000e+00  0.000000e+00  0.000000e+00  1.350000e-02
4.002182e-03  0.000000e+00  0.000000e+00  0.000000e+00  0.000000e+00  0.000000e+00  0.000000e+00  1.760000e-02  0.000000e+00  0.000000e+00  0.000000e+00  0.000000e+00  0.000000e+00  0.000000e+00  1.760000e-02
4.189087e-03  0.000000e+00  0.000000e+00  0.000000e+00  0.000000e+00  0.000000e+00  0.000000e+00  1.470000e-02  0.000000e+00  0.000000e+00  0.000000e+00  0.000000e+00  0.000000e+00  0.000000e+00  1.470000e-02
4.384721e-03  0.000000e+00  0.000000e+00  0.000000e+00  0.000000e+00  0.000000e+00  0.000000e+00  1.710000e-02  0.000000e+00  0.000000e+00  0.000000e+00  0.000000e+00  0.000000e+00  0.000000e+00  1.710000e-02
4.589492e-03  0.000000e+00  0.000000e+00  0.000000e+00  0.000000e+00  0.000000e+00  0.000000e+00  1.650000e-02  0.000000e+00  0.000000e+00  0.000000e+00  0.000000e+00  0.000000e+00  0.000000e+00  1.650000e-02
4.803825e-03  0.000000e+00  0.000000e+00  0.000000e+00  0.000000e+00  0.000000e+00  0.000000e+00  1.620000e-02  0.000000e+00  0.000000e+00  0.000000e+00  0.000000e+00  0.000000e+00  0.000000e+00  1.620000e-02
5.028168e-03  0.000000e+00  0.000000e+00  0.000000e+00  0.000000e+00  0.000000e+00  0.000000e+00  1.690000e-02  0.000000e+00  0.000000e+00  0.000000e+00  0.000000e+00  0.000000e+00  0.000000e+00  1.690000e-02
5.262988e-03  0.000000e+00  0.000000e+00  0.000000e+00  0.000000e+00  0.000000e+00  0.000000e+00  1.860000e-02  0.000000e+00  0.000000e+00  0.000000e+00  0.000000e+00  0.000000e+00  0.000000e+00  1.860000e-02
5.508774e-03  0.000000e+00  0.000000e+00  0.000000e+00  0.000000e+00  0.000000e+00  0.000000e+00  1.720000e-02  0.000000e+00  0.000000e+00  0.000000e+00  0.000000e+00  0.000000e+00  0.000000e+00  1.720000e-02
5.766039e-03  0.000000e+00  0.000000e+00  0.000000e+00  0.000000e+00  0.000000e+00  0.000000e+00  1.640000e-02  0.000000e+00  0.000000e+00  0.000000e+00  0.000000e+00  0.000000e+00  0.000000e+00  1.640000e-02
6.035318e-03  0.000000e+00  0.000000e+00  0.000000e+00  0.000000e+00  0.000000e+00  0.000000e+00  1.740000e-02  0.000000e+00  0.000000e+00  0.000000e+00  0.000000e+00  0.000000e+00  0.000000e+00  1.740000e-02
6.317172e-03  0.000000e+00  0.000000e+00  0.000000e+00  0.000000e+00  0.000000e+00  0.000000e+00  1.430000e-02  0.000000e+00  0.000000e+00  0.000000e+00  0.000000e+00  0.000000e+00  0.000000e+00  1.430000e-02
6.612190e-03  0.000000e+00  0.000000e+00  0.000000e+00  0.000000e+00  0.000000e+00  0.000000e+00  1.680000e-02  0.000000e+00  0.000000e+00  0.000000e+00  0.000000e+00  0.000000e+00  0.000000e+00  1.680000e-02
6.920985e-03  0.000000e+00  0.000000e+00  0.000000e+00  0.000000e+00  0.000000e+00  0.000000e+00  1.670000e-02  0.000000e+00  0.000000e+00  0.000000e+00  0.000000e+00  0.000000e+00  0.000000e+00  1.670000e-02
7.244201e-03  0.000000e+00  0.000000e+00  0.000000e+00  0.000000e+00  0.000000e+00  0.000000e+00  1.790000e-02  0.000000e+00  0.000000e+00  0.000000e+00  0.000000e+00  0.000000e+00  0.000000e+00  1.790000e-02
7.582512e-03  0.000000e+00  0.000000e+00  0.000000e+00  0.000000e+00  0.000000e+00  0.000000e+00  1.880000e-02  0.000000e+00  0.000000e+00  0.000000e+00  0.000000e+00  0.000000e+00  0.000000e+00  1.880000e-02
7.936622e-03  0.000000e+00  0.000000e+00  0.000000e+00  0.000000e+00  0.000000e+00  0.000000e+00  1.650000e-02  0.000000e+00  0.000000e+00  0.000000e+00  0.000000e+00  0.000000e+00  0.000000e+00  1.650000e-02
8.307269e-03  0.000000e+00  0.000000e+00  0.000000e+00  0.000000e+00  0.000000e+00  0.000000e+00  1.930000e-02  0.000000e+00  0.000000e+00  0.000000e+00  0.000000e+00  0.000000e+00  0.000000e+00  1.930000e-02
8.695226e-03  0.000000e+00  0.000000e+00  0.000000e+00  0.000000e+00  0.000000e+00  0.000000e+00  1.730000e-02  0.000000e+00  0.000000e+00  0.000000e+00  0.000000e+00  0.000000e+00  0.000000e+00  1.730000e-02
9.101300e-03  0.000000e+00  0.000000e+00  0.000000e+00  0.000000e+00  0.000000e+00  0.000000e+00  1.450000e-02  0.000000e+00  0.000000e+00  0.000000e+00  0.000000e+00  0.000000e+00  1.300000e-03  1.450000e-02
9.526339e-03  0.000000e+00  0.000000e+00  0.000000e+00  0.000000e+00  0.000000e+00  0.000000e+00  1.720000e-02  0.000000e+00  0.000000e+00  0.000000e+00  0.000000e+00  0.000000e+00  4.600000e-03  1.720000e-02
9.971228e-03  0.000000e+00  0.000000e+00  0.000000e+00  0.000000e+00  0.000000e+00  0.000000e+00  1.820000e-02  0.000000e+00  0.000000e+00  0.000000e+00  0.000000e+00  0.000000e+00  5.200000e-03  1.820000e-02
1.043689e-02  0.000000e+00  0.000000e+00  0.000000e+00  0.000000e+00  0.000000e+00  0.000000e+00  1.770000e-02  0.000000e+00  0.000000e+00  0.000000e+00  0.000000e+00  0.000000e+00  5.300000e-03  1.770000e-02
1.092430e-02  0.000000e+00  0.000000e+00  0.000000e+00  0.000000e+00  0.000000e+00  0.000000e+00  1.740000e-02  0.000000e+00  0.000000e+00  0.000000e+00  0.000000e+00  0.000000e+00  8.000000e-03  1.740000e-02
1.143448e-02  0.000000e+00  0.000000e+00  0.000000e+00  0.000000e+00  0.000000e+00  0.000000e+00  1.860000e-02  0.000000e+00  0.000000e+00  0.000000e+00  0.000000e+00  0.000000e+00  7.700000e-03  1.860000e-02
1.196848e-02  0.000000e+00  0.000000e+00  0.000000e+00  0.000000e+00  0.000000e+00  0.000000e+00  1.530000e-02  0.000000e+00  0.000000e+00  0.000000e+00  0.000000e+00  0.000000e+00  7.800000e-03  1.530000e-02
1.252742e-02  0.000000e+00  0.000000e+00  0.000000e+00  0.000000e+00  0.000000e+00  0.000000e+00  1.670000e-02  0.000000e+00  0.000000e+00  0.000000e+00  0.000000e+00  0.000000e+00  1.070000e-02  1.670000e-02
1.311246e-02  0.000000e+00  0.000000e+00  0.000000e+00  0.000000e+00  0.000000e+00  0.000000e+00  1.410000e-02  0.000000e+00  0.000000e+00  0.000000e+00  0.000000e+00  0.000000e+00  9.600000e-03  1.410000e-02
1.372482e-02  0.000000e+00  0.000000e+00  0.000000e+00  0.000000e+00  0.000000e+00  0.000000e+00  1.430000e-02  0.000000e+00  0.000000e+00  0.000000e+00  0.000000e+00  0.000000e+00  1.240000e-02  1.430000e-02
1.436578e-02  0.000000e+00  0.000000e+00  0.000000e+00  0.000000e+00  0.000000e+00  0.000000e+00  1.470000e-02  0.000000e+00  0.000000e+00  0.000000e+00  0.000000e+00  0.000000e+00  1.230000e-02  1.470000e-02
1.503668e-02  0.000000e+00  0.000000e+00  0.000000e+00  0.000000e+00  0.000000e+00  0.000000e+00  1.660000e-02  0.000000e+00  0.000000e+00  0.000000e+00  0.000000e+00  0.000000e+00  1.180000e-02  1.660000e-02
1.573891e-02  0.000000e+00  0.000000e+00  0.000000e+00  0.000000e+00  0.000000e+00  0.000000e+00  1.640000e-02  0.000000e+00  0.000000e+00  0.000000e+00  0.000000e+00  0.000000e+00  1.350000e-02  1.640000e-02
1.647393e-02  0.000000e+00  0.000000e+00  0.000000e+00  0.000000e+00  0.000000e+00  0.000000e+00  1.690000e-02  0.000000e+00  0.000000e+00  0.000000e+00  0.000000e+00  4.100000e-03  1.540000e-02  1.690000e-02
1.724327e-02  0.000000e+00  0.000000e+00  0.000000e+00  0.000000e+00  0.000000e+00  5.800000e-03  1.410000e-02  0.000000e+00  0.000000e+00  0.000000e+00  0.000000e+00  5.700000e-03  1.520000e-02  1.410000e-02
1.804855e-02  0.000000e+00  0.000000e+00  0.000000e+00  0.000000e+00  0.000000e+00  1.610000e-02  1.550000e-02  0.000000e+00  0.000000e+00  0.000000e+00  0.000000e+00  6.500000e-03  1.610000e-02  1.550000e-02
1.889143e-02  0.000000e+00  0.000000e+00  0.000000e+00  0.000000e+00  0.000000e+00  1.710000e-02  1.540000e-02  0.000000e+00  0.000000e+00  0.000000e+00  0.000000e+00  7.500000e-03  1.710000e-02  1.540000e-02
1.977368e-02  0.000000e+00  0.000000e+00  0.000000e+00  0.000000e+00  0.000000e+00  1.720000e-02  1.480000e-02  0.000000e+00  0.000000e+00  0.000000e+00  0.000000e+00  8.600000e-03  1.720000e-02  1.480000e-02
2.069713e-02  0.000000e+00  0.000000e+00  0.000000e+00  0.000000e+00  0.000000e+00  1.840000e-02  1.510000e-02  0.000000e+00  0.000000e+00  0.000000e+00  0.000000e+00  7.100000e-03  1.840000e-02  1.510000e-02
2.166370e-02  0.000000e+00  0.000000e+00  0.000000e+00  0.000000e+00  0.000000e+00  1.620000e-02  1.290000e-02  0.000000e+00  0.000000e+00  0.000000e+00  0.000000e+00  1.000000e-02  1.620000e-02  1.290000e-02
2.267541e-02  0.000000e+00  0.000000e+00  0.000000e+00  0.000000e+00  0.000000e+00  1.840000e-02  1.320000e-02  0.000000e+00  0.000000e+00  0.000000e+00  0.000000e+00  1.260000e-02  1.840000e-02  1.320000e-02
2.373438e-02  0.000000e+00  0.000000e+00  0.000000e+00  0.000000e+00  0.000000e+00  1.880000e-02  1.200000e-02  0.000000e+00  0.000000e+00  0.000000e+00  0.000000e+00  1.460000e-02  1.880000e-02  1.200000e-02
2.484279e-02  0.000000e+00  0.000000e+00  0.000000e+00  0.000000e+00  0.000000e+00  1.880000e-02  5.700000e-03  0.000000e+00  0.000000e+00  0.000000e+00  0.000000e+00  1.370000e-02  1.880000e-02  1.180000e-02
2.600297e-02  0.000000e+00  0.000000e+00  0.000000e+00  0.000000e+00  0.000000e+00  1.660000e-02  0.000000e+00  0.000000e+00  0.000000e+00  0.000000e+00  0.000000e+00  1.350000e-02  1.660000e-02  1.240000e-02
2.721734e-02  0.000000e+00  0.000000e+00  0.000000e+00  0.000000e+00  0.000000e+00  1.680000e-02  0.000000e+00  0.000000e+00  0.000000e+00  0.000000e+00  0.000000e+00  1.510000e-02  1.680000e-02  1.070000e-02
2.848841e-02  0.000000e+00  0.000000e+00  0.000000e+00  0.000000e+00  1.000000e-03  2.040000e-02  0.000000e+00  0.000000e+00  0.000000e+00  0.000000e+00  0.000000e+00  1.700000e-02  2.040000e-02  1.020000e-02
2.981884e-02  0.000000e+00  0.000000e+00  0.000000e+00  0.000000e+00  1.590000e-02  2.120000e-02  0.000000e+00  0.000000e+00  0.000000e+00  0.000000e+00  4.400000e-03  1.590000e-02  2.120000e-02  9.300000e-03
3.121141e-02  0.000000e+00  0.000000e+00  0.000000e+00  0.000000e+00  1.850000e-02  2.490000e-02  0.000000e+00  0.000000e+00  0.000000e+00  0.000000e+00  6.800000e-03  1.850000e-02  2.490000e-02  9.800000e-03
3.266901e-02  0.000000e+00  0.000000e+00  0.000000e+00  0.000000e+00  1.900000e-02  2.340000e-02  0.000000e+00  0.000000e+00  0.000000e+00  0.000000e+00  7.800000e-03  1.900000e-02  2.340000e-02  8.900000e-03
3.419468e-02  0.000000e+00  0.000000e+00  0.000000e+00  0.000000e+00  1.930000e-02  2.230000e-02  0.000000e+00  0.000000e+00  0.000000e+00  0.000000e+00  9.700000e-03  1.930000e-02  2.230000e-02  7.600000e-03
3.579160e-02  0.000000e+00  0.000000e+00  0.000000e+00  0.000000e+00  1.740000e-02  2.160000e-02  0.000000e+00  0.000000e+00  0.000000e+00  0.000000e+00  1.090000e-02  1.740000e-02  2.160000e-02  7.400000e-03
3.746310e-02  0.000000e+00  0.000000e+00  0.000000e+00  0.000000e+00  2.090000e-02  2.060000e-02  0.000000e+00  0.000000e+00  0.000000e+00  0.000000e+00  1.120000e-02  2.090000e-02  2.060000e-02  8.300000e-03
3.921266e-02  0.000000e+00  0.000000e+00  0.000000e+00  0.000000e+00  2.210000e-02  2.150000e-02  0.000000e+00  0.000000e+00  0.000000e+00  0.000000e+00  1.110000e-02  2.210000e-02  2.150000e-02  6.600000e-03
4.104393e-02  0.000000e+00  0.000000e+00  0.000000e+00  0.000000e+00  2.270000e-02  2.410000e-02  0.000000e+00  0.000000e+00  0.000000e+00  0.000000e+00  1.320000e-02  2.270000e-02  2.410000e-02  7.700000e-03
4.296071e-02  0.000000e+00  0.000000e+00  0.000000e+00  0.000000e+00  2.170000e-02  1.730000e-02  0.000000e+00  0.000000e+00  0.000000e+00  0.000000e+00  1.690000e-02  2.170000e-02  1.730000e-02  5.200000e-03
4.496702e-02  0.000000e+00  0.000000e+00  0.000000e+00  0.000000e+00  2.430000e-02  2.420000e-02  0.000000e+00  0.000000e+00  0.000000e+00  0.000000e+00  1.680000e-02  2.430000e-02  2.420000e-02  5.100000e-03
4.706702e-02  0.000000e+00  0.000000e+00  0.000000e+00  0.000000e+00  2.170000e-02  2.020000e-02  0.000000e+00  0.000000e+00  0.000000e+00  0.000000e+00  1.560000e-02  2.170000e-02  2.020000e-02  3.800000e-03
4.926509e-02  0.000000e+00  0.000000e+00  0.000000e+00  6.000000e-03  2.380000e-02  2.280000e-02  0.000000e+00  0.000000e+00  0.000000e+00  0.000000e+00  1.660000e-02  2.380000e-02  2.280000e-02  3.400000e-03
5.156581e-02  0.000000e+00  0.000000e+00  0.000000e+00  1.820000e-02  2.420000e-02  2.260000e-02  0.000000e+00  0.000000e+00  0.000000e+00  0.000000e+00  1.820000e-02  2.420000e-02  2.260000e-02  3.000000e-03
5.397398e-02  0.000000e+00  0.000000e+00  0.000000e+00  2.280000e-02  2.430000e-02  1.990000e-02  0.000000e+00  0.000000e+00  0.000000e+00  2.100000e-03  2.280000e-02  2.430000e-02  1.990000e-02  3.200000e-03
5.649461e-02  0.000000e+00  0.000000e+00  0.000000e+00  2.030000e-02  2.500000e-02  2.440000e-02  0.000000e+00  0.000000e+00  0.000000e+00  5.500000e-03  2.030000e-02  2.500000e-02  2.440000e-02  2.600000e-03
5.913296e-02  0.000000e+00  0.000000e+00  0.000000e+00  2.220000e-02  2.450000e-02  1.850000e-02  0.000000e+00  0.000000e+00  0.000000e+00  7.200000e-03  2.220000e-02  2.450000e-02  1.850000e-02  3.600000e-03
6.189452e-02  0.000000e+00  0.000000e+00  0.000000e+00  2.540000e-02  2.390000e-02  2.140000e-02  0.000000e+00  0.000000e+00  0.000000e+00  8.300000e-03  2.540000e-02  2.390000e-02  2.140000e-02  1.000000e-04
6.478505e-02  0.000000e+00  0.000000e+00  0.000000e+00  2.600000e-02  2.470000e-02  1.960000e-02  0.000000e+00  0.000000e+00  0.000000e+00  9.600000e-03  2.600000e-02  2.470000e-02  1.960000e-02  0.000000e+00
6.781057e-02  0.000000e+00  0.000000e+00  0.000000e+00  2.390000e-02  2.680000e-02  2.200000e-02  0.000000e+00  0.000000e+00  0.000000e+00  1.010000e-02  2.390000e-02  2.680000e-02  2.200000e-02  0.000000e+00
7.097738e-02  0.000000e+00  0.000000e+00  0.000000e+00  2.390000e-02  2.210000e-02  1.770000e-02  0.000000e+00  0.000000e+00  0.000000e+00  1.400000e-02  2.390000e-02  2.210000e-02  1.770000e-02  0.000000e+00
7.429209e-02  0.000000e+00  0.000000e+00  0.000000e+00  2.680000e-02  2.290000e-02  1.620000e-02  0.000000e+00  0.000000e+00  0.000000e+00  1.270000e-02  2.680000e-02  2.290000e-02  1.620000e-02  0.000000e+00
7.776160e-02  0.000000e+00  0.000000e+00  0.000000e+00  2.650000e-02  2.560000e-02  1.960000e-02  0.000000e+00  0.000000e+00  0.000000e+00  1.650000e-02  2.650000e-02  2.560000e-02  1.960000e-02  0.000000e+00
8.139313e-02  0.000000e+00  0.000000e+00  0.000000e+00  2.710000e-02  2.470000e-02  1.340000e-02  0.000000e+00  0.000000e+00  0.000000e+00  1.720000e-02  2.710000e-02  2.470000e-02  1.700000e-02  0.000000e+00
8.519426e-02  0.000000e+00  0.000000e+00  0.000000e+00  2.990000e-02  2.140000e-02  0.000000e+00  0.000000e+00  0.000000e+00  0.000000e+00  1.800000e-02  2.990000e-02  2.140000e-02  1.560000e-02  0.000000e+00
8.917291e-02  0.000000e+00  0.000000e+00  7.400000e-03  3.270000e-02  2.260000e-02  0.000000e+00  0.000000e+00  0.000000e+00  4.200000e-03  2.120000e-02  3.270000e-02  2.260000e-02  1.510000e-02  0.000000e+00
9.333736e-02  0.000000e+00  0.000000e+00  2.380000e-02  2.650000e-02  2.380000e-02  0.000000e+00  0.000000e+00  0.000000e+00  7.400000e-03  2.380000e-02  2.650000e-02  2.380000e-02  1.260000e-02  0.000000e+00
9.769630e-02  0.000000e+00  0.000000e+00  2.220000e-02  2.740000e-02  2.500000e-02  0.000000e+00  0.000000e+00  0.000000e+00  9.100000e-03  2.220000e-02  2.740000e-02  2.500000e-02  1.350000e-02  0.000000e+00
1.022588e-01  0.000000e+00  0.000000e+00  2.160000e-02  2.690000e-02  2.040000e-02  0.000000e+00  0.000000e+00  0.000000e+00  1.010000e-02  2.160000e-02  2.690000e-02  2.040000e-02  1.010000e-02  0.000000e+00
1.070344e-01  0.000000e+00  0.000000e+00  2.380000e-02  2.640000e-02  2.080000e-02  0.000000e+00  0.000000e+00  0.000000e+00  1.020000e-02  2.380000e-02  2.640000e-02  2.080000e-02  1.090000e-02  0.000000e+00
1.120330e-01  0.000000e+00  0.000000e+00  2.680000e-02  2.720000e-02  1.860000e-02  0.000000e+00  0.000000e+00  0.000000e+00  1.310000e-02  2.680000e-02  2.720000e-02  1.860000e-02  9.900000e-03  0.000000e+00
1.172650e-01  0.000000e+00  0.000000e+00  2.970000e-02  2.780000e-02  1.040000e-02  0.000000e+00  0.000000e+00  0.000000e+00  1.230000e-02  2.970000e-02  2.780000e-02  1.750000e-02  9.700000e-03  0.000000e+00
1.227414e-01  0.000000e+00  0.000000e+00  2.980000e-02  2.380000e-02  0.000000e+00  0.000000e+00  0.000000e+00  0.000000e+00  1.570000e-02  2.980000e-02  2.380000e-02  1.770000e-02  7.200000e-03  0.000000e+00
1.284735e-01  0.000000e+00  0.000000e+00  2.790000e-02  2.710000e-02  0.000000e+00  0.000000e+00  0.000000e+00  0.000000e+00  1.980000e-02  2.790000e-02  2.710000e-02  1.510000e-02  7.100000e-03  0.000000e+00
1.344734e-01  0.000000e+00  0.000000e+00  3.110000e-02  2.730000e-02  0.000000e+00  0.000000e+00  0.000000e+00  0.000000e+00  1.850000e-02  3.110000e-02  2.730000e-02  1.220000e-02  6.000000e-03  0.000000e+00
1.407534e-01  0.000000e+00  4.200000e-03  3.160000e-02  2.480000e-02  0.000000e+00  0.000000e+00  0.000000e+00  0.000000e+00  1.880000e-02  3.160000e-02  2.480000e-02  1.210000e-02  5.500000e-03  0.000000e+00
1.473267e-01  0.000000e+00  2.320000e-02  2.930000e-02  2.530000e-02  0.000000e+00  0.000000e+00  0.000000e+00  0.000000e+00  2.320000e-02  2.930000e-02  2.530000e-02  1.270000e-02  4.400000e-03  0.000000e+00
1.542070e-01  0.000000e+00  2.710000e-02  3.520000e-02  2.250000e-02  0.000000e+00  0.000000e+00  0.000000e+00  0.000000e+00  2.710000e-02  3.520000e-02  2.250000e-02  1.230000e-02  3.300000e-03  0.000000e+00
1.614086e-01  0.000000e+00  2.540000e-02  3.220000e-02  2.120000e-02  0.000000e+00  0.000000e+00  0.000000e+00  0.000000e+00  2.540000e-02  3.220000e-02  2.120000e-02  9.100000e-03  5.000000e-04  0.000000e+00
1.689465e-01  0.000000e+00  2.910000e-02  3.020000e-02  1.410000e-02  0.000000e+00  0.000000e+00  0.000000e+00  0.000000e+00  2.910000e-02  3.020000e-02  1.980000e-02  8.800000e-03  0.000000e+00  0.000000e+00
1.768364e-01  0.000000e+00  3.030000e-02  3.050000e-02  0.000000e+00  0.000000e+00  0.000000e+00  0.000000e+00  0.000000e+00  3.030000e-02  3.050000e-02  1.750000e-02  7.100000e-03  0.000000e+00  0.000000e+00
1.850949e-01  0.000000e+00  3.150000e-02  3.300000e-02  0.000000e+00  0.000000e+00  0.000000e+00  0.000000e+00  0.000000e+00  3.150000e-02  3.300000e-02  1.590000e-02  6.300000e-03  0.000000e+00  0.000000e+00
1.937390e-01  0.000000e+00  3.120000e-02  3.200000e-02  0.000000e+00  0.000000e+00  0.000000e+00  0.000000e+00  0.000000e+00  3.120000e-02  3.200000e-02  1.510000e-02  6.000000e-03  0.000000e+00  0.000000e+00
2.027867e-01  0.000000e+00  3.190000e-02  2.970000e-02  0.000000e+00  0.000000e+00  0.000000e+00  0.000000e+00  0.000000e+00  3.190000e-02  2.970000e-02  1.270000e-02  5.100000e-03  0.000000e+00  0.000000e+00
2.122571e-01  0.000000e+00  3.400000e-02  3.130000e-02  0.000000e+00  0.000000e+00  0.000000e+00  0.000000e+00  1.800000e-03  3.400000e-02  3.130000e-02  1.190000e-02  3.300000e-03  0.000000e+00  0.000000e+00
2.221696e-01  0.000000e+00  3.510000e-02  2.910000e-02  0.000000e+00  0.000000e+00  0.000000e+00  0.000000e+00  5.700000e-03  3.510000e-02  2.910000e-02  1.060000e-02  1.000000e-04  0.000000e+00  0.000000e+00
2.325452e-01  0.000000e+00  3.510000e-02  2.740000e-02  0.000000e+00  0.000000e+00  0.000000e+00  0.000000e+00  8.000000e-03  3.510000e-02  2.740000e-02  1.030000e-02  0.000000e+00  0.000000e+00  0.000000e+00
2.434052e-01  0.000000e+00  3.740000e-02  2.250000e-02  0.000000e+00  0.000000e+00  0.000000e+00  0.000000e+00  8.200000e-03  3.740000e-02  2.250000e-02  9.200000e-03  0.000000e+00  0.000000e+00  0.000000e+00
2.547725e-01  0.000000e+00  3.420000e-02  2.240000e-02  0.000000e+00  0.000000e+00  0.000000e+00  0.000000e+00  1.240000e-02  3.420000e-02  2.240000e-02  6.800000e-03  0.000000e+00  0.000000e+00  0.000000e+00
2.666706e-01  0.000000e+00  3.550000e-02  1.950000e-02  0.000000e+00  0.000000e+00  0.000000e+00  0.000000e+00  1.150000e-02  3.550000e-02  2.250000e-02  6.000000e-03  0.000000e+00  0.000000e+00  0.000000e+00
2.791243e-01  0.000000e+00  3.180000e-02  0.000000e+00  0.000000e+00  0.000000e+00  0.000000e+00  0.000000e+00  1.240000e-02  3.180000e-02  1.970000e-02  4.400000e-03  0.000000e+00  0.000000e+00  0.000000e+00
2.921597e-01  0.000000e+00  3.200000e-02  0.000000e+00  0.000000e+00  0.000000e+00  0.000000e+00  0.000000e+00  1.600000e-02  3.200000e-02  1.800000e-02  5.000000e-03  0.000000e+00  0.000000e+00  0.000000e+00
3.058038e-01  0.000000e+00  3.090000e-02  0.000000e+00  0.000000e+00  0.000000e+00  0.000000e+00  0.000000e+00  1.830000e-02  3.090000e-02  1.470000e-02  3.900000e-03  0.000000e+00  0.000000e+00  0.000000e+00
3.200851e-01  0.000000e+00  2.990000e-02  0.000000e+00  0.000000e+00  0.000000e+00  0.000000e+00  0.000000e+00  1.950000e-02  2.990000e-02  1.360000e-02  0.000000e+00  0.000000e+00  0.000000e+00  0.000000e+00
3.350333e-01  1.700000e-03  2.840000e-02  0.000000e+00  0.000000e+00  0.000000e+00  0.000000e+00  0.000000e+00  2.290000e-02  2.840000e-02  1.260000e-02  0.000000e+00  0.000000e+00  0.000000e+00  0.000000e+00
3.506797e-01  2.280000e-02  2.630000e-02  0.000000e+00  0.000000e+00  0.000000e+00  0.000000e+00  0.000000e+00  2.280000e-02  2.630000e-02  1.080000e-02  0.000000e+00  0.000000e+00  0.000000e+00  0.000000e+00
3.670568e-01  2.880000e-02  2.740000e-02  0.000000e+00  0.000000e+00  0.000000e+00  0.000000e+00  0.000000e+00  2.880000e-02  2.740000e-02  8.300000e-03  0.000000e+00  0.000000e+00  0.000000e+00  0.000000e+00
3.841986e-01  2.770000e-02  2.370000e-02  0.000000e+00  0.000000e+00  0.000000e+00  0.000000e+00  0.000000e+00  2.770000e-02  2.370000e-02  7.400000e-03  0.000000e+00  0.000000e+00  0.000000e+00  0.000000e+00
4.021410e-01  3.200000e-02  4.400000e-03  0.000000e+00  0.000000e+00  0.000000e+00  0.000000e+00  0.000000e+00  3.200000e-02  1.840000e-02  7.900000e-03  0.000000e+00  0.000000e+00  0.000000e+00  0.000000e+00
4.209214e-01  3.240000e-02  0.000000e+00  0.000000e+00  0.000000e+00  0.000000e+00  0.000000e+00  0.000000e+00  3.240000e-02  1.860000e-02  5.000000e-03  0.000000e+00  0.000000e+00  0.000000e+00  0.000000e+00
4.405788e-01  3.470000e-02  0.000000e+00  0.000000e+00  0.000000e+00  0.000000e+00  0.000000e+00  0.000000e+00  3.470000e-02  1.800000e-02  4.300000e-03  0.000000e+00  0.000000e+00  0.000000e+00  0.000000e+00
4.611542e-01  3.660000e-02  0.000000e+00  0.000000e+00  0.000000e+00  0.000000e+00  0.000000e+00  0.000000e+00  3.660000e-02  1.570000e-02  3.500000e-03  0.000000e+00  0.000000e+00  0.000000e+00  0.000000e+00
4.826905e-01  3.780000e-02  0.000000e+00  0.000000e+00  0.000000e+00  0.000000e+00  0.000000e+00  0.000000e+00  3.780000e-02  1.000000e-02  4.200000e-03  0.000000e+00  0.000000e+00  0.000000e+00  0.000000e+00
5.052326e-01  3.680000e-02  0.000000e+00  0.000000e+00  0.000000e+00  0.000000e+00  0.000000e+00  0.000000e+00  3.680000e-02  1.180000e-02  2.000000e-03  0.000000e+00  0.000000e+00  0.000000e+00  0.000000e+00
5.288274e-01  4.000000e-02  0.000000e+00  0.000000e+00  0.000000e+00  0.000000e+00  0.000000e+00  0.000000e+00  4.000000e-02  9.700000e-03  0.000000e+00  0.000000e+00  0.000000e+00  0.000000e+00  0.000000e+00
5.535241e-01  3.800000e-02  0.000000e+00  0.000000e+00  0.000000e+00  0.000000e+00  0.000000e+00  0.000000e+00  3.800000e-02  9.600000e-03  0.000000e+00  0.000000e+00  0.000000e+00  0.000000e+00  0.000000e+00
5.793742e-01  3.980000e-02  0.000000e+00  0.000000e+00  0.000000e+00  0.000000e+00  0.000000e+00  0.000000e+00  3.980000e-02  5.900000e-03  0.000000e+00  0.000000e+00  0.000000e+00  0.000000e+00  0.000000e+00
6.064314e-01  3.580000e-02  0.000000e+00  0.000000e+00  0.000000e+00  0.000000e+00  0.000000e+00  0.000000e+00  3.580000e-02  5.500000e-03  0.000000e+00  0.000000e+00  0.000000e+00  0.000000e+00  0.000000e+00
6.347523e-01  3.770000e-02  0.000000e+00  0.000000e+00  0.000000e+00  0.000000e+00  0.000000e+00  0.000000e+00  3.770000e-02  3.800000e-03  0.000000e+00  0.000000e+00  0.000000e+00  0.000000e+00  0.000000e+00
6.643958e-01  3.280000e-02  0.000000e+00  0.000000e+00  0.000000e+00  0.000000e+00  0.000000e+00  0.000000e+00  3.280000e-02  3.800000e-03  0.000000e+00  0.000000e+00  0.000000e+00  0.000000e+00  0.000000e+00
6.954237e-01  3.360000e-02  0.000000e+00  0.000000e+00  0.000000e+00  0.000000e+00  0.000000e+00  0.000000e+00  3.360000e-02  5.000000e-03  0.000000e+00  0.000000e+00  0.000000e+00  0.000000e+00  0.000000e+00
7.279006e-01  2.960000e-02  0.000000e+00  0.000000e+00  0.000000e+00  0.000000e+00  0.000000e+00  0.000000e+00  2.960000e-02  3.600000e-03  0.000000e+00  0.000000e+00  0.000000e+00  0.000000e+00  0.000000e+00
7.618942e-01  2.900000e-02  0.000000e+00  0.000000e+00  0.000000e+00  0.000000e+00  0.000000e+00  0.000000e+00  2.900000e-02  0.000000e+00  0.000000e+00  0.000000e+00  0.000000e+00  0.000000e+00  0.000000e+00
7.974753e-01  2.560000e-02  0.000000e+00  0.000000e+00  0.000000e+00  0.000000e+00  0.000000e+00  0.000000e+00  2.560000e-02  0.000000e+00  0.000000e+00  0.000000e+00  0.000000e+00  0.000000e+00  0.000000e+00
8.347181e-01  2.410000e-02  0.000000e+00  0.000000e+00  0.000000e+00  0.000000e+00  0.000000e+00  0.000000e+00  2.410000e-02  0.000000e+00  0.000000e+00  0.000000e+00  0.000000e+00  0.000000e+00  0.000000e+00
8.737002e-01  1.950000e-02  0.000000e+00  0.000000e+00  0.000000e+00  0.000000e+00  0.000000e+00  0.000000e+00  1.950000e-02  0.000000e+00  0.000000e+00  0.000000e+00  0.000000e+00  0.000000e+00  0.000000e+00
9.145027e-01  3.200000e-03  0.000000e+00  0.000000e+00  0.000000e+00  0.000000e+00  0.000000e+00  0.000000e+00  2.270000e-02  0.000000e+00  0.000000e+00  0.000000e+00  0.000000e+00  0.000000e+00  0.000000e+00
9.572108e-01  0.000000e+00  0.000000e+00  0.000000e+00  0.000000e+00  0.000000e+00  0.000000e+00  0.000000e+00  1.730000e-02  0.000000e+00  0.000000e+00  0.000000e+00  0.000000e+00  0.000000e+00  0.000000e+00
1.001913e+00  0.000000e+00  0.000000e+00  0.000000e+00  0.000000e+00  0.000000e+00  0.000000e+00  0.000000e+00  1.710000e-02  0.000000e+00  0.000000e+00  0.000000e+00  0.000000e+00  0.000000e+00  0.000000e+00
1.048704e+00  0.000000e+00  0.000000e+00  0.000000e+00  0.000000e+00  0.000000e+00  0.000000e+00  0.000000e+00  1.500000e-02  0.000000e+00  0.000000e+00  0.000000e+00  0.000000e+00  0.000000e+00  0.000000e+00
1.097679e+00  0.000000e+00  0.000000e+00  0.000000e+00  0.000000e+00  0.000000e+00  0.000000e+00  0.000000e+00  1.140000e-02  0.000000e+00  0.000000e+00  0.000000e+00  0.000000e+00  0.000000e+00  0.000000e+00
1.148942e+00  0.000000e+00  0.000000e+00  0.000000e+00  0.000000e+00  0.000000e+00  0.000000e+00  0.000000e+00  1.030000e-02  0.000000e+00  0.000000e+00  0.000000e+00  0.000000e+00  0.000000e+00  0.000000e+00
1.202598e+00  0.000000e+00  0.000000e+00  0.000000e+00  0.000000e+00  0.000000e+00  0.000000e+00  0.000000e+00  9.200000e-03  0.000000e+00  0.000000e+00  0.000000e+00  0.000000e+00  0.000000e+00  0.000000e+00
1.258761e+00  0.000000e+00  0.000000e+00  0.000000e+00  0.000000e+00  0.000000e+00  0.000000e+00  0.000000e+00  7.500000e-03  0.000000e+00  0.000000e+00  0.000000e+00  0.000000e+00  0.000000e+00  0.000000e+00
1.317546e+00  0.000000e+00  0.000000e+00  0.000000e+00  0.000000e+00  0.000000e+00  0.000000e+00  0.000000e+00  5.900000e-03  0.000000e+00  0.000000e+00  0.000000e+00  0.000000e+00  0.000000e+00  0.000000e+00
1.379076e+00  0.000000e+00  0.000000e+00  0.000000e+00  0.000000e+00  0.000000e+00  0.000000e+00  0.000000e+00  4.800000e-03  0.000000e+00  0.000000e+00  0.000000e+00  0.000000e+00  0.000000e+00  0.000000e+00
1.443480e+00  0.000000e+00  0.000000e+00  0.000000e+00  0.000000e+00  0.000000e+00  0.000000e+00  0.000000e+00  4.900000e-03  0.000000e+00  0.000000e+00  0.000000e+00  0.000000e+00  0.000000e+00  0.000000e+00
1.510892e+00  0.000000e+00  0.000000e+00  0.000000e+00  0.000000e+00  0.000000e+00  0.000000e+00  0.000000e+00  4.300000e-03  0.000000e+00  0.000000e+00  0.000000e+00  0.000000e+00  0.000000e+00  0.000000e+00
1.581452e+00  0.000000e+00  0.000000e+00  0.000000e+00  0.000000e+00  0.000000e+00  0.000000e+00  0.000000e+00  4.400000e-03  0.000000e+00  0.000000e+00  0.000000e+00  0.000000e+00  0.000000e+00  0.000000e+00
1.655307e+00  0.000000e+00  0.000000e+00  0.000000e+00  0.000000e+00  0.000000e+00  0.000000e+00  0.000000e+00  3.400000e-03  0.000000e+00  0.000000e+00  0.000000e+00  0.000000e+00  0.000000e+00  0.000000e+00
