1.010300e-04  0.000000e+00  0.000000e+00  0.000000e+00  0.000000e+00  0.000000e+00  0.000000e+00  0.000000e+00  0.000000e+00  0.000000e+00  0.000000e+00  0.000000e+00  0.000000e+00  0.000000e+00  4.100000e-03
1.055684e-04  0.000000e+00  0.000000e+00  0.000000e+00  0.000000e+00  0.000000e+00  0.000000e+00  0.000000e+00  0.000000e+00  0.000000e+00  0.000000e+00  0.000000e+00  0.000000e+00  0.000000e+00  5.600000e-03
1.103106e-04  0.000000e+00  0.000000e+00  0.000000e+00  0.000000e+00  0.000000e+00  0.000000e+00  0.000000e+00  0.000000e+00  0.000000e+00  0.000000e+00  0.000000e+00  0.000000e+00  0.000000e+00  8.000000e-03
1.152658e-04  0.000000e+00  0.000000e+00  0.000000e+00  0.000000e+00  0.000000e+00  0.000000e+00  0.000000e+00  0.000000e+00  0.000000e+00  0.000000e+00  0.000000e+00  0.000000e+00  0.000000e+00  9.000000e-03
1.204437e-04  0.000000e+00  0.000000e+00  0.000000e+00  0.000000e+00  0.000000e+00  0.000000e+00  0.000000e+00  0.000000e+00  0.000000e+00  0.000000e+00  0.000000e+00  0.000000e+00  0.000000e+00  8.600000e-03
1.258541e-04  0.000000e+00  0.000000e+00  0.000000e+00  0.000000e+00  0.000000e+00  0.000000e+00  0.000000e+00  0.000000e+00  0.000000e+00  0.000000e+00  0.000000e+00  0.000000e+00  0.000000e+00  1.070000e-02
1.315076e-04  0.000000e+00  0.000000e+00  0.000000e+00  0.000000e+00  0.000000e+00  0.000000e+00  0.000000e+00  0.000000e+00  0.000000e+00  0.000000e+00  0.000000e+00  0.000000e+00  0.000000e+00  9.500000e-03
1.374150e-04  0.000000e+00  0.000000e+00  0.000000e+00  0.000000e+00  0.000000e+00  0.000000e+00  0.000000e+00  0.000000e+00  0.000000e+00  0.000000e+00  0.000000e+00  0.000000e+00  0.000000e+00  1.040000e-02
1.435878e-04  0.000000e+00  0.000000e+00  0.000000e+00  0.000000e+00  0.000000e+00  0.000000e+00  0.000000e+00  0.000000e+00  0.000000e+00  0.000000e+00  0.000000e+00  0.000000e+00  0.000000e+00  1.390000e-02
1.500379e-04  0.000000e+00  0.000000e+00  0.000000e+00  0.000000e+00  0.000000e+00  0.000000e+00  0.000000e+00  0.000000e+00  0.000000e+00  0.000000e+00  0.000000e+00  0.000000e+00  0.000000e+00  1.200000e-02
1.567777e-04  0.000000e+00  0.000000e+00  0.000000e+00  0.000000e+00  0.000000e+00  0.000000e+00  0.000000e+00  0.000000e+00  0.000000e+00  0.000000e+00  0.000000e+00  0.000000e+00  0.000000e+00  1.390000e-02
1.638203e-04  0.000000e+00  0.000000e+00  0.000000e+00  0.000000e+00  0.000000e+00  0.000000e+00  0.000000e+00  0.000000e+00  0.000000e+00  0.000000e+00  0.000000e+00  0.000000e+00  0.000000e+00  1.450000e-02
1.711792e-04  0.000000e+00  0.000000e+00  0.000000e+00  0.000000e+00  0.000000e+00  0.000000e+00  1.000000e-03  0.000000e+00  0.000000e+00  0.000000e+00  0.000000e+00  0.000000e+00  0.000000e+00  1.580000e-02
1.788688e-04  0.000000e+00  0.000000e+00  0.000000e+00  0.000000e+00  0.000000e+00  0.000000e+00  1.510000e-02  0.000000e+00  0.000000e+00  0.000000e+00  0.000000e+00  0.000000e+00  0.000000e+00  1.510000e-02
1.869037e-04  0.000000e+00  0.000000e+00  0.000000e+00  0.000000e+00  0.000000e+00  0.000000e+00  1.530000e-02  0.000000e+00  0.000000e+00  0.000000e+00  0.000000e+00  0.000000e+00  0.000000e+00  1.530000e-02
1.952996e-04  0.000000e+00  0.000000e+00  0.000000e+00  0.000000e+00  0.000000e+00  0.000000e+00  1.690000e-02  0.000000e+00  0.000000e+00  0.000000e+00  0.000000e+00  0.000000e+00  2.000000e-03  1.690000e-02
2.040726e-04  0.000000e+00  0.000000e+00  0.000000e+00  0.000000e+00  0.000000e+00  0.000000e+00  1.850000e-02  0.000000e+00  0.000000e+00  0.000000e+00  0.000000e+00  0.000000e+00  4.900000e-03  1.850000e-02
2.132397e-04  0.000000e+00  0.000000e+00  0.000000e+00  0.000000e+00  0.000000e+00  0.000000e+00  1.790000e-02  0.000000e+00  0.000000e+00  0.000000e+00  0.000000e+00  0.000000e+00  4.500000e-03  1.790000e-02
2.228186e-04  0.000000e+00  0.000000e+00  0.000000e+00  0.000000e+00  0.000000e+00  0.000000e+00  1.910000e-02  0.000000e+00  0.000000e+00  0.000000e+00  0.000000e+00  0.000000e+00  7.300000e-03  1.910000e-02
2.328278e-04  0.000000e+00  0.000000e+00  0.000000e+00  0.000000e+00  0.000000e+00  0.000000e+00  1.940000e-02  0.000000e+00  0.000000e+00  0.000000e+00  0.000000e+00  0.000000e+00  6.400000e-03  1.940000e-02
2.432866e-04  0.000000e+00  0.000000e+00  0.000000e+00  0.000000e+00  0.000000e+00  0.000000e+00  2.050000e-02  0.000000e+00  0.000000e+00  0.000000e+00  0.000000e+00  0.000000e+00  8.800000e-03  2.050000e-02
2.542153e-04  0.000000e+00  0.000000e+00  0.000000e+00  0.000000e+00  0.000000e+00  0.000000e+00  1.990000e-02  0.000000e+00  0.000000e+00  0.000000e+00  0.000000e+00  0.000000e+00  7.800000e-03  1.990000e-02
2.656348e-04  0.000000e+00  0.000000e+00  0.000000e+00  0.000000e+00  0.000000e+00  0.000000e+00  1.880000e-02  0.000000e+00  0.000000e+00  0.000000e+00  0.000000e+00  0.000000e+00  7.800000e-03  1.880000e-02
2.775674e-04  0.000000e+00  0.000000e+00  0.000000e+00  0.000000e+00  0.000000e+00  0.000000e+00  1.890000e-02  0.000000e+00  0.000000e+00  0.000000e+00  0.000000e+00  0.000000e+00  1.050000e-02  1.890000e-02
2.900359e-04  0.000000e+00  0.000000e+00  0.000000e+00  0.000000e+00  0.000000e+00  0.000000e+00  2.030000e-02  0.000000e+00  0.000000e+00  0.000000e+00  0.000000e+00  0.000000e+00  1.110000e-02  2.030000e-02
3.030646e-04  0.000000e+00  0.000000e+00  0.000000e+00  0.000000e+00  0.000000e+00  0.000000e+00  2.070000e-02  0.000000e+00  0.000000e+00  0.000000e+00  0.000000e+00  0.000000e+00  1.210000e-02  2.070000e-02
3.166785e-04  0.000000e+00  0.000000e+00  0.000000e+00  0.000000e+00  0.000000e+00  0.000000e+00  2.030000e-02  0.000000e+00  0.000000e+00  0.000000e+00  0.000000e+00  0.000000e+00  1.460000e-02  2.030000e-02
3.309040e-04  0.000000e+00  0.000000e+00  0.000000e+00  0.000000e+00  0.000000e+00  0.000000e+00  1.780000e-02  0.000000e+00  0.000000e+00  0.000000e+00  0.000000e+00  1.800000e-03  1.370000e-02  1.780000e-02
3.457685e-04  0.000000e+00  0.000000e+00  0.000000e+00  0.000000e+00  0.000000e+00  0.000000e+00  1.950000e-02  0.000000e+00  0.000000e+00  0.000000e+00  0.000000e+00  4.400000e-03  1.580000e-02  1.950000e-02
3.613007e-04  0.000000e+00  0.000000e+00  0.000000e+00  0.000000e+00  0.000000e+00  7.900000e-03  1.810000e-02  0.000000e+00  0.000000e+00  0.000000e+00  0.000000e+00  4.000000e-03  1.560000e-02  1.810000e-02
3.775306e-04  0.000000e+00  0.000000e+00  0.000000e+00  0.000000e+00  0.000000e+00  1.550000e-02  1.820000e-02  0.000000e+00  0.000000e+00  0.000000e+00  0.000000e+00  5.100000e-03  1.550000e-02  1.820000e-02
3.944896e-04  0.000000e+00  0.000000e+00  0.000000e+00  0.000000e+00  0.000000e+00  1.850000e-02  1.730000e-02  0.000000e+00  0.000000e+00  0.000000e+00  0.000000e+00  5.700000e-03  1.850000e-02  1.730000e-02
4.122104e-04  0.000000e+00  0.000000e+00  0.000000e+00  0.000000e+00  0.000000e+00  1.450000e-02  1.780000e-02  0.000000e+00  0.000000e+00  0.000000e+00  0.000000e+00  4.700000e-03  1.450000e-02  1.780000e-02
4.307272e-04  0.000000e+00  0.000000e+00  0.000000e+00  0.000000e+00  0.000000e+00  1.730000e-02  1.510000e-02  0.000000e+00  0.000000e+00  0.000000e+00  0.000000e+00  6.900000e-03  1.730000e-02  1.510000e-02
4.500759e-04  0.000000e+00  0.000000e+00  0.000000e+00  0.000000e+00  0.000000e+00  1.790000e-02  1.770000e-02  0.000000e+00  0.000000e+00  0.000000e+00  0.000000e+00  7.900000e-03  1.790000e-02  1.770000e-02
4.702937e-04  0.000000e+00  0.000000e+00  0.000000e+00  0.000000e+00  0.000000e+00  1.650000e-02  1.840000e-02  0.000000e+00  0.000000e+00  0.000000e+00  0.000000e+00  7.300000e-03  1.650000e-02  1.840000e-02
4.914196e-04  0.000000e+00  0.000000e+00  0.000000e+00  0.000000e+00  0.000000e+00  1.680000e-02  1.520000e-02  0.000000e+00  0.000000e+00  0.000000e+00  0.000000e+00  8.800000e-03  1.680000e-02  1.520000e-02
5.134946e-04  0.000000e+00  0.000000e+00  0.000000e+00  0.000000e+00  0.000000e+00  1.520000e-02  1.660000e-02  0.000000e+00  0.000000e+00  0.000000e+00  0.000000e+00  1.030000e-02  1.520000e-02  1.660000e-02
5.365612e-04  0.000000e+00  0.000000e+00  0.000000e+00  0.000000e+00  0.000000e+00  1.910000e-02  1.460000e-02  0.000000e+00  0.000000e+00  0.000000e+00  0.000000e+00  1.090000e-02  1.910000e-02  1.460000e-02
5.606640e-04  0.000000e+00  0.000000e+00  0.000000e+00  0.000000e+00  0.000000e+00  2.230000e-02  1.640000e-02  0.000000e+00  0.000000e+00  0.000000e+00  0.000000e+00  1.070000e-02  2.230000e-02  1.640000e-02
5.858495e-04  0.000000e+00  0.000000e+00  0.000000e+00  0.000000e+00  0.000000e+00  1.740000e-02  1.670000e-02  0.000000e+00  0.000000e+00  0.000000e+00  0.000000e+00  1.380000e-02  1.740000e-02  1.670000e-02
6.121664e-04  0.000000e+00  0.000000e+00  0.000000e+00  0.000000e+00  0.000000e+00  1.830000e-02  1.240000e-02  0.000000e+00  0.000000e+00  0.000000e+00  0.000000e+00  1.190000e-02  1.830000e-02  1.240000e-02
6.396654e-04  0.000000e+00  0.000000e+00  0.000000e+00  0.000000e+00  0.000000e+00  1.940000e-02  1.500000e-02  0.000000e+00  0.000000e+00  0.000000e+00  0.000000e+00  1.180000e-02  1.940000e-02  1.500000e-02
6.683997e-04  0.000000e+00  0.000000e+00  0.000000e+00  0.000000e+00  5.900000e-03  1.770000e-02  1.520000e-02  0.000000e+00  0.000000e+00  0.000000e+00  0.000000e+00  1.490000e-02  1.770000e-02  1.520000e-02
6.984248e-04  0.000000e+00  0.000000e+00  0.000000e+00  0.000000e+00  1.300000e-02  2.020000e-02  1.600000e-02  0.000000e+00  0.000000e+00  0.000000e+00  0.000000e+00  1.300000e-02  2.020000e-02  1.600000e-02
7.297986e-04  0.000000e+00  0.000000e+00  0.000000e+00  0.000000e+00  1.260000e-02  1.570000e-02  1.460000e-02  0.000000e+00  0.000000e+00  0.000000e+00  0.000000e+00  1.260000e-02  1.570000e-02  1.460000e-02
7.625818e-04  0.000000e+00  0.000000e+00  0.000000e+00  0.000000e+00  1.390000e-02  1.830000e-02  1.110000e-02  0.000000e+00  0.000000e+00  0.000000e+00  0.000000e+00  1.390000e-02  1.830000e-02  1.110000e-02
7.968376e-04  0.000000e+00  0.000000e+00  0.000000e+00  0.000000e+00  1.610000e-02  1.920000e-02  1.490000e-02  0.000000e+00  0.000000e+00  0.000000e+00  0.000000e+00  1.610000e-02  1.920000e-02  1.490000e-02
8.326322e-04  0.000000e+00  0.000000e+00  0.000000e+00  0.000000e+00  1.680000e-02  1.830000e-02  1.430000e-02  0.000000e+00  0.000000e+00  0.000000e+00  2.000000e-03  1.680000e-02  1.830000e-02  1.430000e-02
8.700348e-04  0.000000e+00  0.000000e+00  0.000000e+00  0.000000e+00  1.540000e-02  1.500000e-02  1.350000e-02  0.000000e+00  0.000000e+00  0.000000e+00  3.200000e-03  1.540000e-02  1.500000e-02  1.350000e-02
9.091175e-04  0.000000e+00  0.000000e+00  0.000000e+00  0.000000e+00  1.520000e-02  1.930000e-02  1.330000e-02  0.000000e+00  0.000000e+00  0.000000e+00  4.400000e-03  1.520000e-02  1.930000e-02  1.330000e-02
9.499558e-04  0.000000e+00  0.000000e+00  0.000000e+00  0.000000e+00  1.350000e-02  1.600000e-02  1.480000e-02  0.000000e+00  0.000000e+00  0.000000e+00  3.100000e-03  1.350000e-02  1.600000e-02  1.480000e-02
9.926286e-04  0.000000e+00  0.000000e+00  0.000000e+00  0.000000e+00  1.760000e-02  1.670000e-02  1.120000e-02  0.000000e+00  0.000000e+00  0.000000e+00  5.500000e-03  1.760000e-02  1.670000e-02  1.120000e-02
1.037218e-03  0.000000e+00  0.000000e+00  0.000000e+00  0.000000e+00  1.540000e-02  1.490000e-02  1.170000e-02  0.000000e+00  0.000000e+00  0.000000e+00  5.000000e-03  1.540000e-02  1.490000e-02  1.320000e-02
1.083811e-03  0.000000e+00  0.000000e+00  0.000000e+00  0.000000e+00  1.640000e-02  1.740000e-02  0.000000e+00  0.000000e+00  0.000000e+00  0.000000e+00  5.100000e-03  1.640000e-02  1.740000e-02  1.040000e-02
1.132497e-03  0.000000e+00  0.000000e+00  0.000000e+00  0.000000e+00  1.670000e-02  1.510000e-02  0.000000e+00  0.000000e+00  0.000000e+00  0.000000e+00  6.200000e-03  1.670000e-02  1.510000e-02  1.090000e-02
1.183369e-03  0.000000e+00  0.000000e+00  0.000000e+00  0.000000e+00  1.820000e-02  1.640000e-02  0.000000e+00  0.000000e+00  0.000000e+00  0.000000e+00  8.300000e-03  1.820000e-02  1.640000e-02  9.400000e-03
1.236527e-03  0.000000e+00  0.000000e+00  0.000000e+00  0.000000e+00  1.840000e-02  1.590000e-02  0.000000e+00  0.000000e+00  0.000000e+00  0.000000e+00  7.800000e-03  1.840000e-02  1.590000e-02  1.000000e-02
1.292073e-03  0.000000e+00  0.000000e+00  0.000000e+00  0.000000e+00  1.900000e-02  1.720000e-02  0.000000e+00  0.000000e+00  0.000000e+00  0.000000e+00  7.500000e-03  1.900000e-02  1.720000e-02  9.300000e-03
1.350114e-03  0.000000e+00  0.000000e+00  0.000000e+00  0.000000e+00  1.930000e-02  1.430000e-02  0.000000e+00  0.000000e+00  0.000000e+00  0.000000e+00  1.080000e-02  1.930000e-02  1.430000e-02  8.100000e-03
1.410763e-03  0.000000e+00  0.000000e+00  0.000000e+00  0.000000e+00  1.820000e-02  1.540000e-02  0.000000e+00  0.000000e+00  0.000000e+00  0.000000e+00  9.600000e-03  1.820000e-02  1.540000e-02  6.800000e-03
1.474135e-03  0.000000e+00  0.000000e+00  0.000000e+00  0.000000e+00  1.960000e-02  1.650000e-02  0.000000e+00  0.000000e+00  0.000000e+00  0.000000e+00  1.030000e-02  1.960000e-02  1.650000e-02  7.400000e-03
1.540355e-03  0.000000e+00  0.000000e+00  0.000000e+00  0.000000e+00  1.990000e-02  1.320000e-02  0.000000e+00  0.000000e+00  0.000000e+00  0.000000e+00  1.270000e-02  1.990000e-02  1.320000e-02  7.700000e-03
1.609549e-03  0.000000e+00  0.000000e+00  0.000000e+00  0.000000e+00  1.900000e-02  1.140000e-02  0.000000e+00  0.000000e+00  0.000000e+00  0.000000e+00  1.250000e-02  1.900000e-02  1.140000e-02  5.700000e-03
1.681851e-03  0.000000e+00  0.000000e+00  0.000000e+00  0.000000e+00  1.670000e-02  1.380000e-02  0.000000e+00  0.000000e+00  0.000000e+00  0.000000e+00  1.310000e-02  1.670000e-02  1.380000e-02  5.400000e-03
1.757401e-03  0.000000e+00  0.000000e+00  0.000000e+00  6.400000e-03  1.710000e-02  1.420000e-02  0.000000e+00  0.000000e+00  0.000000e+00  0.000000e+00  1.430000e-02  1.710000e-02  1.420000e-02  6.300000e-03
1.836345e-03  0.000000e+00  0.000000e+00  0.000000e+00  1.570000e-02  1.690000e-02  1.380000e-02  0.000000e+00  0.000000e+00  0.000000e+00  0.000000e+00  1.570000e-02  1.690000e-02  1.380000e-02  4.600000e-03
1.918835e-03  0.000000e+00  0.000000e+00  0.000000e+00  1.640000e-02  1.750000e-02  1.430000e-02  0.000000e+00  0.000000e+00  0.000000e+00  0.000000e+00  1.640000e-02  1.750000e-02  1.430000e-02  4.600000e-03
2.005031e-03  0.000000e+00  0.000000e+00  0.000000e+00  1.640000e-02  1.850000e-02  1.250000e-02  0.000000e+00  0.000000e+00  0.000000e+00  0.000000e+00  1.640000e-02  1.850000e-02  1.250000e-02  5.700000e-03
2.095099e-03  0.000000e+00  0.000000e+00  0.000000e+00  1.700000e-02  1.600000e-02  1.260000e-02  0.000000e+00  0.000000e+00  0.000000e+00  3.000000e-04  1.700000e-02  1.600000e-02  1.260000e-02  3.500000e-03
2.189212e-03  0.000000e+00  0.000000e+00  0.000000e+00  1.500000e-02  1.780000e-02  1.190000e-02  0.000000e+00  0.000000e+00  0.000000e+00  3.500000e-03  1.500000e-02  1.780000e-02  1.190000e-02  3.900000e-03
2.287553e-03  0.000000e+00  0.000000e+00  0.000000e+00  1.750000e-02  1.680000e-02  6.200000e-03  0.000000e+00  0.000000e+00  0.000000e+00  3.600000e-03  1.750000e-02  1.680000e-02  1.140000e-02  3.100000e-03
2.390312e-03  0.000000e+00  0.000000e+00  0.000000e+00  1.700000e-02  1.650000e-02  0.000000e+00  0.000000e+00  0.000000e+00  0.000000e+00  5.400000e-03  1.700000e-02  1.650000e-02  1.060000e-02  4.700000e-03
2.497687e-03  0.000000e+00  0.000000e+00  0.000000e+00  1.880000e-02  1.750000e-02  0.000000e+00  0.000000e+00  0.000000e+00  0.000000e+00  6.900000e-03  1.880000e-02  1.750000e-02  9.700000e-03  1.900000e-03
2.609885e-03  0.000000e+00  0.000000e+00  0.000000e+00  1.990000e-02  1.750000e-02  0.000000e+00  0.000000e+00  0.000000e+00  0.000000e+00  8.200000e-03  1.990000e-02  1.750000e-02  9.300000e-03  2.800000e-03
2.727124e-03  0.000000e+00  0.000000e+00  0.000000e+00  1.910000e-02  1.720000e-02  0.000000e+00  0.000000e+00  0.000000e+00  0.000000e+00  8.500000e-03  1.910000e-02  1.720000e-02  1.110000e-02  1.300000e-03
2.849628e-03  0.000000e+00  0.000000e+00  0.000000e+00  1.970000e-02  1.520000e-02  0.000000e+00  0.000000e+00  0.000000e+00  0.000000e+00  8.400000e-03  1.970000e-02  1.520000e-02  7.200000e-03  0.000000e+00
2.977636e-03  0.000000e+00  0.000000e+00  0.000000e+00  2.200000e-02  1.620000e-02  0.000000e+00  0.000000e+00  0.000000e+00  0.000000e+00  9.400000e-03  2.200000e-02  1.620000e-02  8.600000e-03  0.000000e+00
3.111394e-03  0.000000e+00  0.000000e+00  0.000000e+00  2.010000e-02  1.670000e-02  0.000000e+00  0.000000e+00  0.000000e+00  0.000000e+00  1.180000e-02  2.010000e-02  1.670000e-02  5.900000e-03  0.000000e+00
3.251160e-03  0.000000e+00  0.000000e+00  0.000000e+00  2.130000e-02  1.500000e-02  0.000000e+00  0.000000e+00  0.000000e+00  0.000000e+00  1.200000e-02  2.130000e-02  1.500000e-02  7.300000e-03  0.000000e+00
3.397205e-03  0.000000e+00  0.000000e+00  0.000000e+00  2.330000e-02  1.500000e-02  0.000000e+00  0.000000e+00  0.000000e+00  0.000000e+00  1.620000e-02  2.330000e-02  1.500000e-02  6.000000e-03  0.000000e+00
3.549811e-03  0.000000e+00  0.000000e+00  0.000000e+00  2.220000e-02  1.510000e-02  0.000000e+00  0.000000e+00  0.000000e+00  0.000000e+00  1.630000e-02  2.220000e-02  1.510000e-02  5.300000e-03  0.000000e+00
3.709271e-03  0.000000e+00  0.000000e+00  0.000000e+00  2.270000e-02  1.440000e-02  0.000000e+00  0.000000e+00  0.000000e+00  3.900000e-03  1.810000e-02  2.270000e-02  1.440000e-02  7.000000e-03  0.000000e+00
3.875895e-03  0.000000e+00  0.000000e+00  1.220000e-02  2.270000e-02  1.250000e-02  0.000000e+00  0.000000e+00  0.000000e+00  5.500000e-03  1.860000e-02  2.270000e-02  1.250000e-02  5.700000e-03  0.000000e+00
4.050003e-03  0.000000e+00  0.000000e+00  1.870000e-02  2.170000e-02  1.310000e-02  0.000000e+00  0.000000e+00  0.000000e+00  8.400000e-03  1.870000e-02  2.170000e-02  1.310000e-02  5.400000e-03  0.000000e+00
4.231933e-03  0.000000e+00  0.000000e+00  1.800000e-02  2.340000e-02  7.000000e-04  0.000000e+00  0.000000e+00  0.000000e+00  8.400000e-03  1.800000e-02  2.340000e-02  1.290000e-02  4.600000e-03  0.000000e+00
4.422035e-03  0.000000e+00  0.000000e+00  2.040000e-02  2.350000e-02  0.000000e+00  0.000000e+00  0.000000e+00  0.000000e+00  9.000000e-03  2.040000e-02  2.350000e-02  1.170000e-02  3.200000e-03  0.000000e+00
4.620676e-03  0.000000e+00  0.000000e+00  2.130000e-02  2.160000e-02  0.000000e+00  0.000000e+00  0.000000e+00  0.000000e+00  8.600000e-03  2.130000e-02  2.160000e-02  1.040000e-02  3.900000e-03  0.000000e+00
4.828241e-03  0.000000e+00  0.000000e+00  2.180000e-02  2.280000e-02  0.000000e+00  0.000000e+00  0.000000e+00  0.000000e+00  1.060000e-02  2.180000e-02  2.280000e-02  1.130000e-02  3.400000e-03  0.000000e+00
5.045130e-03  0.000000e+00  0.000000e+00  2.080000e-02  2.120000e-02  0.000000e+00  0.000000e+00  0.000000e+00  0.000000e+00  1.350000e-02  2.080000e-02  2.120000e-02  1.010000e-02  3.800000e-03  0.000000e+00
5.271761e-03  0.000000e+00  0.000000e+00  2.300000e-02  2.120000e-02  0.000000e+00  0.000000e+00  0.000000e+00  0.000000e+00  1.130000e-02  2.300000e-02  2.120000e-02  1.010000e-02  2.800000e-03  0.000000e+00
5.508573e-03  0.000000e+00  0.000000e+00  2.160000e-02  2.170000e-02  0.000000e+00  0.000000e+00  0.000000e+00  0.000000e+00  1.600000e-02  2.160000e-02  2.170000e-02  8.300000e-03  2.600000e-03  0.000000e+00
5.756023e-03  0.000000e+00  0.000000e+00  2.620000e-02  2.240000e-02  0.000000e+00  0.000000e+00  0.000000e+00  0.000000e+00  1.820000e-02  2.620000e-02  2.240000e-02  6.100000e-03  2.900000e-03  0.000000e+00
6.014588e-03  0.000000e+00  0.000000e+00  2.670000e-02  2.250000e-02  0.000000e+00  0.000000e+00  0.000000e+00  0.000000e+00  2.100000e-02  2.670000e-02  2.250000e-02  6.600000e-03  2.600000e-03  0.000000e+00
6.284769e-03  0.000000e+00  2.000000e-02  2.530000e-02  2.110000e-02  0.000000e+00  0.000000e+00  0.000000e+00  0.000000e+00  2.060000e-02  2.530000e-02  2.110000e-02  6.500000e-03  9.000000e-04  0.000000e+00
6.567086e-03  0.000000e+00  1.790000e-02  2.500000e-02  2.090000e-02  0.000000e+00  0.000000e+00  0.000000e+00  0.000000e+00  1.790000e-02  2.500000e-02  2.090000e-02  5.500000e-03  0.000000e+00  0.000000e+00
6.862085e-03  0.000000e+00  2.450000e-02  2.900000e-02  2.060000e-02  0.000000e+00  0.000000e+00  0.000000e+00  0.000000e+00  2.450000e-02  2.900000e-02  2.060000e-02  4.900000e-03  0.000000e+00  0.000000e+00
7.170335e-03  0.000000e+00  2.380000e-02  2.620000e-02  1.720000e-02  0.000000e+00  0.000000e+00  0.000000e+00  0.000000e+00  2.380000e-02  2.620000e-02  1.720000e-02  4.900000e-03  0.000000e+00  0.000000e+00
7.492433e-03  0.000000e+00  2.350000e-02  2.560000e-02  1.660000e-02  0.000000e+00  0.000000e+00  0.000000e+00  0.000000e+00  2.350000e-02  2.560000e-02  1.660000e-02  4.900000e-03  0.000000e+00  0.000000e+00
7.828999e-03  0.000000e+00  2.410000e-02  2.860000e-02  8.400000e-03  0.000000e+00  0.000000e+00  0.000000e+00  3.100000e-03  2.410000e-02  2.860000e-02  1.570000e-02  5.700000e-03  0.000000e+00  0.000000e+00
8.180684e-03  0.000000e+00  2.310000e-02  2.810000e-02  0.000000e+00  0.000000e+00  0.000000e+00  0.000000e+00  5.500000e-03  2.310000e-02  2.810000e-02  1.730000e-02  4.700000e-03  0.000000e+00  0.000000e+00
8.548168e-03  0.000000e+00  2.810000e-02  2.920000e-02  0.000000e+00  0.000000e+00  0.000000e+00  0.000000e+00  5.300000e-03  2.810000e-02  2.920000e-02  1.500000e-02  4.000000e-03  0.000000e+00  0.000000e+00
8.932159e-03  0.000000e+00  2.710000e-02  2.760000e-02  0.000000e+00  0.000000e+00  0.000000e+00  0.000000e+00  6.800000e-03  2.710000e-02  2.760000e-02  1.300000e-02  3.100000e-03  0.000000e+00  0.000000e+00
9.333399e-03  0.000000e+00  3.220000e-02  3.030000e-02  0.000000e+00  0.000000e+00  0.000000e+00  0.000000e+00  8.400000e-03  3.220000e-02  3.030000e-02  1.050000e-02  2.800000e-03  0.000000e+00  0.000000e+00
9.752663e-03  0.000000e+00  3.060000e-02  2.350000e-02  0.000000e+00  0.000000e+00  0.000000e+00  0.000000e+00  1.080000e-02  3.060000e-02  2.350000e-02  1.190000e-02  1.200000e-03  0.000000e+00  0.000000e+00
1.019076e-02  0.000000e+00  3.400000e-02  2.830000e-02  0.000000e+00  0.000000e+00  0.000000e+00  0.000000e+00  1.220000e-02  3.400000e-02  2.830000e-02  9.600000e-03  0.000000e+00  0.000000e+00  0.000000e+00
1.064854e-02  0.000000e+00  3.150000e-02  2.720000e-02  0.000000e+00  0.000000e+00  0.000000e+00  0.000000e+00  1.420000e-02  3.150000e-02  2.720000e-02  7.000000e-03  0.000000e+00  0.000000e+00  0.000000e+00
1.112688e-02  0.000000e+00  3.450000e-02  2.350000e-02  0.000000e+00  0.000000e+00  0.000000e+00  0.000000e+00  1.630000e-02  3.450000e-02  2.350000e-02  7.000000e-03  0.000000e+00  0.000000e+00  0.000000e+00
1.162671e-02  0.000000e+00  2.900000e-02  2.090000e-02  0.000000e+00  0.000000e+00  0.000000e+00  0.000000e+00  1.590000e-02  2.900000e-02  2.090000e-02  7.300000e-03  0.000000e+00  0.000000e+00  0.000000e+00
1.214899e-02  0.000000e+00  3.070000e-02  2.420000e-02  0.000000e+00  0.000000e+00  0.000000e+00  0.000000e+00  1.860000e-02  3.070000e-02  2.420000e-02  4.600000e-03  0.000000e+00  0.000000e+00  0.000000e+00
1.269473e-02  2.900000e-03  3.090000e-02  2.030000e-02  0.000000e+00  0.000000e+00  0.000000e+00  0.000000e+00  2.080000e-02  3.090000e-02  2.030000e-02  6.000000e-03  0.000000e+00  0.000000e+00  0.000000e+00
1.326499e-02  2.140000e-02  3.000000e-02  6.500000e-03  0.000000e+00  0.000000e+00  0.000000e+00  0.000000e+00  2.140000e-02  3.000000e-02  1.760000e-02  5.500000e-03  0.000000e+00  0.000000e+00  0.000000e+00
1.386087e-02  2.520000e-02  2.940000e-02  0.000000e+00  0.000000e+00  0.000000e+00  0.000000e+00  0.000000e+00  2.520000e-02  2.940000e-02  1.480000e-02  4.700000e-03  0.000000e+00  0.000000e+00  0.000000e+00
1.448351e-02  2.490000e-02  3.060000e-02  0.000000e+00  0.000000e+00  0.000000e+00  0.000000e+00  0.000000e+00  2.490000e-02  3.060000e-02  1.460000e-02  3.500000e-03  0.000000e+00  0.000000e+00  0.000000e+00
1.513412e-02  2.780000e-02  2.620000e-02  0.000000e+00  0.000000e+00  0.000000e+00  0.000000e+00  0.000000e+00  2.780000e-02  2.620000e-02  1.380000e-02  3.500000e-03  0.000000e+00  0.000000e+00  0.000000e+00
1.581396e-02  2.870000e-02  2.440000e-02  0.000000e+00  0.000000e+00  0.000000e+00  0.000000e+00  0.000000e+00  2.870000e-02  2.440000e-02  1.290000e-02  1.300000e-03  0.000000e+00  0.000000e+00  0.000000e+00
1.652433e-02  3.370000e-02  2.420000e-02  0.000000e+00  0.000000e+00  0.000000e+00  0.000000e+00  0.000000e+00  3.370000e-02  2.420000e-02  1.100000e-02  0.000000e+00  0.000000e+00  0.000000e+00  0.000000e+00
1.726662e-02  3.410000e-02  2.240000e-02  0.000000e+00  0.000000e+00  0.000000e+00  0.000000e+00  0.000000e+00  3.410000e-02  2.240000e-02  1.100000e-02  0.000000e+00  0.000000e+00  0.000000e+00  0.000000e+00
1.804225e-02  3.320000e-02  2.010000e-02  0.000000e+00  0.000000e+00  0.000000e+00  0.000000e+00  0.000000e+00  3.320000e-02  2.010000e-02  6.500000e-03  0.000000e+00  0.000000e+00  0.000000e+00  0.000000e+00
1.885272e-02  3.650000e-02  7.200000e-03  0.000000e+00  0.000000e+00  0.000000e+00  0.000000e+00  0.000000e+00  3.650000e-02  1.720000e-02  8.100000e-03  0.000000e+00  0.000000e+00  0.000000e+00  0.000000e+00
1.969960e-02  3.700000e-02  0.000000e+00  0.000000e+00  0.000000e+00  0.000000e+00  0.000000e+00  0.000000e+00  3.700000e-02  1.610000e-02  7.300000e-03  0.000000e+00  0.000000e+00  0.000000e+00  0.000000e+00
2.058453e-02  3.180000e-02  0.000000e+00  0.000000e+00  0.000000e+00  0.000000e+00  0.000000e+00  0.000000e+00  3.180000e-02  1.600000e-02  5.400000e-03  0.000000e+00  0.000000e+00  0.000000e+00  0.000000e+00
2.150920e-02  3.720000e-02  0.000000e+00  0.000000e+00  0.000000e+00  0.000000e+00  0.000000e+00  0.000000e+00  3.720000e-02  1.450000e-02  5.200000e-03  0.000000e+00  0.000000e+00  0.000000e+00  0.000000e+00
2.247541e-02  3.580000e-02  0.000000e+00  0.000000e+00  0.000000e+00  0.000000e+00  0.000000e+00  0.000000e+00  3.580000e-02  1.270000e-02  4.700000e-03  0.000000e+00  0.000000e+00  0.000000e+00  0.000000e+00
2.348503e-02  3.500000e-02  0.000000e+00  0.000000e+00  0.000000e+00  0.000000e+00  0.000000e+00  0.000000e+00  3.500000e-02  1.280000e-02  4.400000e-03  0.000000e+00  0.000000e+00  0.000000e+00  0.000000e+00
2.453999e-02  3.200000e-02  0.000000e+00  0.000000e+00  0.000000e+00  0.000000e+00  0.000000e+00  0.000000e+00  3.200000e-02  8.900000e-03  3.500000e-03  0.000000e+00  0.000000e+00  0.000000e+00  0.000000e+00
2.564235e-02  3.010000e-02  0.000000e+00  0.000000e+00  0.000000e+00  0.000000e+00  0.000000e+00  0.000000e+00  3.010000e-02  8.100000e-03  7.000000e-04  0.000000e+00  0.000000e+00  0.000000e+00  0.000000e+00
2.679423e-02  3.160000e-02  0.000000e+00  0.000000e+00  0.000000e+00  0.000000e+00  0.000000e+00  0.000000e+00  3.160000e-02  6.000000e-03  0.000000e+00  0.000000e+00  0.000000e+00  0.000000e+00  0.000000e+00
2.799785e-02  2.870000e-02  0.000000e+00  0.000000e+00  0.000000e+00  0.000000e+00  0.000000e+00  0.000000e+00  2.870000e-02  7.400000e-03  0.000000e+00  0.000000e+00  0.000000e+00  0.000000e+00  0.000000e+00
2.925553e-02  2.800000e-02  0.000000e+00  0.000000e+00  0.000000e+00  0.000000e+00  0.000000e+00  0.000000e+00  2.800000e-02  6.400000e-03  0.000000e+00  0.000000e+00  0.000000e+00  0.000000e+00  0.000000e+00
3.056972e-02  2.240000e-02  0.000000e+00  0.000000e+00  0.000000e+00  0.000000e+00  0.000000e+00  0.000000e+00  2.240000e-02  4.700000e-03  0.000000e+00  0.000000e+00  0.000000e+00  0.000000e+00  0.000000e+00
3.194293e-02  2.270000e-02  0.000000e+00  0.000000e+00  0.000000e+00  0.000000e+00  0.000000e+00  0.000000e+00  2.270000e-02  5.400000e-03  0.000000e+00  0.000000e+00  0.000000e+00  0.000000e+00  0.000000e+00
3.337784e-02  2.050000e-02  0.000000e+00  0.000000e+00  0.000000e+00  0.000000e+00  0.000000e+00  0.000000e+00  2.050000e-02  4.300000e-03  0.000000e+00  0.000000e+00  0.000000e+00  0.000000e+00  0.000000e+00
3.487720e-02  1.880000e-02  0.000000e+00  0.000000e+00  0.000000e+00  0.000000e+00  0.000000e+00  0.000000e+00  2.010000e-02  1.700000e-03  0.000000e+00  0.000000e+00  0.000000e+00  0.000000e+00  0.000000e+00
3.644391e-02  0.000000e+00  0.000000e+00  0.000000e+00  0.000000e+00  0.000000e+00  0.000000e+00  0.000000e+00  1.630000e-02  0.000000e+00  0.000000e+00  0.000000e+00  0.000000e+00  0.000000e+00  0.000000e+00
3.808100e-02  0.000000e+00  0.000000e+00  0.000000e+00  0.000000e+00  0.000000e+00  0.000000e+00  0.000000e+00  1.510000e-02  0.000000e+00  0.000000e+00  0.000000e+00  0.000000e+00  0.000000e+00  0.000000e+00
3.979163e-02  0.000000e+00  0.000000e+00  0.000000e+00  0.000000e+00  0.000000e+00  0.000000e+00  0.000000e+00  1.590000e-02  0.000000e+00  0.000000e+00  0.000000e+00  0.000000e+00  0.000000e+00  0.000000e+00
4.157911e-02  0.000000e+00  0.000000e+00  0.000000e+00  0.000000e+00  0.000000e+00  0.000000e+00  0.000000e+00  1.410000e-02  0.000000e+00  0.000000e+00  0.000000e+00  0.000000e+00  0.000000e+00  0.000000e+00
4.344688e-02  0.000000e+00  0.000000e+00  0.000000e+00  0.000000e+00  0.000000e+00  0.000000e+00  0.000000e+00  1.090000e-02  0.000000e+00  0.000000e+00  0.000000e+00  0.000000e+00  0.000000e+00  0.000000e+00
4.539855e-02  0.000000e+00  0.000000e+00  0.000000e+00  0.000000e+00  0.000000e+00  0.000000e+00  0.000000e+00  1.040000e-02  0.000000e+00  0.000000e+00  0.000000e+00  0.000000e+00  0.000000e+00  0.000000e+00
4.743789e-02  0.000000e+00  0.000000e+00  0.000000e+00  0.000000e+00  0.000000e+00  0.000000e+00  0.000000e+00  8.600000e-03  0.000000e+00  0.000000e+00  0.000000e+00  0.000000e+00  0.000000e+00  0.000000e+00
4.956884e-02  0.000000e+00  0.000000e+00  0.000000e+00  0.000000e+00  0.000000e+00  0.000000e+00  0.000000e+00  7.900000e-03  0.000000e+00  0.000000e+00  0.000000e+00  0.000000e+00  0.000000e+00  0.000000e+00
5.179551e-02  0.000000e+00  0.000000e+00  0.000000e+00  0.000000e+00  0.000000e+00  0.000000e+00  0.000000e+00  7.400000e-03  0.000000e+00  0.000000e+00  0.000000e+00  0.000000e+00  0.000000e+00  0.000000e+00
5.412221e-02  0.000000e+00  0.000000e+00  0.000000e+00  0.000000e+00  0.000000e+00  0.000000e+00  0.000000e+00  5.300000e-03  0.000000e+00  0.000000e+00  0.000000e+00  0.000000e+00  0.000000e+00  0.000000e+00
5.655343e-02  0.000000e+00  0.000000e+00  0.000000e+00  0.000000e+00  0.000000e+00  0.000000e+00  0.000000e+00  4.100000e-03  0.000000e+00  0.000000e+00  0.000000e+00  0.000000e+00  0.000000e+00  0.000000e+00
5.909385e-02  0.000000e+00  0.000000e+00  0.000000e+00  0.000000e+00  0.000000e+00  0.000000e+00  0.000000e+00  6.400000e-03  0.000000e+00  0.000000e+00  0.000000e+00  0.000000e+00  0.000000e+00  0.000000e+00
6.174840e-02  0.000000e+00  0.000000e+00  0.000000e+00  0.000000e+00  0.000000e+00  0.000000e+00  0.000000e+00  4.300000e-03  0.000000e+00  0.000000e+00  0.000000e+00  0.000000e+00  0.000000e+00  0.000000e+00
6.452219e-02  0.000000e+00  0.000000e+00  0.000000e+00  0.000000e+00  0.000000e+00  0.000000e+00  0.000000e+00  4.000000e-03  0.000000e+00  0.000000e+00  0.000000e+00  0.000000e+00  0.000000e+00  0.000000e+00
6.742058e-02  0.000000e+00  0.000000e+00  0.000000e+00  0.000000e+00  0.000000e+00  0.000000e+00  0.000000e+00  3.000000e-03  0.000000e+00  0.000000e+00  0.000000e+00  0.000000e+00  0.000000e+00  0.000000e+00
