8.018871e-03  0.000000e+00  0.000000e+00  0.000000e+00  0.000000e+00  0.000000e+00  0.000000e+00  0.000000e+00  0.000000e+00  0.000000e+00  0.000000e+00  0.000000e+00  0.000000e+00  0.000000e+00  4.200000e-03
8.366854e-03  0.000000e+00  0.000000e+00  0.000000e+00  0.000000e+00  0.000000e+00  0.000000e+00  0.000000e+00  0.000000e+00  0.000000e+00  0.000000e+00  0.000000e+00  0.000000e+00  0.000000e+00  5.600000e-03
8.729937e-03  0.000000e+00  0.000000e+00  0.000000e+00  0.000000e+00  0.000000e+00  0.000000e+00  0.000000e+00  0.000000e+00  0.000000e+00  0.000000e+00  0.000000e+00  0.000000e+00  0.000000e+00  5.500000e-03
9.108777e-03  0.000000e+00  0.000000e+00  0.000000e+00  0.000000e+00  0.000000e+00  0.000000e+00  0.000000e+00  0.000000e+00  0.000000e+00  0.000000e+00  0.000000e+00  0.000000e+00  0.000000e+00  6.500000e-03
9.504056e-03  0.000000e+00  0.000000e+00  0.000000e+00  0.000000e+00  0.000000e+00  0.000000e+00  0.000000e+00  0.000000e+00  0.000000e+00  0.000000e+00  0.000000e+00  0.000000e+00  0.000000e+00  5.700000e-03
9.916489e-03  0.000000e+00  0.000000e+00  0.000000e+00  0.000000e+00  0.000000e+00  0.000000e+00  0.000000e+00  0.000000e+00  0.000000e+00  0.000000e+00  0.000000e+00  0.000000e+00  0.000000e+00  6.400000e-03
1.034682e-02  0.000000e+00  0.000000e+00  0.000000e+00  0.000000e+00  0.000000e+00  0.000000e+00  0.000000e+00  0.000000e+00  0.000000e+00  0.000000e+00  0.000000e+00  0.000000e+00  0.000000e+00  7.800000e-03
1.079582e-02  0.000000e+00  0.000000e+00  0.000000e+00  0.000000e+00  0.000000e+00  0.000000e+00  0.000000e+00  0.000000e+00  0.000000e+00  0.000000e+00  0.000000e+00  0.000000e+00  0.000000e+00  1.010000e-02
1.126431e-02  0.000000e+00  0.000000e+00  0.000000e+00  0.000000e+00  0.000000e+00  0.000000e+00  0.000000e+00  0.000000e+00  0.000000e+00  0.000000e+00  0.000000e+00  0.000000e+00  0.000000e+00  1.100000e-02
1.175313e-02  0.000000e+00  0.000000e+00  0.000000e+00  0.000000e+00  0.000000e+00  0.000000e+00  0.000000e+00  0.000000e+00  0.000000e+00  0.000000e+00  0.000000e+00  0.000000e+00  0.000000e+00  7.900000e-03
1.226317e-02  0.000000e+00  0.000000e+00  0.000000e+00  0.000000e+00  0.000000e+00  0.000000e+00  0.000000e+00  0.000000e+00  0.000000e+00  0.000000e+00  0.000000e+00  0.000000e+00  0.000000e+00  1.140000e-02
1.279533e-02  0.000000e+00  0.000000e+00  0.000000e+00  0.000000e+00  0.000000e+00  0.000000e+00  0.000000e+00  0.000000e+00  0.000000e+00  0.000000e+00  0.000000e+00  0.000000e+00  0.000000e+00  1.340000e-02
1.335059e-02  0.000000e+00  0.000000e+00  0.000000e+00  0.000000e+00  0.000000e+00  0.000000e+00  0.000000e+00  0.000000e+00  0.000000e+00  0.000000e+00  0.000000e+00  0.000000e+00  0.000000e+00  1.380000e-02
1.392995e-02  0.000000e+00  0.000000e+00  0.000000e+00  0.000000e+00  0.000000e+00  0.000000e+00  0.000000e+00  0.000000e+00  0.000000e+00  0.000000e+00  0.000000e+00  0.000000e+00  0.000000e+00  1.330000e-02
1.453444e-02  0.000000e+00  0.000000e+00  0.000000e+00  0.000000e+00  0.000000e+00  0.000000e+00  3.000000e-03  0.000000e+00  0.000000e+00  0.000000e+00  0.000000e+00  0.000000e+00  0.000000e+00  1.540000e-02
1.516517e-02  0.000000e+00  0.000000e+00  0.000000e+00  0.000000e+00  0.000000e+00  0.000000e+00  1.570000e-02  0.000000e+00  0.000000e+00  0.000000e+00  0.000000e+00  0.000000e+00  0.000000e+00  1.570000e-02
1.582327e-02  0.000000e+00  0.000000e+00  0.000000e+00  0.000000e+00  0.000000e+00  0.000000e+00  1.620000e-02  0.000000e+00  0.000000e+00  0.000000e+00  0.000000e+00  0.000000e+00  0.000000e+00  1.620000e-02
1.650993e-02  0.000000e+00  0.000000e+00  0.000000e+00  0.000000e+00  0.000000e+00  0.000000e+00  1.800000e-02  0.000000e+00  0.000000e+00  0.000000e+00  0.000000e+00  0.000000e+00  0.000000e+00  1.800000e-02
1.722638e-02  0.000000e+00  0.000000e+00  0.000000e+00  0.000000e+00  0.000000e+00  0.000000e+00  2.060000e-02  0.000000e+00  0.000000e+00  0.000000e+00  0.000000e+00  0.000000e+00  0.000000e+00  2.060000e-02
1.797393e-02  0.000000e+00  0.000000e+00  0.000000e+00  0.000000e+00  0.000000e+00  0.000000e+00  1.900000e-02  0.000000e+00  0.000000e+00  0.000000e+00  0.000000e+00  0.000000e+00  0.000000e+00  1.900000e-02
1.875392e-02  0.000000e+00  0.000000e+00  0.000000e+00  0.000000e+00  0.000000e+00  0.000000e+00  2.040000e-02  0.000000e+00  0.000000e+00  0.000000e+00  0.000000e+00  0.000000e+00  0.000000e+00  2.040000e-02
1.956775e-02  0.000000e+00  0.000000e+00  0.000000e+00  0.000000e+00  0.000000e+00  0.000000e+00  2.300000e-02  0.000000e+00  0.000000e+00  0.000000e+00  0.000000e+00  0.000000e+00  0.000000e+00  2.300000e-02
2.041690e-02  0.000000e+00  0.000000e+00  0.000000e+00  0.000000e+00  0.000000e+00  0.000000e+00  2.200000e-02  0.000000e+00  0.000000e+00  0.000000e+00  0.000000e+00  0.000000e+00  0.000000e+00  2.200000e-02
2.130291e-02  0.000000e+00  0.000000e+00  0.000000e+00  0.000000e+00  0.000000e+00  0.000000e+00  2.370000e-02  0.000000e+00  0.000000e+00  0.000000e+00  0.000000e+00  0.000000e+00  0.000000e+00  2.370000e-02
2.222735e-02  0.000000e+00  0.000000e+00  0.000000e+00  0.000000e+00  0.000000e+00  0.000000e+00  2.450000e-02  0.000000e+00  0.000000e+00  0.000000e+00  0.000000e+00  0.000000e+00  0.000000e+00  2.450000e-02
2.319192e-02  0.000000e+00  0.000000e+00  0.000000e+00  0.000000e+00  0.000000e+00  0.000000e+00  2.480000e-02  0.000000e+00  0.000000e+00  0.000000e+00  0.000000e+00  0.000000e+00  0.000000e+00  2.480000e-02
2.419834e-02  0.000000e+00  0.000000e+00  0.000000e+00  0.000000e+00  0.000000e+00  0.000000e+00  2.560000e-02  0.000000e+00  0.000000e+00  0.000000e+00  0.000000e+00  0.000000e+00  0.000000e+00  2.560000e-02
2.524844e-02  0.000000e+00  0.000000e+00  0.000000e+00  0.000000e+00  0.000000e+00  0.000000e+00  2.360000e-02  0.000000e+00  0.000000e+00  0.000000e+00  0.000000e+00  0.000000e+00  1.700000e-03  2.360000e-02
2.634411e-02  0.000000e+00  0.000000e+00  0.000000e+00  0.000000e+00  0.000000e+00  0.000000e+00  2.580000e-02  0.000000e+00  0.000000e+00  0.000000e+00  0.000000e+00  0.000000e+00  6.200000e-03  2.580000e-02
2.748732e-02  0.000000e+00  0.000000e+00  0.000000e+00  0.000000e+00  0.000000e+00  0.000000e+00  3.140000e-02  0.000000e+00  0.000000e+00  0.000000e+00  0.000000e+00  0.000000e+00  5.800000e-03  3.140000e-02
2.868015e-02  0.000000e+00  0.000000e+00  0.000000e+00  0.000000e+00  0.000000e+00  0.000000e+00  2.490000e-02  0.000000e+00  0.000000e+00  0.000000e+00  0.000000e+00  0.000000e+00  7.300000e-03  2.490000e-02
2.992474e-02  0.000000e+00  0.000000e+00  0.000000e+00  0.000000e+00  0.000000e+00  0.000000e+00  3.000000e-02  0.000000e+00  0.000000e+00  0.000000e+00  0.000000e+00  0.000000e+00  8.300000e-03  3.000000e-02
3.122333e-02  0.000000e+00  0.000000e+00  0.000000e+00  0.000000e+00  0.000000e+00  0.000000e+00  2.480000e-02  0.000000e+00  0.000000e+00  0.000000e+00  0.000000e+00  0.000000e+00  9.600000e-03  2.480000e-02
3.257829e-02  0.000000e+00  0.000000e+00  0.000000e+00  0.000000e+00  0.000000e+00  0.000000e+00  2.650000e-02  0.000000e+00  0.000000e+00  0.000000e+00  0.000000e+00  0.000000e+00  1.060000e-02  2.650000e-02
3.399203e-02  0.000000e+00  0.000000e+00  0.000000e+00  0.000000e+00  0.000000e+00  0.000000e+00  2.610000e-02  0.000000e+00  0.000000e+00  0.000000e+00  0.000000e+00  0.000000e+00  1.080000e-02  2.610000e-02
3.546713e-02  0.000000e+00  0.000000e+00  0.000000e+00  0.000000e+00  0.000000e+00  0.000000e+00  2.680000e-02  0.000000e+00  0.000000e+00  0.000000e+00  0.000000e+00  0.000000e+00  1.330000e-02  2.680000e-02
3.700625e-02  0.000000e+00  0.000000e+00  0.000000e+00  0.000000e+00  0.000000e+00  0.000000e+00  2.480000e-02  0.000000e+00  0.000000e+00  0.000000e+00  0.000000e+00  0.000000e+00  1.410000e-02  2.480000e-02
3.861215e-02  0.000000e+00  0.000000e+00  0.000000e+00  0.000000e+00  0.000000e+00  0.000000e+00  2.480000e-02  0.000000e+00  0.000000e+00  0.000000e+00  0.000000e+00  8.000000e-04  1.560000e-02  2.480000e-02
4.028774e-02  0.000000e+00  0.000000e+00  0.000000e+00  0.000000e+00  0.000000e+00  0.000000e+00  2.280000e-02  0.000000e+00  0.000000e+00  0.000000e+00  0.000000e+00  6.400000e-03  1.570000e-02  2.280000e-02
4.203605e-02  0.000000e+00  0.000000e+00  0.000000e+00  0.000000e+00  0.000000e+00  3.500000e-03  2.360000e-02  0.000000e+00  0.000000e+00  0.000000e+00  0.000000e+00  7.100000e-03  1.950000e-02  2.360000e-02
4.386022e-02  0.000000e+00  0.000000e+00  0.000000e+00  0.000000e+00  0.000000e+00  1.920000e-02  1.960000e-02  0.000000e+00  0.000000e+00  0.000000e+00  0.000000e+00  7.100000e-03  1.920000e-02  1.960000e-02
4.576355e-02  0.000000e+00  0.000000e+00  0.000000e+00  0.000000e+00  0.000000e+00  2.260000e-02  2.360000e-02  0.000000e+00  0.000000e+00  0.000000e+00  0.000000e+00  9.300000e-03  2.260000e-02  2.360000e-02
4.774948e-02  0.000000e+00  0.000000e+00  0.000000e+00  0.000000e+00  0.000000e+00  2.900000e-02  2.140000e-02  0.000000e+00  0.000000e+00  0.000000e+00  0.000000e+00  1.010000e-02  2.900000e-02  2.140000e-02
4.982159e-02  0.000000e+00  0.000000e+00  0.000000e+00  0.000000e+00  0.000000e+00  2.710000e-02  2.050000e-02  0.000000e+00  0.000000e+00  0.000000e+00  0.000000e+00  1.070000e-02  2.710000e-02  2.050000e-02
5.198362e-02  0.000000e+00  0.000000e+00  0.000000e+00  0.000000e+00  0.000000e+00  2.910000e-02  2.500000e-03  0.000000e+00  0.000000e+00  0.000000e+00  0.000000e+00  1.160000e-02  2.910000e-02  1.830000e-02
5.423948e-02  0.000000e+00  0.000000e+00  0.000000e+00  0.000000e+00  0.000000e+00  3.190000e-02  0.000000e+00  0.000000e+00  0.000000e+00  0.000000e+00  0.000000e+00  1.590000e-02  3.190000e-02  1.700000e-02
5.659322e-02  0.000000e+00  0.000000e+00  0.000000e+00  0.000000e+00  0.000000e+00  3.220000e-02  0.000000e+00  0.000000e+00  0.000000e+00  0.000000e+00  0.000000e+00  1.650000e-02  3.220000e-02  1.920000e-02
5.904911e-02  0.000000e+00  0.000000e+00  0.000000e+00  0.000000e+00  0.000000e+00  3.050000e-02  0.000000e+00  0.000000e+00  0.000000e+00  0.000000e+00  0.000000e+00  1.550000e-02  3.050000e-02  1.660000e-02
6.161157e-02  0.000000e+00  0.000000e+00  0.000000e+00  0.000000e+00  0.000000e+00  3.450000e-02  0.000000e+00  0.000000e+00  0.000000e+00  0.000000e+00  0.000000e+00  2.290000e-02  3.450000e-02  1.410000e-02
6.428524e-02  0.000000e+00  0.000000e+00  0.000000e+00  0.000000e+00  2.300000e-02  3.400000e-02  0.000000e+00  0.000000e+00  0.000000e+00  0.000000e+00  0.000000e+00  2.410000e-02  3.400000e-02  1.280000e-02
6.707492e-02  0.000000e+00  0.000000e+00  0.000000e+00  0.000000e+00  2.420000e-02  3.480000e-02  0.000000e+00  0.000000e+00  0.000000e+00  0.000000e+00  0.000000e+00  2.420000e-02  3.480000e-02  1.150000e-02
6.998567e-02  0.000000e+00  0.000000e+00  0.000000e+00  0.000000e+00  2.720000e-02  3.490000e-02  0.000000e+00  0.000000e+00  0.000000e+00  0.000000e+00  3.400000e-03  2.720000e-02  3.490000e-02  9.500000e-03
7.302273e-02  0.000000e+00  0.000000e+00  0.000000e+00  0.000000e+00  2.950000e-02  2.950000e-02  0.000000e+00  0.000000e+00  0.000000e+00  0.000000e+00  7.200000e-03  2.950000e-02  2.950000e-02  8.800000e-03
7.619158e-02  0.000000e+00  0.000000e+00  0.000000e+00  0.000000e+00  3.190000e-02  3.100000e-02  0.000000e+00  0.000000e+00  0.000000e+00  0.000000e+00  6.600000e-03  3.190000e-02  3.100000e-02  7.500000e-03
7.949795e-02  0.000000e+00  0.000000e+00  0.000000e+00  0.000000e+00  3.000000e-02  3.440000e-02  0.000000e+00  0.000000e+00  0.000000e+00  0.000000e+00  9.600000e-03  3.000000e-02  3.440000e-02  2.200000e-03
8.294780e-02  0.000000e+00  0.000000e+00  0.000000e+00  0.000000e+00  3.840000e-02  2.960000e-02  0.000000e+00  0.000000e+00  0.000000e+00  0.000000e+00  1.050000e-02  3.840000e-02  2.960000e-02  0.000000e+00
8.654736e-02  0.000000e+00  0.000000e+00  0.000000e+00  0.000000e+00  3.670000e-02  3.040000e-02  0.000000e+00  0.000000e+00  0.000000e+00  0.000000e+00  1.360000e-02  3.670000e-02  3.040000e-02  0.000000e+00
9.030312e-02  0.000000e+00  0.000000e+00  0.000000e+00  0.000000e+00  3.410000e-02  3.010000e-02  0.000000e+00  0.000000e+00  0.000000e+00  0.000000e+00  1.470000e-02  3.410000e-02  3.010000e-02  0.000000e+00
9.422186e-02  0.000000e+00  0.000000e+00  0.000000e+00  0.000000e+00  3.430000e-02  2.410000e-02  0.000000e+00  0.000000e+00  0.000000e+00  0.000000e+00  1.720000e-02  3.430000e-02  2.410000e-02  0.000000e+00
9.831066e-02  0.000000e+00  0.000000e+00  0.000000e+00  0.000000e+00  3.750000e-02  2.460000e-02  0.000000e+00  0.000000e+00  0.000000e+00  0.000000e+00  2.020000e-02  3.750000e-02  2.460000e-02  0.000000e+00
1.025769e-01  0.000000e+00  0.000000e+00  0.000000e+00  0.000000e+00  3.730000e-02  2.500000e-02  0.000000e+00  0.000000e+00  0.000000e+00  0.000000e+00  2.150000e-02  3.730000e-02  2.500000e-02  0.000000e+00
1.070283e-01  0.000000e+00  0.000000e+00  0.000000e+00  1.530000e-02  3.190000e-02  2.350000e-02  0.000000e+00  0.000000e+00  0.000000e+00  0.000000e+00  2.580000e-02  3.190000e-02  2.350000e-02  0.000000e+00
1.116728e-01  0.000000e+00  0.000000e+00  0.000000e+00  2.830000e-02  2.810000e-02  2.610000e-02  0.000000e+00  0.000000e+00  0.000000e+00  0.000000e+00  2.830000e-02  2.810000e-02  2.610000e-02  0.000000e+00
1.165189e-01  0.000000e+00  0.000000e+00  0.000000e+00  2.850000e-02  3.520000e-02  8.400000e-03  0.000000e+00  0.000000e+00  0.000000e+00  0.000000e+00  2.850000e-02  3.520000e-02  2.180000e-02  0.000000e+00
1.215753e-01  0.000000e+00  0.000000e+00  0.000000e+00  3.230000e-02  3.120000e-02  0.000000e+00  0.000000e+00  0.000000e+00  0.000000e+00  0.000000e+00  3.230000e-02  3.120000e-02  2.130000e-02  0.000000e+00
1.268511e-01  0.000000e+00  0.000000e+00  0.000000e+00  3.220000e-02  3.160000e-02  0.000000e+00  0.000000e+00  0.000000e+00  0.000000e+00  0.000000e+00  3.220000e-02  3.160000e-02  1.980000e-02  0.000000e+00
1.323559e-01  0.000000e+00  0.000000e+00  0.000000e+00  3.740000e-02  2.840000e-02  0.000000e+00  0.000000e+00  0.000000e+00  0.000000e+00  0.000000e+00  3.740000e-02  2.840000e-02  1.680000e-02  0.000000e+00
1.380995e-01  0.000000e+00  0.000000e+00  0.000000e+00  3.980000e-02  2.690000e-02  0.000000e+00  0.000000e+00  0.000000e+00  0.000000e+00  0.000000e+00  3.980000e-02  2.690000e-02  1.600000e-02  0.000000e+00
1.440924e-01  0.000000e+00  0.000000e+00  0.000000e+00  3.680000e-02  2.810000e-02  0.000000e+00  0.000000e+00  0.000000e+00  0.000000e+00  0.000000e+00  3.680000e-02  2.810000e-02  1.280000e-02  0.000000e+00
1.503454e-01  0.000000e+00  0.000000e+00  0.000000e+00  3.530000e-02  2.530000e-02  0.000000e+00  0.000000e+00  0.000000e+00  0.000000e+00  0.000000e+00  3.530000e-02  2.530000e-02  1.110000e-02  0.000000e+00
1.568697e-01  0.000000e+00  0.000000e+00  0.000000e+00  3.840000e-02  2.470000e-02  0.000000e+00  0.000000e+00  0.000000e+00  0.000000e+00  5.700000e-03  3.840000e-02  2.470000e-02  1.040000e-02  0.000000e+00
1.636771e-01  0.000000e+00  0.000000e+00  0.000000e+00  3.720000e-02  4.500000e-03  0.000000e+00  0.000000e+00  0.000000e+00  0.000000e+00  6.400000e-03  3.720000e-02  2.490000e-02  8.800000e-03  0.000000e+00
1.707799e-01  0.000000e+00  0.000000e+00  0.000000e+00  3.190000e-02  0.000000e+00  0.000000e+00  0.000000e+00  0.000000e+00  0.000000e+00  1.110000e-02  3.190000e-02  2.130000e-02  4.600000e-03  0.000000e+00
1.781910e-01  0.000000e+00  0.000000e+00  0.000000e+00  3.620000e-02  0.000000e+00  0.000000e+00  0.000000e+00  0.000000e+00  0.000000e+00  1.150000e-02  3.620000e-02  1.810000e-02  0.000000e+00  0.000000e+00
1.859237e-01  0.000000e+00  0.000000e+00  0.000000e+00  3.250000e-02  0.000000e+00  0.000000e+00  0.000000e+00  0.000000e+00  0.000000e+00  1.370000e-02  3.250000e-02  1.820000e-02  0.000000e+00  0.000000e+00
1.939919e-01  0.000000e+00  0.000000e+00  0.000000e+00  3.500000e-02  0.000000e+00  0.000000e+00  0.000000e+00  0.000000e+00  0.000000e+00  1.780000e-02  3.500000e-02  1.550000e-02  0.000000e+00  0.000000e+00
2.024103e-01  0.000000e+00  0.000000e+00  0.000000e+00  2.940000e-02  0.000000e+00  0.000000e+00  0.000000e+00  0.000000e+00  0.000000e+00  2.210000e-02  2.940000e-02  1.280000e-02  0.000000e+00  0.000000e+00
2.111940e-01  0.000000e+00  0.000000e+00  0.000000e+00  3.340000e-02  0.000000e+00  0.000000e+00  0.000000e+00  0.000000e+00  0.000000e+00  2.140000e-02  3.340000e-02  1.130000e-02  0.000000e+00  0.000000e+00
2.203588e-01  0.000000e+00  0.000000e+00  2.900000e-03  2.960000e-02  0.000000e+00  0.000000e+00  0.000000e+00  0.000000e+00  0.000000e+00  2.820000e-02  2.960000e-02  8.000000e-03  0.000000e+00  0.000000e+00
2.299214e-01  0.000000e+00  0.000000e+00  2.970000e-02  2.720000e-02  0.000000e+00  0.000000e+00  0.000000e+00  0.000000e+00  0.000000e+00  2.970000e-02  2.720000e-02  7.000000e-03  0.000000e+00  0.000000e+00
2.398989e-01  0.000000e+00  0.000000e+00  3.280000e-02  3.220000e-02  0.000000e+00  0.000000e+00  0.000000e+00  0.000000e+00  0.000000e+00  3.280000e-02  3.220000e-02  2.400000e-03  0.000000e+00  0.000000e+00
2.503095e-01  0.000000e+00  0.000000e+00  3.320000e-02  2.610000e-02  0.000000e+00  0.000000e+00  0.000000e+00  0.000000e+00  0.000000e+00  3.320000e-02  2.610000e-02  0.000000e+00  0.000000e+00  0.000000e+00
2.611718e-01  0.000000e+00  0.000000e+00  3.660000e-02  5.000000e-03  0.000000e+00  0.000000e+00  0.000000e+00  0.000000e+00  0.000000e+00  3.660000e-02  2.700000e-02  0.000000e+00  0.000000e+00  0.000000e+00
2.725054e-01  0.000000e+00  0.000000e+00  3.810000e-02  0.000000e+00  0.000000e+00  0.000000e+00  0.000000e+00  0.000000e+00  0.000000e+00  3.810000e-02  2.380000e-02  0.000000e+00  0.000000e+00  0.000000e+00
2.843309e-01  0.000000e+00  0.000000e+00  4.050000e-02  0.000000e+00  0.000000e+00  0.000000e+00  0.000000e+00  0.000000e+00  0.000000e+00  4.050000e-02  2.100000e-02  0.000000e+00  0.000000e+00  0.000000e+00
2.966696e-01  0.000000e+00  0.000000e+00  4.010000e-02  0.000000e+00  0.000000e+00  0.000000e+00  0.000000e+00  0.000000e+00  0.000000e+00  4.010000e-02  1.780000e-02  0.000000e+00  0.000000e+00  0.000000e+00
3.095437e-01  0.000000e+00  0.000000e+00  3.690000e-02  0.000000e+00  0.000000e+00  0.000000e+00  0.000000e+00  0.000000e+00  5.800000e-03  3.690000e-02  1.450000e-02  0.000000e+00  0.000000e+00  0.000000e+00
3.229765e-01  0.000000e+00  0.000000e+00  3.740000e-02  0.000000e+00  0.000000e+00  0.000000e+00  0.000000e+00  0.000000e+00  9.300000e-03  3.740000e-02  1.130000e-02  0.000000e+00  0.000000e+00  0.000000e+00
3.369922e-01  0.000000e+00  0.000000e+00  3.900000e-02  0.000000e+00  0.000000e+00  0.000000e+00  0.000000e+00  0.000000e+00  1.030000e-02  3.900000e-02  9.900000e-03  0.000000e+00  0.000000e+00  0.000000e+00
3.516161e-01  0.000000e+00  0.000000e+00  3.400000e-02  0.000000e+00  0.000000e+00  0.000000e+00  0.000000e+00  0.000000e+00  1.340000e-02  3.400000e-02  7.800000e-03  0.000000e+00  0.000000e+00  0.000000e+00
3.668747e-01  0.000000e+00  0.000000e+00  3.530000e-02  0.000000e+00  0.000000e+00  0.000000e+00  0.000000e+00  0.000000e+00  1.650000e-02  3.530000e-02  6.900000e-03  0.000000e+00  0.000000e+00  0.000000e+00
3.827954e-01  0.000000e+00  0.000000e+00  3.640000e-02  0.000000e+00  0.000000e+00  0.000000e+00  0.000000e+00  0.000000e+00  2.080000e-02  3.640000e-02  0.000000e+00  0.000000e+00  0.000000e+00  0.000000e+00
3.994069e-01  0.000000e+00  0.000000e+00  3.200000e-02  0.000000e+00  0.000000e+00  0.000000e+00  0.000000e+00  0.000000e+00  2.290000e-02  3.200000e-02  0.000000e+00  0.000000e+00  0.000000e+00  0.000000e+00
4.167394e-01  0.000000e+00  0.000000e+00  3.540000e-02  0.000000e+00  0.000000e+00  0.000000e+00  0.000000e+00  0.000000e+00  2.810000e-02  3.540000e-02  0.000000e+00  0.000000e+00  0.000000e+00  0.000000e+00
4.348240e-01  0.000000e+00  2.470000e-02  3.340000e-02  0.000000e+00  0.000000e+00  0.000000e+00  0.000000e+00  0.000000e+00  3.260000e-02  3.340000e-02  0.000000e+00  0.000000e+00  0.000000e+00  0.000000e+00
4.536934e-01  0.000000e+00  3.220000e-02  3.440000e-02  0.000000e+00  0.000000e+00  0.000000e+00  0.000000e+00  0.000000e+00  3.220000e-02  3.440000e-02  0.000000e+00  0.000000e+00  0.000000e+00  0.000000e+00
4.733816e-01  0.000000e+00  3.490000e-02  3.230000e-02  0.000000e+00  0.000000e+00  0.000000e+00  0.000000e+00  0.000000e+00  3.490000e-02  3.230000e-02  0.000000e+00  0.000000e+00  0.000000e+00  0.000000e+00
4.939242e-01  0.000000e+00  3.770000e-02  2.950000e-02  0.000000e+00  0.000000e+00  0.000000e+00  0.000000e+00  0.000000e+00  3.770000e-02  2.950000e-02  0.000000e+00  0.000000e+00  0.000000e+00  0.000000e+00
5.153583e-01  0.000000e+00  3.870000e-02  1.010000e-02  0.000000e+00  0.000000e+00  0.000000e+00  0.000000e+00  0.000000e+00  3.870000e-02  3.050000e-02  0.000000e+00  0.000000e+00  0.000000e+00  0.000000e+00
5.377225e-01  0.000000e+00  4.120000e-02  0.000000e+00  0.000000e+00  0.000000e+00  0.000000e+00  0.000000e+00  0.000000e+00  4.120000e-02  2.900000e-02  0.000000e+00  0.000000e+00  0.000000e+00  0.000000e+00
5.610572e-01  0.000000e+00  3.960000e-02  0.000000e+00  0.000000e+00  0.000000e+00  0.000000e+00  0.000000e+00  0.000000e+00  3.960000e-02  1.990000e-02  0.000000e+00  0.000000e+00  0.000000e+00  0.000000e+00
5.854045e-01  0.000000e+00  4.110000e-02  0.000000e+00  0.000000e+00  0.000000e+00  0.000000e+00  0.000000e+00  0.000000e+00  4.110000e-02  1.800000e-02  0.000000e+00  0.000000e+00  0.000000e+00  0.000000e+00
6.108084e-01  0.000000e+00  4.050000e-02  0.000000e+00  0.000000e+00  0.000000e+00  0.000000e+00  0.000000e+00  0.000000e+00  4.050000e-02  1.350000e-02  0.000000e+00  0.000000e+00  0.000000e+00  0.000000e+00
6.373147e-01  0.000000e+00  3.940000e-02  0.000000e+00  0.000000e+00  0.000000e+00  0.000000e+00  0.000000e+00  0.000000e+00  3.940000e-02  1.080000e-02  0.000000e+00  0.000000e+00  0.000000e+00  0.000000e+00
6.649712e-01  0.000000e+00  3.880000e-02  0.000000e+00  0.000000e+00  0.000000e+00  0.000000e+00  0.000000e+00  0.000000e+00  3.880000e-02  1.040000e-02  0.000000e+00  0.000000e+00  0.000000e+00  0.000000e+00
6.938280e-01  0.000000e+00  3.660000e-02  0.000000e+00  0.000000e+00  0.000000e+00  0.000000e+00  0.000000e+00  0.000000e+00  3.660000e-02  6.600000e-03  0.000000e+00  0.000000e+00  0.000000e+00  0.000000e+00
7.239370e-01  0.000000e+00  3.690000e-02  0.000000e+00  0.000000e+00  0.000000e+00  0.000000e+00  0.000000e+00  0.000000e+00  3.690000e-02  6.400000e-03  0.000000e+00  0.000000e+00  0.000000e+00  0.000000e+00
7.553525e-01  0.000000e+00  3.730000e-02  0.000000e+00  0.000000e+00  0.000000e+00  0.000000e+00  0.000000e+00  0.000000e+00  3.730000e-02  0.000000e+00  0.000000e+00  0.000000e+00  0.000000e+00  0.000000e+00
7.881314e-01  0.000000e+00  3.460000e-02  0.000000e+00  0.000000e+00  0.000000e+00  0.000000e+00  0.000000e+00  0.000000e+00  3.460000e-02  0.000000e+00  0.000000e+00  0.000000e+00  0.000000e+00  0.000000e+00
8.223327e-01  0.000000e+00  3.360000e-02  0.000000e+00  0.000000e+00  0.000000e+00  0.000000e+00  0.000000e+00  0.000000e+00  3.360000e-02  0.000000e+00  0.000000e+00  0.000000e+00  0.000000e+00  0.000000e+00
8.580182e-01  0.000000e+00  3.210000e-02  0.000000e+00  0.000000e+00  0.000000e+00  0.000000e+00  0.000000e+00  0.000000e+00  3.210000e-02  0.000000e+00  0.000000e+00  0.000000e+00  0.000000e+00  0.000000e+00
8.952523e-01  0.000000e+00  2.980000e-02  0.000000e+00  0.000000e+00  0.000000e+00  0.000000e+00  0.000000e+00  0.000000e+00  2.980000e-02  0.000000e+00  0.000000e+00  0.000000e+00  0.000000e+00  0.000000e+00
9.341022e-01  0.000000e+00  3.030000e-02  0.000000e+00  0.000000e+00  0.000000e+00  0.000000e+00  0.000000e+00  0.000000e+00  3.340000e-02  0.000000e+00  0.000000e+00  0.000000e+00  0.000000e+00  0.000000e+00
9.746379e-01  0.000000e+00  0.000000e+00  0.000000e+00  0.000000e+00  0.000000e+00  0.000000e+00  0.000000e+00  0.000000e+00  2.880000e-02  0.000000e+00  0.000000e+00  0.000000e+00  0.000000e+00  0.000000e+00
1.016933e+00  0.000000e+00  0.000000e+00  0.000000e+00  0.000000e+00  0.000000e+00  0.000000e+00  0.000000e+00  4.800000e-03  2.620000e-02  0.000000e+00  0.000000e+00  0.000000e+00  0.000000e+00  0.000000e+00
1.061063e+00  0.000000e+00  0.000000e+00  0.000000e+00  0.000000e+00  0.000000e+00  0.000000e+00  0.000000e+00  5.900000e-03  2.140000e-02  0.000000e+00  0.000000e+00  0.000000e+00  0.000000e+00  0.000000e+00
1.107108e+00  0.000000e+00  0.000000e+00  0.000000e+00  0.000000e+00  0.000000e+00  0.000000e+00  0.000000e+00  7.100000e-03  1.570000e-02  0.000000e+00  0.000000e+00  0.000000e+00  0.000000e+00  0.000000e+00
1.155152e+00  0.000000e+00  0.000000e+00  0.000000e+00  0.000000e+00  0.000000e+00  0.000000e+00  0.000000e+00  9.100000e-03  1.360000e-02  0.000000e+00  0.000000e+00  0.000000e+00  0.000000e+00  0.000000e+00
1.205280e+00  0.000000e+00  0.000000e+00  0.000000e+00  0.000000e+00  0.000000e+00  0.000000e+00  0.000000e+00  1.000000e-02  1.020000e-02  0.000000e+00  0.000000e+00  0.000000e+00  0.000000e+00  0.000000e+00
1.257584e+00  0.000000e+00  0.000000e+00  0.000000e+00  0.000000e+00  0.000000e+00  0.000000e+00  0.000000e+00  1.380000e-02  8.000000e-03  0.000000e+00  0.000000e+00  0.000000e+00  0.000000e+00  0.000000e+00
1.312157e+00  0.000000e+00  0.000000e+00  0.000000e+00  0.000000e+00  0.000000e+00  0.000000e+00  0.000000e+00  1.640000e-02  7.700000e-03  0.000000e+00  0.000000e+00  0.000000e+00  0.000000e+00  0.000000e+00
1.369099e+00  0.000000e+00  0.000000e+00  0.000000e+00  0.000000e+00  0.000000e+00  0.000000e+00  0.000000e+00  1.670000e-02  3.000000e-04  0.000000e+00  0.000000e+00  0.000000e+00  0.000000e+00  0.000000e+00
1.428512e+00  0.000000e+00  0.000000e+00  0.000000e+00  0.000000e+00  0.000000e+00  0.000000e+00  0.000000e+00  2.410000e-02  0.000000e+00  0.000000e+00  0.000000e+00  0.000000e+00  0.000000e+00  0.000000e+00
1.490502e+00  3.100000e-03  0.000000e+00  0.000000e+00  0.000000e+00  0.000000e+00  0.000000e+00  0.000000e+00  3.020000e-02  0.000000e+00  0.000000e+00  0.000000e+00  0.000000e+00  0.000000e+00  0.000000e+00
1.555184e+00  3.300000e-02  0.000000e+00  0.000000e+00  0.000000e+00  0.000000e+00  0.000000e+00  0.000000e+00  3.300000e-02  0.000000e+00  0.000000e+00  0.000000e+00  0.000000e+00  0.000000e+00  0.000000e+00
1.622671e+00  3.950000e-02  0.000000e+00  0.000000e+00  0.000000e+00  0.000000e+00  0.000000e+00  0.000000e+00  3.950000e-02  0.000000e+00  0.000000e+00  0.000000e+00  0.000000e+00  0.000000e+00  0.000000e+00
1.693088e+00  4.140000e-02  0.000000e+00  0.000000e+00  0.000000e+00  0.000000e+00  0.000000e+00  0.000000e+00  4.140000e-02  0.000000e+00  0.000000e+00  0.000000e+00  0.000000e+00  0.000000e+00  0.000000e+00
1.766560e+00  4.240000e-02  0.000000e+00  0.000000e+00  0.000000e+00  0.000000e+00  0.000000e+00  0.000000e+00  4.240000e-02  0.000000e+00  0.000000e+00  0.000000e+00  0.000000e+00  0.000000e+00  0.000000e+00
1.843221e+00  3.900000e-02  0.000000e+00  0.000000e+00  0.000000e+00  0.000000e+00  0.000000e+00  0.000000e+00  3.900000e-02  0.000000e+00  0.000000e+00  0.000000e+00  0.000000e+00  0.000000e+00  0.000000e+00
1.923208e+00  4.540000e-02  0.000000e+00  0.000000e+00  0.000000e+00  0.000000e+00  0.000000e+00  0.000000e+00  4.540000e-02  0.000000e+00  0.000000e+00  0.000000e+00  0.000000e+00  0.000000e+00  0.000000e+00
2.006667e+00  4.440000e-02  0.000000e+00  0.000000e+00  0.000000e+00  0.000000e+00  0.000000e+00  0.000000e+00  4.440000e-02  0.000000e+00  0.000000e+00  0.000000e+00  0.000000e+00  0.000000e+00  0.000000e+00
2.093747e+00  4.300000e-02  0.000000e+00  0.000000e+00  0.000000e+00  0.000000e+00  0.000000e+00  0.000000e+00  4.300000e-02  0.000000e+00  0.000000e+00  0.000000e+00  0.000000e+00  0.000000e+00  0.000000e+00
2.184606e+00  4.340000e-02  0.000000e+00  0.000000e+00  0.000000e+00  0.000000e+00  0.000000e+00  0.000000e+00  4.340000e-02  0.000000e+00  0.000000e+00  0.000000e+00  0.000000e+00  0.000000e+00  0.000000e+00
2.279408e+00  4.110000e-02  0.000000e+00  0.000000e+00  0.000000e+00  0.000000e+00  0.000000e+00  0.000000e+00  4.110000e-02  0.000000e+00  0.000000e+00  0.000000e+00  0.000000e+00  0.000000e+00  0.000000e+00
2.378324e+00  4.150000e-02  0.000000e+00  0.000000e+00  0.000000e+00  0.000000e+00  0.000000e+00  0.000000e+00  4.150000e-02  0.000000e+00  0.000000e+00  0.000000e+00  0.000000e+00  0.000000e+00  0.000000e+00
2.481532e+00  4.070000e-02  0.000000e+00  0.000000e+00  0.000000e+00  0.000000e+00  0.000000e+00  0.000000e+00  4.070000e-02  0.000000e+00  0.000000e+00  0.000000e+00  0.000000e+00  0.000000e+00  0.000000e+00
2.589220e+00  3.730000e-02  0.000000e+00  0.000000e+00  0.000000e+00  0.000000e+00  0.000000e+00  0.000000e+00  3.730000e-02  0.000000e+00  0.000000e+00  0.000000e+00  0.000000e+00  0.000000e+00  0.000000e+00
2.701580e+00  3.970000e-02  0.000000e+00  0.000000e+00  0.000000e+00  0.000000e+00  0.000000e+00  0.000000e+00  3.970000e-02  0.000000e+00  0.000000e+00  0.000000e+00  0.000000e+00  0.000000e+00  0.000000e+00
2.818816e+00  3.640000e-02  0.000000e+00  0.000000e+00  0.000000e+00  0.000000e+00  0.000000e+00  0.000000e+00  3.640000e-02  0.000000e+00  0.000000e+00  0.000000e+00  0.000000e+00  0.000000e+00  0.000000e+00
2.941140e+00  3.780000e-02  0.000000e+00  0.000000e+00  0.000000e+00  0.000000e+00  0.000000e+00  0.000000e+00  3.780000e-02  0.000000e+00  0.000000e+00  0.000000e+00  0.000000e+00  0.000000e+00  0.000000e+00
3.068772e+00  3.080000e-02  0.000000e+00  0.000000e+00  0.000000e+00  0.000000e+00  0.000000e+00  0.000000e+00  3.080000e-02  0.000000e+00  0.000000e+00  0.000000e+00  0.000000e+00  0.000000e+00  0.000000e+00
3.201943e+00  1.000000e-04  0.000000e+00  0.000000e+00  0.000000e+00  0.000000e+00  0.000000e+00  0.000000e+00  2.760000e-02  0.000000e+00  0.000000e+00  0.000000e+00  0.000000e+00  0.000000e+00  0.000000e+00
3.340893e+00  0.000000e+00  0.000000e+00  0.000000e+00  0.000000e+00  0.000000e+00  0.000000e+00  0.000000e+00  2.380000e-02  0.000000e+00  0.000000e+00  0.000000e+00  0.000000e+00  0.000000e+00  0.000000e+00
3.485872e+00  0.000000e+00  0.000000e+00  0.000000e+00  0.000000e+00  0.000000e+00  0.000000e+00  0.000000e+00  2.270000e-02  0.000000e+00  0.000000e+00  0.000000e+00  0.000000e+00  0.000000e+00  0.000000e+00
3.637143e+00  0.000000e+00  0.000000e+00  0.000000e+00  0.000000e+00  0.000000e+00  0.000000e+00  0.000000e+00  1.870000e-02  0.000000e+00  0.000000e+00  0.000000e+00  0.000000e+00  0.000000e+00  0.000000e+00
3.794979e+00  0.000000e+00  0.000000e+00  0.000000e+00  0.000000e+00  0.000000e+00  0.000000e+00  0.000000e+00  1.360000e-02  0.000000e+00  0.000000e+00  0.000000e+00  0.000000e+00  0.000000e+00  0.000000e+00
3.959664e+00  0.000000e+00  0.000000e+00  0.000000e+00  0.000000e+00  0.000000e+00  0.000000e+00  0.000000e+00  1.260000e-02  0.000000e+00  0.000000e+00  0.000000e+00  0.000000e+00  0.000000e+00  0.000000e+00
4.131495e+00  0.000000e+00  0.000000e+00  0.000000e+00  0.000000e+00  0.000000e+00  0.000000e+00  0.000000e+00  9.200000e-03  0.000000e+00  0.000000e+00  0.000000e+00  0.000000e+00  0.000000e+00  0.000000e+00
4.310783e+00  0.000000e+00  0.000000e+00  0.000000e+00  0.000000e+00  0.000000e+00  0.000000e+00  0.000000e+00  6.900000e-03  0.000000e+00  0.000000e+00  0.000000e+00  0.000000e+00  0.000000e+00  0.000000e+00
