2.244891e-04  0.000000e+00  0.000000e+00  0.000000e+00  0.000000e+00  0.000000e+00  0.000000e+00  0.000000e+00  0.000000e+00  0.000000e+00  0.000000e+00  0.000000e+00  0.000000e+00  0.000000e+00  3.300000e-03
2.345166e-04  0.000000e+00  0.000000e+00  0.000000e+00  0.000000e+00  0.000000e+00  0.000000e+00  0.000000e+00  0.000000e+00  0.000000e+00  0.000000e+00  0.000000e+00  0.000000e+00  0.000000e+00  3.900000e-03
2.449920e-04  0.000000e+00  0.000000e+00  0.000000e+00  0.000000e+00  0.000000e+00  0.000000e+00  0.000000e+00  0.000000e+00  0.000000e+00  0.000000e+00  0.000000e+00  0.000000e+00  0.000000e+00  4.800000e-03
2.559353e-04  0.000000e+00  0.000000e+00  0.000000e+00  0.000000e+00  0.000000e+00  0.000000e+00  0.000000e+00  0.000000e+00  0.000000e+00  0.000000e+00  0.000000e+00  0.000000e+00  0.000000e+00  3.500000e-03
2.673675e-04  0.000000e+00  0.000000e+00  0.000000e+00  0.000000e+00  0.000000e+00  0.000000e+00  0.000000e+00  0.000000e+00  0.000000e+00  0.000000e+00  0.000000e+00  0.000000e+00  0.000000e+00  6.400000e-03
2.793103e-04  0.000000e+00  0.000000e+00  0.000000e+00  0.000000e+00  0.000000e+00  0.000000e+00  0.000000e+00  0.000000e+00  0.000000e+00  0.000000e+00  0.000000e+00  0.000000e+00  0.000000e+00  5.500000e-03
2.917865e-04  0.000000e+00  0.000000e+00  0.000000e+00  0.000000e+00  0.000000e+00  0.000000e+00  0.000000e+00  0.000000e+00  0.000000e+00  0.000000e+00  0.000000e+00  0.000000e+00  0.000000e+00  7.100000e-03
3.048201e-04  0.000000e+00  0.000000e+00  0.000000e+00  0.000000e+00  0.000000e+00  0.000000e+00  0.000000e+00  0.000000e+00  0.000000e+00  0.000000e+00  0.000000e+00  0.000000e+00  0.000000e+00  7.800000e-03
3.184358e-04  0.000000e+00  0.000000e+00  0.000000e+00  0.000000e+00  0.000000e+00  0.000000e+00  0.000000e+00  0.000000e+00  0.000000e+00  0.000000e+00  0.000000e+00  0.000000e+00  0.000000e+00  9.200000e-03
3.326598e-04  0.000000e+00  0.000000e+00  0.000000e+00  0.000000e+00  0.000000e+00  0.000000e+00  0.000000e+00  0.000000e+00  0.000000e+00  0.000000e+00  0.000000e+00  0.000000e+00  0.000000e+00  1.080000e-02
3.475190e-04  0.000000e+00  0.000000e+00  0.000000e+00  0.000000e+00  0.000000e+00  0.000000e+00  0.000000e+00  0.000000e+00  0.000000e+00  0.000000e+00  0.000000e+00  0.000000e+00  0.000000e+00  1.010000e-02
3.630421e-04  0.000000e+00  0.000000e+00  0.000000e+00  0.000000e+00  0.000000e+00  0.000000e+00  0.000000e+00  0.000000e+00  0.000000e+00  0.000000e+00  0.000000e+00  0.000000e+00  0.000000e+00  1.050000e-02
3.792585e-04  0.000000e+00  0.000000e+00  0.000000e+00  0.000000e+00  0.000000e+00  0.000000e+00  0.000000e+00  0.000000e+00  0.000000e+00  0.000000e+00  0.000000e+00  0.000000e+00  0.000000e+00  1.120000e-02
3.961992e-04  0.000000e+00  0.000000e+00  0.000000e+00  0.000000e+00  0.000000e+00  0.000000e+00  0.000000e+00  0.000000e+00  0.000000e+00  0.000000e+00  0.000000e+00  0.000000e+00  0.000000e+00  1.240000e-02
4.138967e-04  0.000000e+00  0.000000e+00  0.000000e+00  0.000000e+00  0.000000e+00  0.000000e+00  0.000000e+00  0.000000e+00  0.000000e+00  0.000000e+00  0.000000e+00  0.000000e+00  0.000000e+00  1.260000e-02
4.323847e-04  0.000000e+00  0.000000e+00  0.000000e+00  0.000000e+00  0.000000e+00  0.000000e+00  0.000000e+00  0.000000e+00  0.000000e+00  0.000000e+00  0.000000e+00  0.000000e+00  0.000000e+00  1.250000e-02
4.516985e-04  0.000000e+00  0.000000e+00  0.000000e+00  0.000000e+00  0.000000e+00  0.000000e+00  9.500000e-03  0.000000e+00  0.000000e+00  0.000000e+00  0.000000e+00  0.000000e+00  0.000000e+00  1.290000e-02
4.718750e-04  0.000000e+00  0.000000e+00  0.000000e+00  0.000000e+00  0.000000e+00  0.000000e+00  1.670000e-02  0.000000e+00  0.000000e+00  0.000000e+00  0.000000e+00  0.000000e+00  0.000000e+00  1.670000e-02
4.929528e-04  0.000000e+00  0.000000e+00  0.000000e+00  0.000000e+00  0.000000e+00  0.000000e+00  1.550000e-02  0.000000e+00  0.000000e+00  0.000000e+00  0.000000e+00  0.000000e+00  0.000000e+00  1.550000e-02
5.149721e-04  0.000000e+00  0.000000e+00  0.000000e+00  0.000000e+00  0.000000e+00  0.000000e+00  1.560000e-02  0.000000e+00  0.000000e+00  0.000000e+00  0.000000e+00  0.000000e+00  0.000000e+00  1.560000e-02
5.379749e-04  0.000000e+00  0.000000e+00  0.000000e+00  0.000000e+00  0.000000e+00  0.000000e+00  1.630000e-02  0.000000e+00  0.000000e+00  0.000000e+00  0.000000e+00  0.000000e+00  0.000000e+00  1.630000e-02
5.620052e-04  0.000000e+00  0.000000e+00  0.000000e+00  0.000000e+00  0.000000e+00  0.000000e+00  1.510000e-02  0.000000e+00  0.000000e+00  0.000000e+00  0.000000e+00  0.000000e+00  0.000000e+00  1.510000e-02
5.871089e-04  0.000000e+00  0.000000e+00  0.000000e+00  0.000000e+00  0.000000e+00  0.000000e+00  1.630000e-02  0.000000e+00  0.000000e+00  0.000000e+00  0.000000e+00  0.000000e+00  0.000000e+00  1.630000e-02
6.133340e-04  0.000000e+00  0.000000e+00  0.000000e+00  0.000000e+00  0.000000e+00  0.000000e+00  1.770000e-02  0.000000e+00  0.000000e+00  0.000000e+00  0.000000e+00  0.000000e+00  0.000000e+00  1.770000e-02
6.407305e-04  0.000000e+00  0.000000e+00  0.000000e+00  0.000000e+00  0.000000e+00  0.000000e+00  1.600000e-02  0.000000e+00  0.000000e+00  0.000000e+00  0.000000e+00  0.000000e+00  0.000000e+00  1.600000e-02
6.693507e-04  0.000000e+00  0.000000e+00  0.000000e+00  0.000000e+00  0.000000e+00  0.000000e+00  1.620000e-02  0.000000e+00  0.000000e+00  0.000000e+00  0.000000e+00  0.000000e+00  0.000000e+00  1.620000e-02
6.992493e-04  0.000000e+00  0.000000e+00  0.000000e+00  0.000000e+00  0.000000e+00  0.000000e+00  1.720000e-02  0.000000e+00  0.000000e+00  0.000000e+00  0.000000e+00  0.000000e+00  0.000000e+00  1.720000e-02
7.304835e-04  0.000000e+00  0.000000e+00  0.000000e+00  0.000000e+00  0.000000e+00  0.000000e+00  1.580000e-02  0.000000e+00  0.000000e+00  0.000000e+00  0.000000e+00  0.000000e+00  0.000000e+00  1.580000e-02
7.631128e-04  0.000000e+00  0.000000e+00  0.000000e+00  0.000000e+00  0.000000e+00  0.000000e+00  1.770000e-02  0.000000e+00  0.000000e+00  0.000000e+00  0.000000e+00  0.000000e+00  0.000000e+00  1.770000e-02
7.971996e-04  0.000000e+00  0.000000e+00  0.000000e+00  0.000000e+00  0.000000e+00  0.000000e+00  1.790000e-02  0.000000e+00  0.000000e+00  0.000000e+00  0.000000e+00  0.000000e+00  0.000000e+00  1.790000e-02
8.328090e-04  0.000000e+00  0.000000e+00  0.000000e+00  0.000000e+00  0.000000e+00  0.000000e+00  1.970000e-02  0.000000e+00  0.000000e+00  0.000000e+00  0.000000e+00  0.000000e+00  5.400000e-03  1.970000e-02
8.700090e-04  0.000000e+00  0.000000e+00  0.000000e+00  0.000000e+00  0.000000e+00  0.000000e+00  1.630000e-02  0.000000e+00  0.000000e+00  0.000000e+00  0.000000e+00  0.000000e+00  5.500000e-03  1.630000e-02
9.088707e-04  0.000000e+00  0.000000e+00  0.000000e+00  0.000000e+00  0.000000e+00  0.000000e+00  1.810000e-02  0.000000e+00  0.000000e+00  0.000000e+00  0.000000e+00  0.000000e+00  6.000000e-03  1.810000e-02
9.494682e-04  0.000000e+00  0.000000e+00  0.000000e+00  0.000000e+00  0.000000e+00  0.000000e+00  1.780000e-02  0.000000e+00  0.000000e+00  0.000000e+00  0.000000e+00  0.000000e+00  8.800000e-03  1.780000e-02
9.918792e-04  0.000000e+00  0.000000e+00  0.000000e+00  0.000000e+00  0.000000e+00  0.000000e+00  1.580000e-02  0.000000e+00  0.000000e+00  0.000000e+00  0.000000e+00  0.000000e+00  7.900000e-03  1.580000e-02
1.036185e-03  0.000000e+00  0.000000e+00  0.000000e+00  0.000000e+00  0.000000e+00  0.000000e+00  1.820000e-02  0.000000e+00  0.000000e+00  0.000000e+00  0.000000e+00  0.000000e+00  7.600000e-03  1.820000e-02
1.082469e-03  0.000000e+00  0.000000e+00  0.000000e+00  0.000000e+00  0.000000e+00  0.000000e+00  1.860000e-02  0.000000e+00  0.000000e+00  0.000000e+00  0.000000e+00  0.000000e+00  1.050000e-02  1.860000e-02
1.130821e-03  0.000000e+00  0.000000e+00  0.000000e+00  0.000000e+00  0.000000e+00  0.000000e+00  1.610000e-02  0.000000e+00  0.000000e+00  0.000000e+00  0.000000e+00  0.000000e+00  1.020000e-02  1.610000e-02
1.181332e-03  0.000000e+00  0.000000e+00  0.000000e+00  0.000000e+00  0.000000e+00  0.000000e+00  1.710000e-02  0.000000e+00  0.000000e+00  0.000000e+00  0.000000e+00  0.000000e+00  1.130000e-02  1.710000e-02
1.234100e-03  0.000000e+00  0.000000e+00  0.000000e+00  0.000000e+00  0.000000e+00  0.000000e+00  1.510000e-02  0.000000e+00  0.000000e+00  0.000000e+00  0.000000e+00  1.300000e-03  9.100000e-03  1.510000e-02
1.289225e-03  0.000000e+00  0.000000e+00  0.000000e+00  0.000000e+00  0.000000e+00  0.000000e+00  1.810000e-02  0.000000e+00  0.000000e+00  0.000000e+00  0.000000e+00  4.800000e-03  1.390000e-02  1.810000e-02
1.346813e-03  0.000000e+00  0.000000e+00  0.000000e+00  0.000000e+00  0.000000e+00  0.000000e+00  1.730000e-02  0.000000e+00  0.000000e+00  0.000000e+00  0.000000e+00  7.100000e-03  1.280000e-02  1.730000e-02
1.406972e-03  0.000000e+00  0.000000e+00  0.000000e+00  0.000000e+00  0.000000e+00  0.000000e+00  1.400000e-02  0.000000e+00  0.000000e+00  0.000000e+00  0.000000e+00  8.300000e-03  1.330000e-02  1.400000e-02
1.469819e-03  0.000000e+00  0.000000e+00  0.000000e+00  0.000000e+00  0.000000e+00  5.200000e-03  1.640000e-02  0.000000e+00  0.000000e+00  0.000000e+00  0.000000e+00  7.200000e-03  1.790000e-02  1.640000e-02
1.535473e-03  0.000000e+00  0.000000e+00  0.000000e+00  0.000000e+00  0.000000e+00  1.730000e-02  1.830000e-02  0.000000e+00  0.000000e+00  0.000000e+00  0.000000e+00  8.800000e-03  1.730000e-02  1.830000e-02
1.604060e-03  0.000000e+00  0.000000e+00  0.000000e+00  0.000000e+00  0.000000e+00  2.010000e-02  1.870000e-02  0.000000e+00  0.000000e+00  0.000000e+00  0.000000e+00  1.040000e-02  2.010000e-02  1.870000e-02
1.675710e-03  0.000000e+00  0.000000e+00  0.000000e+00  0.000000e+00  0.000000e+00  2.190000e-02  1.760000e-02  0.000000e+00  0.000000e+00  0.000000e+00  0.000000e+00  8.800000e-03  2.190000e-02  1.760000e-02
1.750561e-03  0.000000e+00  0.000000e+00  0.000000e+00  0.000000e+00  0.000000e+00  2.000000e-02  1.620000e-02  0.000000e+00  0.000000e+00  0.000000e+00  0.000000e+00  1.330000e-02  2.000000e-02  1.620000e-02
1.828755e-03  0.000000e+00  0.000000e+00  0.000000e+00  0.000000e+00  0.000000e+00  1.890000e-02  1.710000e-02  0.000000e+00  0.000000e+00  0.000000e+00  0.000000e+00  1.080000e-02  1.890000e-02  1.710000e-02
1.910442e-03  0.000000e+00  0.000000e+00  0.000000e+00  0.000000e+00  0.000000e+00  2.090000e-02  1.720000e-02  0.000000e+00  0.000000e+00  0.000000e+00  0.000000e+00  1.340000e-02  2.090000e-02  1.720000e-02
1.995778e-03  0.000000e+00  0.000000e+00  0.000000e+00  0.000000e+00  0.000000e+00  2.120000e-02  1.750000e-02  0.000000e+00  0.000000e+00  0.000000e+00  0.000000e+00  1.320000e-02  2.120000e-02  1.750000e-02
2.084926e-03  0.000000e+00  0.000000e+00  0.000000e+00  0.000000e+00  0.000000e+00  2.190000e-02  1.570000e-02  0.000000e+00  0.000000e+00  0.000000e+00  4.300000e-03  1.670000e-02  2.190000e-02  1.570000e-02
2.178055e-03  0.000000e+00  0.000000e+00  0.000000e+00  0.000000e+00  4.700000e-03  2.290000e-02  1.610000e-02  0.000000e+00  0.000000e+00  0.000000e+00  6.300000e-03  1.560000e-02  2.290000e-02  1.610000e-02
2.275345e-03  0.000000e+00  0.000000e+00  0.000000e+00  0.000000e+00  2.060000e-02  2.230000e-02  1.410000e-02  0.000000e+00  0.000000e+00  0.000000e+00  6.900000e-03  2.060000e-02  2.230000e-02  1.410000e-02
2.376980e-03  0.000000e+00  0.000000e+00  0.000000e+00  0.000000e+00  1.960000e-02  2.630000e-02  1.430000e-02  0.000000e+00  0.000000e+00  0.000000e+00  8.800000e-03  1.960000e-02  2.630000e-02  1.430000e-02
2.483156e-03  0.000000e+00  0.000000e+00  0.000000e+00  0.000000e+00  1.920000e-02  2.380000e-02  1.630000e-02  0.000000e+00  0.000000e+00  0.000000e+00  9.200000e-03  1.920000e-02  2.380000e-02  1.630000e-02
2.594074e-03  0.000000e+00  0.000000e+00  0.000000e+00  0.000000e+00  2.380000e-02  2.300000e-02  1.340000e-02  0.000000e+00  0.000000e+00  0.000000e+00  9.500000e-03  2.380000e-02  2.300000e-02  1.340000e-02
2.709946e-03  0.000000e+00  0.000000e+00  0.000000e+00  0.000000e+00  2.320000e-02  2.360000e-02  5.400000e-03  0.000000e+00  0.000000e+00  0.000000e+00  9.600000e-03  2.320000e-02  2.360000e-02  1.530000e-02
2.830994e-03  0.000000e+00  0.000000e+00  0.000000e+00  0.000000e+00  2.400000e-02  2.290000e-02  0.000000e+00  0.000000e+00  0.000000e+00  0.000000e+00  1.270000e-02  2.400000e-02  2.290000e-02  1.370000e-02
2.957449e-03  0.000000e+00  0.000000e+00  0.000000e+00  0.000000e+00  2.210000e-02  2.200000e-02  0.000000e+00  0.000000e+00  0.000000e+00  0.000000e+00  1.230000e-02  2.210000e-02  2.200000e-02  1.210000e-02
3.089553e-03  0.000000e+00  0.000000e+00  0.000000e+00  0.000000e+00  2.500000e-02  2.160000e-02  0.000000e+00  0.000000e+00  0.000000e+00  0.000000e+00  1.350000e-02  2.500000e-02  2.160000e-02  1.230000e-02
3.227557e-03  0.000000e+00  0.000000e+00  0.000000e+00  0.000000e+00  2.410000e-02  2.420000e-02  0.000000e+00  0.000000e+00  0.000000e+00  0.000000e+00  1.390000e-02  2.410000e-02  2.420000e-02  1.190000e-02
3.371726e-03  0.000000e+00  0.000000e+00  0.000000e+00  0.000000e+00  2.630000e-02  2.290000e-02  0.000000e+00  0.000000e+00  0.000000e+00  0.000000e+00  1.560000e-02  2.630000e-02  2.290000e-02  1.100000e-02
3.522335e-03  0.000000e+00  0.000000e+00  0.000000e+00  8.500000e-03  2.540000e-02  2.380000e-02  0.000000e+00  0.000000e+00  0.000000e+00  0.000000e+00  2.090000e-02  2.540000e-02  2.380000e-02  1.080000e-02
3.679671e-03  0.000000e+00  0.000000e+00  0.000000e+00  2.150000e-02  2.530000e-02  2.220000e-02  0.000000e+00  0.000000e+00  0.000000e+00  0.000000e+00  2.150000e-02  2.530000e-02  2.220000e-02  1.100000e-02
3.844035e-03  0.000000e+00  0.000000e+00  0.000000e+00  2.010000e-02  2.450000e-02  2.150000e-02  0.000000e+00  0.000000e+00  0.000000e+00  0.000000e+00  2.010000e-02  2.450000e-02  2.150000e-02  8.000000e-03
4.015741e-03  0.000000e+00  0.000000e+00  0.000000e+00  2.240000e-02  2.490000e-02  2.150000e-02  0.000000e+00  0.000000e+00  0.000000e+00  3.500000e-03  2.240000e-02  2.490000e-02  2.150000e-02  9.100000e-03
4.195117e-03  0.000000e+00  0.000000e+00  0.000000e+00  2.300000e-02  2.660000e-02  2.000000e-02  0.000000e+00  0.000000e+00  0.000000e+00  4.400000e-03  2.300000e-02  2.660000e-02  2.000000e-02  7.900000e-03
4.382505e-03  0.000000e+00  0.000000e+00  0.000000e+00  2.420000e-02  2.520000e-02  2.160000e-02  0.000000e+00  0.000000e+00  0.000000e+00  6.900000e-03  2.420000e-02  2.520000e-02  2.160000e-02  5.300000e-03
4.578263e-03  0.000000e+00  0.000000e+00  0.000000e+00  2.660000e-02  2.240000e-02  2.110000e-02  0.000000e+00  0.000000e+00  0.000000e+00  8.400000e-03  2.660000e-02  2.240000e-02  2.110000e-02  5.500000e-03
4.782765e-03  0.000000e+00  0.000000e+00  0.000000e+00  2.700000e-02  2.660000e-02  1.730000e-02  0.000000e+00  0.000000e+00  0.000000e+00  7.900000e-03  2.700000e-02  2.660000e-02  1.730000e-02  4.900000e-03
4.996402e-03  0.000000e+00  0.000000e+00  0.000000e+00  2.720000e-02  2.760000e-02  1.970000e-02  0.000000e+00  0.000000e+00  0.000000e+00  1.190000e-02  2.720000e-02  2.760000e-02  1.970000e-02  1.600000e-03
5.219582e-03  0.000000e+00  0.000000e+00  0.000000e+00  2.580000e-02  2.350000e-02  2.080000e-02  0.000000e+00  0.000000e+00  0.000000e+00  1.280000e-02  2.580000e-02  2.350000e-02  2.080000e-02  0.000000e+00
5.452731e-03  0.000000e+00  0.000000e+00  0.000000e+00  2.790000e-02  2.270000e-02  2.050000e-02  0.000000e+00  0.000000e+00  0.000000e+00  1.180000e-02  2.790000e-02  2.270000e-02  2.050000e-02  0.000000e+00
5.696294e-03  0.000000e+00  0.000000e+00  0.000000e+00  2.580000e-02  2.090000e-02  1.550000e-02  0.000000e+00  0.000000e+00  0.000000e+00  1.380000e-02  2.580000e-02  2.090000e-02  1.550000e-02  0.000000e+00
5.950737e-03  0.000000e+00  0.000000e+00  0.000000e+00  2.560000e-02  2.260000e-02  1.160000e-02  0.000000e+00  0.000000e+00  0.000000e+00  1.550000e-02  2.560000e-02  2.260000e-02  1.620000e-02  0.000000e+00
6.216545e-03  0.000000e+00  0.000000e+00  0.000000e+00  3.010000e-02  2.310000e-02  0.000000e+00  0.000000e+00  0.000000e+00  0.000000e+00  1.700000e-02  3.010000e-02  2.310000e-02  1.260000e-02  0.000000e+00
6.494227e-03  0.000000e+00  0.000000e+00  0.000000e+00  2.450000e-02  2.040000e-02  0.000000e+00  0.000000e+00  0.000000e+00  0.000000e+00  1.990000e-02  2.450000e-02  2.040000e-02  1.530000e-02  0.000000e+00
6.784312e-03  0.000000e+00  0.000000e+00  1.930000e-02  2.850000e-02  2.200000e-02  0.000000e+00  0.000000e+00  0.000000e+00  0.000000e+00  2.050000e-02  2.850000e-02  2.200000e-02  1.440000e-02  0.000000e+00
7.087354e-03  0.000000e+00  0.000000e+00  2.180000e-02  2.860000e-02  1.860000e-02  0.000000e+00  0.000000e+00  0.000000e+00  4.300000e-03  2.180000e-02  2.860000e-02  1.860000e-02  1.430000e-02  0.000000e+00
7.403933e-03  0.000000e+00  0.000000e+00  2.500000e-02  2.770000e-02  1.690000e-02  0.000000e+00  0.000000e+00  0.000000e+00  5.400000e-03  2.500000e-02  2.770000e-02  1.690000e-02  1.210000e-02  0.000000e+00
7.734652e-03  0.000000e+00  0.000000e+00  2.510000e-02  2.630000e-02  1.730000e-02  0.000000e+00  0.000000e+00  0.000000e+00  6.700000e-03  2.510000e-02  2.630000e-02  1.730000e-02  1.010000e-02  0.000000e+00
8.080145e-03  0.000000e+00  0.000000e+00  2.470000e-02  2.550000e-02  1.090000e-02  0.000000e+00  0.000000e+00  0.000000e+00  6.500000e-03  2.470000e-02  2.550000e-02  1.860000e-02  1.090000e-02  0.000000e+00
8.441070e-03  0.000000e+00  0.000000e+00  2.630000e-02  2.450000e-02  0.000000e+00  0.000000e+00  0.000000e+00  0.000000e+00  1.120000e-02  2.630000e-02  2.450000e-02  1.520000e-02  1.150000e-02  0.000000e+00
8.818116e-03  0.000000e+00  0.000000e+00  2.860000e-02  2.330000e-02  0.000000e+00  0.000000e+00  0.000000e+00  0.000000e+00  1.190000e-02  2.860000e-02  2.330000e-02  1.420000e-02  8.200000e-03  0.000000e+00
9.212005e-03  0.000000e+00  0.000000e+00  2.910000e-02  2.340000e-02  0.000000e+00  0.000000e+00  0.000000e+00  0.000000e+00  1.250000e-02  2.910000e-02  2.340000e-02  1.180000e-02  6.900000e-03  0.000000e+00
9.623488e-03  0.000000e+00  0.000000e+00  2.850000e-02  2.470000e-02  0.000000e+00  0.000000e+00  0.000000e+00  0.000000e+00  1.340000e-02  2.850000e-02  2.470000e-02  1.510000e-02  5.000000e-03  0.000000e+00
1.005335e-02  0.000000e+00  0.000000e+00  2.850000e-02  2.010000e-02  0.000000e+00  0.000000e+00  0.000000e+00  0.000000e+00  1.660000e-02  2.850000e-02  2.010000e-02  1.070000e-02  5.700000e-03  0.000000e+00
1.050242e-02  0.000000e+00  0.000000e+00  2.970000e-02  1.950000e-02  0.000000e+00  0.000000e+00  0.000000e+00  0.000000e+00  1.970000e-02  2.970000e-02  1.950000e-02  1.250000e-02  3.400000e-03  0.000000e+00
1.097154e-02  0.000000e+00  0.000000e+00  3.290000e-02  2.060000e-02  0.000000e+00  0.000000e+00  0.000000e+00  0.000000e+00  2.010000e-02  3.290000e-02  2.060000e-02  1.120000e-02  0.000000e+00  0.000000e+00
1.146162e-02  0.000000e+00  1.370000e-02  3.290000e-02  1.960000e-02  0.000000e+00  0.000000e+00  0.000000e+00  0.000000e+00  2.040000e-02  3.290000e-02  1.960000e-02  9.800000e-03  0.000000e+00  0.000000e+00
1.197359e-02  0.000000e+00  2.180000e-02  3.130000e-02  7.500000e-03  0.000000e+00  0.000000e+00  0.000000e+00  0.000000e+00  2.180000e-02  3.130000e-02  1.750000e-02  8.700000e-03  0.000000e+00  0.000000e+00
1.250842e-02  0.000000e+00  2.230000e-02  2.900000e-02  0.000000e+00  0.000000e+00  0.000000e+00  0.000000e+00  0.000000e+00  2.230000e-02  2.900000e-02  1.570000e-02  5.900000e-03  0.000000e+00  0.000000e+00
1.306715e-02  0.000000e+00  2.490000e-02  3.170000e-02  0.000000e+00  0.000000e+00  0.000000e+00  0.000000e+00  0.000000e+00  2.490000e-02  3.170000e-02  1.530000e-02  6.300000e-03  0.000000e+00  0.000000e+00
1.365084e-02  0.000000e+00  2.620000e-02  2.760000e-02  0.000000e+00  0.000000e+00  0.000000e+00  0.000000e+00  0.000000e+00  2.620000e-02  2.760000e-02  1.340000e-02  5.700000e-03  0.000000e+00  0.000000e+00
1.426059e-02  0.000000e+00  3.070000e-02  2.930000e-02  0.000000e+00  0.000000e+00  0.000000e+00  0.000000e+00  0.000000e+00  3.070000e-02  2.930000e-02  1.180000e-02  2.000000e-04  0.000000e+00  0.000000e+00
1.489759e-02  0.000000e+00  3.100000e-02  2.520000e-02  0.000000e+00  0.000000e+00  0.000000e+00  0.000000e+00  0.000000e+00  3.100000e-02  2.520000e-02  1.380000e-02  0.000000e+00  0.000000e+00  0.000000e+00
1.556303e-02  0.000000e+00  2.770000e-02  2.560000e-02  0.000000e+00  0.000000e+00  0.000000e+00  0.000000e+00  0.000000e+00  2.770000e-02  2.560000e-02  1.050000e-02  0.000000e+00  0.000000e+00  0.000000e+00
1.625821e-02  0.000000e+00  2.980000e-02  2.550000e-02  0.000000e+00  0.000000e+00  0.000000e+00  0.000000e+00  0.000000e+00  2.980000e-02  2.550000e-02  1.080000e-02  0.000000e+00  0.000000e+00  0.000000e+00
1.698443e-02  0.000000e+00  3.350000e-02  2.320000e-02  0.000000e+00  0.000000e+00  0.000000e+00  0.000000e+00  0.000000e+00  3.350000e-02  2.320000e-02  8.900000e-03  0.000000e+00  0.000000e+00  0.000000e+00
1.774309e-02  0.000000e+00  3.000000e-02  2.460000e-02  0.000000e+00  0.000000e+00  0.000000e+00  0.000000e+00  0.000000e+00  3.000000e-02  2.460000e-02  9.200000e-03  0.000000e+00  0.000000e+00  0.000000e+00
1.853564e-02  0.000000e+00  3.220000e-02  2.110000e-02  0.000000e+00  0.000000e+00  0.000000e+00  0.000000e+00  0.000000e+00  3.220000e-02  2.110000e-02  6.600000e-03  0.000000e+00  0.000000e+00  0.000000e+00
1.936359e-02  0.000000e+00  3.390000e-02  2.120000e-02  0.000000e+00  0.000000e+00  0.000000e+00  0.000000e+00  0.000000e+00  3.390000e-02  2.120000e-02  5.100000e-03  0.000000e+00  0.000000e+00  0.000000e+00
2.022853e-02  0.000000e+00  3.280000e-02  1.230000e-02  0.000000e+00  0.000000e+00  0.000000e+00  0.000000e+00  2.400000e-03  3.280000e-02  1.730000e-02  3.900000e-03  0.000000e+00  0.000000e+00  0.000000e+00
2.113210e-02  0.000000e+00  3.200000e-02  0.000000e+00  0.000000e+00  0.000000e+00  0.000000e+00  0.000000e+00  4.500000e-03  3.200000e-02  1.750000e-02  0.000000e+00  0.000000e+00  0.000000e+00  0.000000e+00
2.207603e-02  0.000000e+00  3.370000e-02  0.000000e+00  0.000000e+00  0.000000e+00  0.000000e+00  0.000000e+00  6.600000e-03  3.370000e-02  1.580000e-02  0.000000e+00  0.000000e+00  0.000000e+00  0.000000e+00
2.306213e-02  0.000000e+00  2.760000e-02  0.000000e+00  0.000000e+00  0.000000e+00  0.000000e+00  0.000000e+00  6.600000e-03  2.760000e-02  1.410000e-02  0.000000e+00  0.000000e+00  0.000000e+00  0.000000e+00
2.409227e-02  0.000000e+00  2.850000e-02  0.000000e+00  0.000000e+00  0.000000e+00  0.000000e+00  0.000000e+00  7.700000e-03  2.850000e-02  1.430000e-02  0.000000e+00  0.000000e+00  0.000000e+00  0.000000e+00
2.516842e-02  0.000000e+00  2.830000e-02  0.000000e+00  0.000000e+00  0.000000e+00  0.000000e+00  0.000000e+00  8.800000e-03  2.830000e-02  1.300000e-02  0.000000e+00  0.000000e+00  0.000000e+00  0.000000e+00
2.629265e-02  0.000000e+00  2.850000e-02  0.000000e+00  0.000000e+00  0.000000e+00  0.000000e+00  0.000000e+00  1.150000e-02  2.850000e-02  1.150000e-02  0.000000e+00  0.000000e+00  0.000000e+00  0.000000e+00
2.746709e-02  0.000000e+00  2.800000e-02  0.000000e+00  0.000000e+00  0.000000e+00  0.000000e+00  0.000000e+00  1.260000e-02  2.800000e-02  1.170000e-02  0.000000e+00  0.000000e+00  0.000000e+00  0.000000e+00
2.869400e-02  0.000000e+00  2.350000e-02  0.000000e+00  0.000000e+00  0.000000e+00  0.000000e+00  0.000000e+00  1.550000e-02  2.350000e-02  9.400000e-03  0.000000e+00  0.000000e+00  0.000000e+00  0.000000e+00
2.997570e-02  0.000000e+00  2.370000e-02  0.000000e+00  0.000000e+00  0.000000e+00  0.000000e+00  0.000000e+00  1.980000e-02  2.370000e-02  7.300000e-03  0.000000e+00  0.000000e+00  0.000000e+00  0.000000e+00
3.131466e-02  0.000000e+00  2.200000e-02  0.000000e+00  0.000000e+00  0.000000e+00  0.000000e+00  0.000000e+00  1.880000e-02  2.200000e-02  8.400000e-03  0.000000e+00  0.000000e+00  0.000000e+00  0.000000e+00
3.271343e-02  2.200000e-03  1.370000e-02  0.000000e+00  0.000000e+00  0.000000e+00  0.000000e+00  0.000000e+00  2.240000e-02  1.770000e-02  5.500000e-03  0.000000e+00  0.000000e+00  0.000000e+00  0.000000e+00
3.417468e-02  2.520000e-02  0.000000e+00  0.000000e+00  0.000000e+00  0.000000e+00  0.000000e+00  0.000000e+00  2.520000e-02  1.590000e-02  1.500000e-03  0.000000e+00  0.000000e+00  0.000000e+00  0.000000e+00
3.570119e-02  2.230000e-02  0.000000e+00  0.000000e+00  0.000000e+00  0.000000e+00  0.000000e+00  0.000000e+00  2.230000e-02  1.840000e-02  0.000000e+00  0.000000e+00  0.000000e+00  0.000000e+00  0.000000e+00
3.729590e-02  2.560000e-02  0.000000e+00  0.000000e+00  0.000000e+00  0.000000e+00  0.000000e+00  0.000000e+00  2.560000e-02  1.650000e-02  0.000000e+00  0.000000e+00  0.000000e+00  0.000000e+00  0.000000e+00
3.896184e-02  2.750000e-02  0.000000e+00  0.000000e+00  0.000000e+00  0.000000e+00  0.000000e+00  0.000000e+00  2.750000e-02  1.520000e-02  0.000000e+00  0.000000e+00  0.000000e+00  0.000000e+00  0.000000e+00
4.070219e-02  2.990000e-02  0.000000e+00  0.000000e+00  0.000000e+00  0.000000e+00  0.000000e+00  0.000000e+00  2.990000e-02  1.390000e-02  0.000000e+00  0.000000e+00  0.000000e+00  0.000000e+00  0.000000e+00
4.252028e-02  3.290000e-02  0.000000e+00  0.000000e+00  0.000000e+00  0.000000e+00  0.000000e+00  0.000000e+00  3.290000e-02  1.130000e-02  0.000000e+00  0.000000e+00  0.000000e+00  0.000000e+00  0.000000e+00
4.441958e-02  3.400000e-02  0.000000e+00  0.000000e+00  0.000000e+00  0.000000e+00  0.000000e+00  0.000000e+00  3.400000e-02  1.050000e-02  0.000000e+00  0.000000e+00  0.000000e+00  0.000000e+00  0.000000e+00
4.640372e-02  3.410000e-02  0.000000e+00  0.000000e+00  0.000000e+00  0.000000e+00  0.000000e+00  0.000000e+00  3.410000e-02  8.900000e-03  0.000000e+00  0.000000e+00  0.000000e+00  0.000000e+00  0.000000e+00
4.847649e-02  3.380000e-02  0.000000e+00  0.000000e+00  0.000000e+00  0.000000e+00  0.000000e+00  0.000000e+00  3.380000e-02  7.600000e-03  0.000000e+00  0.000000e+00  0.000000e+00  0.000000e+00  0.000000e+00
5.064184e-02  3.360000e-02  0.000000e+00  0.000000e+00  0.000000e+00  0.000000e+00  0.000000e+00  0.000000e+00  3.360000e-02  8.000000e-03  0.000000e+00  0.000000e+00  0.000000e+00  0.000000e+00  0.000000e+00
5.290391e-02  3.400000e-02  0.000000e+00  0.000000e+00  0.000000e+00  0.000000e+00  0.000000e+00  0.000000e+00  3.400000e-02  4.800000e-03  0.000000e+00  0.000000e+00  0.000000e+00  0.000000e+00  0.000000e+00
5.526703e-02  3.580000e-02  0.000000e+00  0.000000e+00  0.000000e+00  0.000000e+00  0.000000e+00  0.000000e+00  3.580000e-02  0.000000e+00  0.000000e+00  0.000000e+00  0.000000e+00  0.000000e+00  0.000000e+00
5.773571e-02  3.250000e-02  0.000000e+00  0.000000e+00  0.000000e+00  0.000000e+00  0.000000e+00  0.000000e+00  3.250000e-02  0.000000e+00  0.000000e+00  0.000000e+00  0.000000e+00  0.000000e+00  0.000000e+00
6.031465e-02  3.160000e-02  0.000000e+00  0.000000e+00  0.000000e+00  0.000000e+00  0.000000e+00  0.000000e+00  3.160000e-02  0.000000e+00  0.000000e+00  0.000000e+00  0.000000e+00  0.000000e+00  0.000000e+00
6.300879e-02  3.080000e-02  0.000000e+00  0.000000e+00  0.000000e+00  0.000000e+00  0.000000e+00  0.000000e+00  3.080000e-02  0.000000e+00  0.000000e+00  0.000000e+00  0.000000e+00  0.000000e+00  0.000000e+00
6.582328e-02  3.160000e-02  0.000000e+00  0.000000e+00  0.000000e+00  0.000000e+00  0.000000e+00  0.000000e+00  3.160000e-02  0.000000e+00  0.000000e+00  0.000000e+00  0.000000e+00  0.000000e+00  0.000000e+00
6.876348e-02  2.910000e-02  0.000000e+00  0.000000e+00  0.000000e+00  0.000000e+00  0.000000e+00  0.000000e+00  2.910000e-02  0.000000e+00  0.000000e+00  0.000000e+00  0.000000e+00  0.000000e+00  0.000000e+00
7.183502e-02  2.900000e-02  0.000000e+00  0.000000e+00  0.000000e+00  0.000000e+00  0.000000e+00  0.000000e+00  2.900000e-02  0.000000e+00  0.000000e+00  0.000000e+00  0.000000e+00  0.000000e+00  0.000000e+00
7.504375e-02  3.090000e-02  0.000000e+00  0.000000e+00  0.000000e+00  0.000000e+00  0.000000e+00  0.000000e+00  3.090000e-02  0.000000e+00  0.000000e+00  0.000000e+00  0.000000e+00  0.000000e+00  0.000000e+00
7.839581e-02  2.560000e-02  0.000000e+00  0.000000e+00  0.000000e+00  0.000000e+00  0.000000e+00  0.000000e+00  2.560000e-02  0.000000e+00  0.000000e+00  0.000000e+00  0.000000e+00  0.000000e+00  0.000000e+00
8.189761e-02  2.430000e-02  0.000000e+00  0.000000e+00  0.000000e+00  0.000000e+00  0.000000e+00  0.000000e+00  2.430000e-02  0.000000e+00  0.000000e+00  0.000000e+00  0.000000e+00  0.000000e+00  0.000000e+00
8.555582e-02  2.190000e-02  0.000000e+00  0.000000e+00  0.000000e+00  0.000000e+00  0.000000e+00  0.000000e+00  2.190000e-02  0.000000e+00  0.000000e+00  0.000000e+00  0.000000e+00  0.000000e+00  0.000000e+00
8.937744e-02  2.060000e-02  0.000000e+00  0.000000e+00  0.000000e+00  0.000000e+00  0.000000e+00  0.000000e+00  2.060000e-02  0.000000e+00  0.000000e+00  0.000000e+00  0.000000e+00  0.000000e+00  0.000000e+00
9.336976e-02  1.200000e-03  0.000000e+00  0.000000e+00  0.000000e+00  0.000000e+00  0.000000e+00  0.000000e+00  2.140000e-02  0.000000e+00  0.000000e+00  0.000000e+00  0.000000e+00  0.000000e+00  0.000000e+00
9.754041e-02  0.000000e+00  0.000000e+00  0.000000e+00  0.000000e+00  0.000000e+00  0.000000e+00  0.000000e+00  1.690000e-02  0.000000e+00  0.000000e+00  0.000000e+00  0.000000e+00  0.000000e+00  0.000000e+00
1.018974e-01  0.000000e+00  0.000000e+00  0.000000e+00  0.000000e+00  0.000000e+00  0.000000e+00  0.000000e+00  1.640000e-02  0.000000e+00  0.000000e+00  0.000000e+00  0.000000e+00  0.000000e+00  0.000000e+00
1.064489e-01  0.000000e+00  0.000000e+00  0.000000e+00  0.000000e+00  0.000000e+00  0.000000e+00  0.000000e+00  1.430000e-02  0.000000e+00  0.000000e+00  0.000000e+00  0.000000e+00  0.000000e+00  0.000000e+00
1.112038e-01  0.000000e+00  0.000000e+00  0.000000e+00  0.000000e+00  0.000000e+00  0.000000e+00  0.000000e+00  1.560000e-02  0.000000e+00  0.000000e+00  0.000000e+00  0.000000e+00  0.000000e+00  0.000000e+00
1.161711e-01  0.000000e+00  0.000000e+00  0.000000e+00  0.000000e+00  0.000000e+00  0.000000e+00  0.000000e+00  1.120000e-02  0.000000e+00  0.000000e+00  0.000000e+00  0.000000e+00  0.000000e+00  0.000000e+00
1.213602e-01  0.000000e+00  0.000000e+00  0.000000e+00  0.000000e+00  0.000000e+00  0.000000e+00  0.000000e+00  1.120000e-02  0.000000e+00  0.000000e+00  0.000000e+00  0.000000e+00  0.000000e+00  0.000000e+00
1.267811e-01  0.000000e+00  0.000000e+00  0.000000e+00  0.000000e+00  0.000000e+00  0.000000e+00  0.000000e+00  1.000000e-02  0.000000e+00  0.000000e+00  0.000000e+00  0.000000e+00  0.000000e+00  0.000000e+00
1.324442e-01  0.000000e+00  0.000000e+00  0.000000e+00  0.000000e+00  0.000000e+00  0.000000e+00  0.000000e+00  8.600000e-03  0.000000e+00  0.000000e+00  0.000000e+00  0.000000e+00  0.000000e+00  0.000000e+00
1.383602e-01  0.000000e+00  0.000000e+00  0.000000e+00  0.000000e+00  0.000000e+00  0.000000e+00  0.000000e+00  6.000000e-03  0.000000e+00  0.000000e+00  0.000000e+00  0.000000e+00  0.000000e+00  0.000000e+00
1.445405e-01  0.000000e+00  0.000000e+00  0.000000e+00  0.000000e+00  0.000000e+00  0.000000e+00  0.000000e+00  4.600000e-03  0.000000e+00  0.000000e+00  0.000000e+00  0.000000e+00  0.000000e+00  0.000000e+00
