1.140352e-03  0.000000e+00  0.000000e+00  0.000000e+00  0.000000e+00  0.000000e+00  0.000000e+00  0.000000e+00  0.000000e+00  0.000000e+00  0.000000e+00  0.000000e+00  0.000000e+00  0.000000e+00  4.600000e-03
1.193775e-03  0.000000e+00  0.000000e+00  0.000000e+00  0.000000e+00  0.000000e+00  0.000000e+00  0.000000e+00  0.000000e+00  0.000000e+00  0.000000e+00  0.000000e+00  0.000000e+00  0.000000e+00  6.600000e-03
1.249701e-03  0.000000e+00  0.000000e+00  0.000000e+00  0.000000e+00  0.000000e+00  0.000000e+00  0.000000e+00  0.000000e+00  0.000000e+00  0.000000e+00  0.000000e+00  0.000000e+00  0.000000e+00  6.000000e-03
1.308247e-03  0.000000e+00  0.000000e+00  0.000000e+00  0.000000e+00  0.000000e+00  0.000000e+00  0.000000e+00  0.000000e+00  0.000000e+00  0.000000e+00  0.000000e+00  0.000000e+00  0.000000e+00  8.000000e-03
1.369535e-03  0.000000e+00  0.000000e+00  0.000000e+00  0.000000e+00  0.000000e+00  0.000000e+00  0.000000e+00  0.000000e+00  0.000000e+00  0.000000e+00  0.000000e+00  0.000000e+00  0.000000e+00  6.900000e-03
1.433695e-03  0.000000e+00  0.000000e+00  0.000000e+00  0.000000e+00  0.000000e+00  0.000000e+00  0.000000e+00  0.000000e+00  0.000000e+00  0.000000e+00  0.000000e+00  0.000000e+00  0.000000e+00  8.400000e-03
1.500860e-03  0.000000e+00  0.000000e+00  0.000000e+00  0.000000e+00  0.000000e+00  0.000000e+00  0.000000e+00  0.000000e+00  0.000000e+00  0.000000e+00  0.000000e+00  0.000000e+00  0.000000e+00  8.300000e-03
1.571172e-03  0.000000e+00  0.000000e+00  0.000000e+00  0.000000e+00  0.000000e+00  0.000000e+00  0.000000e+00  0.000000e+00  0.000000e+00  0.000000e+00  0.000000e+00  0.000000e+00  0.000000e+00  1.110000e-02
1.644778e-03  0.000000e+00  0.000000e+00  0.000000e+00  0.000000e+00  0.000000e+00  0.000000e+00  0.000000e+00  0.000000e+00  0.000000e+00  0.000000e+00  0.000000e+00  0.000000e+00  0.000000e+00  1.040000e-02
1.721832e-03  0.000000e+00  0.000000e+00  0.000000e+00  0.000000e+00  0.000000e+00  0.000000e+00  0.000000e+00  0.000000e+00  0.000000e+00  0.000000e+00  0.000000e+00  0.000000e+00  0.000000e+00  1.000000e-02
1.802496e-03  0.000000e+00  0.000000e+00  0.000000e+00  0.000000e+00  0.000000e+00  0.000000e+00  0.000000e+00  0.000000e+00  0.000000e+00  0.000000e+00  0.000000e+00  0.000000e+00  0.000000e+00  1.370000e-02
1.886939e-03  0.000000e+00  0.000000e+00  0.000000e+00  0.000000e+00  0.000000e+00  0.000000e+00  0.000000e+00  0.000000e+00  0.000000e+00  0.000000e+00  0.000000e+00  0.000000e+00  0.000000e+00  1.450000e-02
1.975338e-03  0.000000e+00  0.000000e+00  0.000000e+00  0.000000e+00  0.000000e+00  0.000000e+00  0.000000e+00  0.000000e+00  0.000000e+00  0.000000e+00  0.000000e+00  0.000000e+00  0.000000e+00  1.310000e-02
2.067878e-03  0.000000e+00  0.000000e+00  0.000000e+00  0.000000e+00  0.000000e+00  0.000000e+00  6.000000e-04  0.000000e+00  0.000000e+00  0.000000e+00  0.000000e+00  0.000000e+00  0.000000e+00  1.400000e-02
2.164754e-03  0.000000e+00  0.000000e+00  0.000000e+00  0.000000e+00  0.000000e+00  0.000000e+00  1.330000e-02  0.000000e+00  0.000000e+00  0.000000e+00  0.000000e+00  0.000000e+00  0.000000e+00  1.330000e-02
2.266168e-03  0.000000e+00  0.000000e+00  0.000000e+00  0.000000e+00  0.000000e+00  0.000000e+00  1.440000e-02  0.000000e+00  0.000000e+00  0.000000e+00  0.000000e+00  0.000000e+00  0.000000e+00  1.440000e-02
2.372333e-03  0.000000e+00  0.000000e+00  0.000000e+00  0.000000e+00  0.000000e+00  0.000000e+00  1.440000e-02  0.000000e+00  0.000000e+00  0.000000e+00  0.000000e+00  0.000000e+00  0.000000e+00  1.440000e-02
2.483471e-03  0.000000e+00  0.000000e+00  0.000000e+00  0.000000e+00  0.000000e+00  0.000000e+00  1.650000e-02  0.000000e+00  0.000000e+00  0.000000e+00  0.000000e+00  0.000000e+00  0.000000e+00  1.650000e-02
2.599816e-03  0.000000e+00  0.000000e+00  0.000000e+00  0.000000e+00  0.000000e+00  0.000000e+00  1.740000e-02  0.000000e+00  0.000000e+00  0.000000e+00  0.000000e+00  0.000000e+00  0.000000e+00  1.740000e-02
2.721612e-03  0.000000e+00  0.000000e+00  0.000000e+00  0.000000e+00  0.000000e+00  0.000000e+00  2.040000e-02  0.000000e+00  0.000000e+00  0.000000e+00  0.000000e+00  0.000000e+00  0.000000e+00  2.040000e-02
2.849113e-03  0.000000e+00  0.000000e+00  0.000000e+00  0.000000e+00  0.000000e+00  0.000000e+00  2.040000e-02  0.000000e+00  0.000000e+00  0.000000e+00  0.000000e+00  0.000000e+00  0.000000e+00  2.040000e-02
2.982588e-03  0.000000e+00  0.000000e+00  0.000000e+00  0.000000e+00  0.000000e+00  0.000000e+00  1.990000e-02  0.000000e+00  0.000000e+00  0.000000e+00  0.000000e+00  0.000000e+00  0.000000e+00  1.990000e-02
3.122316e-03  0.000000e+00  0.000000e+00  0.000000e+00  0.000000e+00  0.000000e+00  0.000000e+00  1.900000e-02  0.000000e+00  0.000000e+00  0.000000e+00  0.000000e+00  0.000000e+00  0.000000e+00  1.900000e-02
3.268589e-03  0.000000e+00  0.000000e+00  0.000000e+00  0.000000e+00  0.000000e+00  0.000000e+00  1.820000e-02  0.000000e+00  0.000000e+00  0.000000e+00  0.000000e+00  0.000000e+00  0.000000e+00  1.820000e-02
3.421715e-03  0.000000e+00  0.000000e+00  0.000000e+00  0.000000e+00  0.000000e+00  0.000000e+00  1.950000e-02  0.000000e+00  0.000000e+00  0.000000e+00  0.000000e+00  0.000000e+00  0.000000e+00  1.950000e-02
3.582015e-03  0.000000e+00  0.000000e+00  0.000000e+00  0.000000e+00  0.000000e+00  0.000000e+00  1.930000e-02  0.000000e+00  0.000000e+00  0.000000e+00  0.000000e+00  0.000000e+00  0.000000e+00  1.930000e-02
3.749825e-03  0.000000e+00  0.000000e+00  0.000000e+00  0.000000e+00  0.000000e+00  0.000000e+00  1.810000e-02  0.000000e+00  0.000000e+00  0.000000e+00  0.000000e+00  0.000000e+00  0.000000e+00  1.810000e-02
3.925496e-03  0.000000e+00  0.000000e+00  0.000000e+00  0.000000e+00  0.000000e+00  0.000000e+00  2.080000e-02  0.000000e+00  0.000000e+00  0.000000e+00  0.000000e+00  0.000000e+00  0.000000e+00  2.080000e-02
4.109397e-03  0.000000e+00  0.000000e+00  0.000000e+00  0.000000e+00  0.000000e+00  0.000000e+00  1.690000e-02  0.000000e+00  0.000000e+00  0.000000e+00  0.000000e+00  0.000000e+00  0.000000e+00  1.690000e-02
4.301913e-03  0.000000e+00  0.000000e+00  0.000000e+00  0.000000e+00  0.000000e+00  0.000000e+00  1.730000e-02  0.000000e+00  0.000000e+00  0.000000e+00  0.000000e+00  0.000000e+00  0.000000e+00  1.730000e-02
4.503448e-03  0.000000e+00  0.000000e+00  0.000000e+00  0.000000e+00  0.000000e+00  0.000000e+00  2.090000e-02  0.000000e+00  0.000000e+00  0.000000e+00  0.000000e+00  0.000000e+00  0.000000e+00  2.090000e-02
4.714424e-03  0.000000e+00  0.000000e+00  0.000000e+00  0.000000e+00  0.000000e+00  0.000000e+00  1.920000e-02  0.000000e+00  0.000000e+00  0.000000e+00  0.000000e+00  0.000000e+00  0.000000e+00  1.920000e-02
4.935285e-03  0.000000e+00  0.000000e+00  0.000000e+00  0.000000e+00  0.000000e+00  0.000000e+00  1.860000e-02  0.000000e+00  0.000000e+00  0.000000e+00  0.000000e+00  0.000000e+00  0.000000e+00  1.860000e-02
5.166492e-03  0.000000e+00  0.000000e+00  0.000000e+00  0.000000e+00  0.000000e+00  0.000000e+00  1.820000e-02  0.000000e+00  0.000000e+00  0.000000e+00  0.000000e+00  0.000000e+00  0.000000e+00  1.820000e-02
5.408530e-03  0.000000e+00  0.000000e+00  0.000000e+00  0.000000e+00  0.000000e+00  0.000000e+00  1.810000e-02  0.000000e+00  0.000000e+00  0.000000e+00  0.000000e+00  0.000000e+00  4.500000e-03  1.810000e-02
5.661908e-03  0.000000e+00  0.000000e+00  0.000000e+00  0.000000e+00  0.000000e+00  0.000000e+00  1.800000e-02  0.000000e+00  0.000000e+00  0.000000e+00  0.000000e+00  0.000000e+00  5.600000e-03  1.800000e-02
5.927156e-03  0.000000e+00  0.000000e+00  0.000000e+00  0.000000e+00  0.000000e+00  0.000000e+00  1.780000e-02  0.000000e+00  0.000000e+00  0.000000e+00  0.000000e+00  0.000000e+00  6.200000e-03  1.780000e-02
6.204830e-03  0.000000e+00  0.000000e+00  0.000000e+00  0.000000e+00  0.000000e+00  0.000000e+00  1.800000e-02  0.000000e+00  0.000000e+00  0.000000e+00  0.000000e+00  0.000000e+00  7.600000e-03  1.800000e-02
6.495513e-03  0.000000e+00  0.000000e+00  0.000000e+00  0.000000e+00  0.000000e+00  0.000000e+00  1.660000e-02  0.000000e+00  0.000000e+00  0.000000e+00  0.000000e+00  0.000000e+00  6.700000e-03  1.660000e-02
6.799813e-03  0.000000e+00  0.000000e+00  0.000000e+00  0.000000e+00  0.000000e+00  0.000000e+00  1.720000e-02  0.000000e+00  0.000000e+00  0.000000e+00  0.000000e+00  0.000000e+00  6.300000e-03  1.720000e-02
7.118369e-03  0.000000e+00  0.000000e+00  0.000000e+00  0.000000e+00  0.000000e+00  0.000000e+00  1.690000e-02  0.000000e+00  0.000000e+00  0.000000e+00  0.000000e+00  0.000000e+00  7.500000e-03  1.690000e-02
7.451849e-03  0.000000e+00  0.000000e+00  0.000000e+00  0.000000e+00  0.000000e+00  0.000000e+00  1.670000e-02  0.000000e+00  0.000000e+00  0.000000e+00  0.000000e+00  0.000000e+00  9.200000e-03  1.670000e-02
7.800952e-03  0.000000e+00  0.000000e+00  0.000000e+00  0.000000e+00  0.000000e+00  0.000000e+00  1.660000e-02  0.000000e+00  0.000000e+00  0.000000e+00  0.000000e+00  0.000000e+00  1.110000e-02  1.660000e-02
8.166409e-03  0.000000e+00  0.000000e+00  0.000000e+00  0.000000e+00  0.000000e+00  0.000000e+00  1.700000e-02  0.000000e+00  0.000000e+00  0.000000e+00  0.000000e+00  0.000000e+00  1.000000e-02  1.700000e-02
8.548987e-03  0.000000e+00  0.000000e+00  0.000000e+00  0.000000e+00  0.000000e+00  0.000000e+00  1.360000e-02  0.000000e+00  0.000000e+00  0.000000e+00  0.000000e+00  0.000000e+00  1.140000e-02  1.360000e-02
8.949488e-03  0.000000e+00  0.000000e+00  0.000000e+00  0.000000e+00  0.000000e+00  0.000000e+00  1.500000e-02  0.000000e+00  0.000000e+00  0.000000e+00  0.000000e+00  0.000000e+00  1.260000e-02  1.500000e-02
9.368752e-03  0.000000e+00  0.000000e+00  0.000000e+00  0.000000e+00  0.000000e+00  0.000000e+00  1.340000e-02  0.000000e+00  0.000000e+00  0.000000e+00  0.000000e+00  0.000000e+00  1.100000e-02  1.340000e-02
9.807657e-03  0.000000e+00  0.000000e+00  0.000000e+00  0.000000e+00  0.000000e+00  0.000000e+00  1.540000e-02  0.000000e+00  0.000000e+00  0.000000e+00  0.000000e+00  2.900000e-03  1.400000e-02  1.540000e-02
1.026712e-02  0.000000e+00  0.000000e+00  0.000000e+00  0.000000e+00  0.000000e+00  2.300000e-03  1.450000e-02  0.000000e+00  0.000000e+00  0.000000e+00  0.000000e+00  5.800000e-03  1.360000e-02  1.450000e-02
1.074812e-02  0.000000e+00  0.000000e+00  0.000000e+00  0.000000e+00  0.000000e+00  1.640000e-02  1.470000e-02  0.000000e+00  0.000000e+00  0.000000e+00  0.000000e+00  5.600000e-03  1.640000e-02  1.470000e-02
1.125164e-02  0.000000e+00  0.000000e+00  0.000000e+00  0.000000e+00  0.000000e+00  1.270000e-02  1.310000e-02  0.000000e+00  0.000000e+00  0.000000e+00  0.000000e+00  7.500000e-03  1.270000e-02  1.310000e-02
1.177876e-02  0.000000e+00  0.000000e+00  0.000000e+00  0.000000e+00  0.000000e+00  1.700000e-02  1.160000e-02  0.000000e+00  0.000000e+00  0.000000e+00  0.000000e+00  7.500000e-03  1.700000e-02  1.160000e-02
1.233056e-02  0.000000e+00  0.000000e+00  0.000000e+00  0.000000e+00  0.000000e+00  1.650000e-02  1.330000e-02  0.000000e+00  0.000000e+00  0.000000e+00  0.000000e+00  8.800000e-03  1.650000e-02  1.330000e-02
1.290822e-02  0.000000e+00  0.000000e+00  0.000000e+00  0.000000e+00  0.000000e+00  1.810000e-02  1.030000e-02  0.000000e+00  0.000000e+00  0.000000e+00  0.000000e+00  9.900000e-03  1.810000e-02  1.030000e-02
1.351295e-02  0.000000e+00  0.000000e+00  0.000000e+00  0.000000e+00  0.000000e+00  1.790000e-02  8.900000e-03  0.000000e+00  0.000000e+00  0.000000e+00  0.000000e+00  1.120000e-02  1.790000e-02  1.170000e-02
1.414600e-02  0.000000e+00  0.000000e+00  0.000000e+00  0.000000e+00  0.000000e+00  1.790000e-02  0.000000e+00  0.000000e+00  0.000000e+00  0.000000e+00  0.000000e+00  1.120000e-02  1.790000e-02  9.900000e-03
1.480871e-02  0.000000e+00  0.000000e+00  0.000000e+00  0.000000e+00  0.000000e+00  1.790000e-02  0.000000e+00  0.000000e+00  0.000000e+00  0.000000e+00  0.000000e+00  1.120000e-02  1.790000e-02  1.190000e-02
1.550246e-02  0.000000e+00  0.000000e+00  0.000000e+00  0.000000e+00  0.000000e+00  1.840000e-02  0.000000e+00  0.000000e+00  0.000000e+00  0.000000e+00  0.000000e+00  1.390000e-02  1.840000e-02  1.040000e-02
1.622872e-02  0.000000e+00  0.000000e+00  0.000000e+00  0.000000e+00  0.000000e+00  2.120000e-02  0.000000e+00  0.000000e+00  0.000000e+00  0.000000e+00  0.000000e+00  1.370000e-02  2.120000e-02  9.500000e-03
1.698900e-02  0.000000e+00  0.000000e+00  0.000000e+00  0.000000e+00  0.000000e+00  1.970000e-02  0.000000e+00  0.000000e+00  0.000000e+00  0.000000e+00  0.000000e+00  1.750000e-02  1.970000e-02  8.400000e-03
1.778489e-02  0.000000e+00  0.000000e+00  0.000000e+00  0.000000e+00  4.500000e-03  1.960000e-02  0.000000e+00  0.000000e+00  0.000000e+00  0.000000e+00  0.000000e+00  1.280000e-02  1.960000e-02  7.900000e-03
1.861808e-02  0.000000e+00  0.000000e+00  0.000000e+00  0.000000e+00  1.690000e-02  2.080000e-02  0.000000e+00  0.000000e+00  0.000000e+00  0.000000e+00  4.800000e-03  1.690000e-02  2.080000e-02  6.900000e-03
1.949029e-02  0.000000e+00  0.000000e+00  0.000000e+00  0.000000e+00  1.600000e-02  2.250000e-02  0.000000e+00  0.000000e+00  0.000000e+00  0.000000e+00  5.800000e-03  1.600000e-02  2.250000e-02  7.000000e-03
2.040337e-02  0.000000e+00  0.000000e+00  0.000000e+00  0.000000e+00  1.640000e-02  2.140000e-02  0.000000e+00  0.000000e+00  0.000000e+00  0.000000e+00  7.500000e-03  1.640000e-02  2.140000e-02  6.100000e-03
2.135922e-02  0.000000e+00  0.000000e+00  0.000000e+00  0.000000e+00  1.570000e-02  2.310000e-02  0.000000e+00  0.000000e+00  0.000000e+00  0.000000e+00  9.100000e-03  1.570000e-02  2.310000e-02  6.100000e-03
2.235985e-02  0.000000e+00  0.000000e+00  0.000000e+00  0.000000e+00  2.070000e-02  2.290000e-02  0.000000e+00  0.000000e+00  0.000000e+00  0.000000e+00  1.050000e-02  2.070000e-02  2.290000e-02  5.400000e-03
2.340736e-02  0.000000e+00  0.000000e+00  0.000000e+00  0.000000e+00  2.000000e-02  2.010000e-02  0.000000e+00  0.000000e+00  0.000000e+00  0.000000e+00  9.600000e-03  2.000000e-02  2.010000e-02  6.600000e-03
2.450395e-02  0.000000e+00  0.000000e+00  0.000000e+00  0.000000e+00  1.650000e-02  2.170000e-02  0.000000e+00  0.000000e+00  0.000000e+00  0.000000e+00  1.140000e-02  1.650000e-02  2.170000e-02  6.400000e-03
2.565190e-02  0.000000e+00  0.000000e+00  0.000000e+00  0.000000e+00  2.230000e-02  2.550000e-02  0.000000e+00  0.000000e+00  0.000000e+00  0.000000e+00  1.280000e-02  2.230000e-02  2.550000e-02  3.600000e-03
2.685364e-02  0.000000e+00  0.000000e+00  0.000000e+00  0.000000e+00  2.310000e-02  2.580000e-02  0.000000e+00  0.000000e+00  0.000000e+00  0.000000e+00  1.400000e-02  2.310000e-02  2.580000e-02  4.400000e-03
2.811167e-02  0.000000e+00  0.000000e+00  0.000000e+00  0.000000e+00  2.380000e-02  2.200000e-02  0.000000e+00  0.000000e+00  0.000000e+00  0.000000e+00  1.290000e-02  2.380000e-02  2.200000e-02  4.500000e-03
2.942864e-02  0.000000e+00  0.000000e+00  0.000000e+00  0.000000e+00  2.480000e-02  2.350000e-02  0.000000e+00  0.000000e+00  0.000000e+00  0.000000e+00  1.420000e-02  2.480000e-02  2.350000e-02  4.400000e-03
3.080731e-02  0.000000e+00  0.000000e+00  0.000000e+00  0.000000e+00  2.410000e-02  1.860000e-02  0.000000e+00  0.000000e+00  0.000000e+00  0.000000e+00  1.660000e-02  2.410000e-02  1.860000e-02  4.000000e-03
3.225056e-02  0.000000e+00  0.000000e+00  0.000000e+00  1.290000e-02  2.440000e-02  2.130000e-02  0.000000e+00  0.000000e+00  0.000000e+00  0.000000e+00  1.870000e-02  2.440000e-02  2.130000e-02  2.700000e-03
3.376143e-02  0.000000e+00  0.000000e+00  0.000000e+00  1.690000e-02  2.230000e-02  2.250000e-02  0.000000e+00  0.000000e+00  0.000000e+00  4.000000e-04  1.690000e-02  2.230000e-02  2.250000e-02  2.500000e-03
3.534308e-02  0.000000e+00  0.000000e+00  0.000000e+00  2.080000e-02  2.600000e-02  2.270000e-02  0.000000e+00  0.000000e+00  0.000000e+00  5.100000e-03  2.080000e-02  2.600000e-02  2.270000e-02  2.900000e-03
3.699882e-02  0.000000e+00  0.000000e+00  0.000000e+00  1.910000e-02  2.420000e-02  1.890000e-02  0.000000e+00  0.000000e+00  0.000000e+00  7.900000e-03  1.910000e-02  2.420000e-02  1.890000e-02  7.000000e-04
3.873213e-02  0.000000e+00  0.000000e+00  0.000000e+00  2.190000e-02  2.490000e-02  2.260000e-02  0.000000e+00  0.000000e+00  0.000000e+00  6.700000e-03  2.190000e-02  2.490000e-02  2.260000e-02  0.000000e+00
4.054665e-02  0.000000e+00  0.000000e+00  0.000000e+00  2.200000e-02  2.520000e-02  1.860000e-02  0.000000e+00  0.000000e+00  0.000000e+00  9.200000e-03  2.200000e-02  2.520000e-02  1.860000e-02  0.000000e+00
4.244617e-02  0.000000e+00  0.000000e+00  0.000000e+00  2.310000e-02  2.580000e-02  1.870000e-02  0.000000e+00  0.000000e+00  0.000000e+00  1.060000e-02  2.310000e-02  2.580000e-02  1.870000e-02  0.000000e+00
4.443468e-02  0.000000e+00  0.000000e+00  0.000000e+00  2.650000e-02  2.650000e-02  2.000000e-02  0.000000e+00  0.000000e+00  0.000000e+00  1.330000e-02  2.650000e-02  2.650000e-02  2.000000e-02  0.000000e+00
4.651635e-02  0.000000e+00  0.000000e+00  0.000000e+00  2.480000e-02  2.310000e-02  1.570000e-02  0.000000e+00  0.000000e+00  0.000000e+00  1.240000e-02  2.480000e-02  2.310000e-02  1.570000e-02  0.000000e+00
4.869553e-02  0.000000e+00  0.000000e+00  0.000000e+00  2.840000e-02  2.350000e-02  1.550000e-02  0.000000e+00  0.000000e+00  0.000000e+00  1.390000e-02  2.840000e-02  2.350000e-02  1.610000e-02  0.000000e+00
5.097681e-02  0.000000e+00  0.000000e+00  0.000000e+00  2.690000e-02  2.550000e-02  0.000000e+00  0.000000e+00  0.000000e+00  0.000000e+00  1.490000e-02  2.690000e-02  2.550000e-02  1.550000e-02  0.000000e+00
5.336496e-02  0.000000e+00  0.000000e+00  0.000000e+00  2.870000e-02  2.290000e-02  0.000000e+00  0.000000e+00  0.000000e+00  0.000000e+00  1.590000e-02  2.870000e-02  2.290000e-02  1.650000e-02  0.000000e+00
5.586499e-02  0.000000e+00  0.000000e+00  0.000000e+00  3.160000e-02  2.170000e-02  0.000000e+00  0.000000e+00  0.000000e+00  4.100000e-03  1.890000e-02  3.160000e-02  2.170000e-02  1.390000e-02  0.000000e+00
5.848214e-02  0.000000e+00  0.000000e+00  1.390000e-02  2.720000e-02  2.500000e-02  0.000000e+00  0.000000e+00  0.000000e+00  6.600000e-03  1.970000e-02  2.720000e-02  2.500000e-02  1.080000e-02  0.000000e+00
6.122190e-02  0.000000e+00  0.000000e+00  1.870000e-02  2.790000e-02  2.180000e-02  0.000000e+00  0.000000e+00  0.000000e+00  7.200000e-03  1.870000e-02  2.790000e-02  2.180000e-02  1.010000e-02  0.000000e+00
6.409001e-02  0.000000e+00  0.000000e+00  2.150000e-02  3.020000e-02  2.000000e-02  0.000000e+00  0.000000e+00  0.000000e+00  8.900000e-03  2.150000e-02  3.020000e-02  2.000000e-02  9.400000e-03  0.000000e+00
6.709249e-02  0.000000e+00  0.000000e+00  2.310000e-02  2.860000e-02  2.360000e-02  0.000000e+00  0.000000e+00  0.000000e+00  1.070000e-02  2.310000e-02  2.860000e-02  2.360000e-02  9.200000e-03  0.000000e+00
7.023562e-02  0.000000e+00  0.000000e+00  2.370000e-02  3.180000e-02  1.860000e-02  0.000000e+00  0.000000e+00  0.000000e+00  1.420000e-02  2.370000e-02  3.180000e-02  1.860000e-02  1.040000e-02  0.000000e+00
7.352600e-02  0.000000e+00  0.000000e+00  2.600000e-02  2.610000e-02  1.020000e-02  0.000000e+00  0.000000e+00  0.000000e+00  1.420000e-02  2.600000e-02  2.610000e-02  1.760000e-02  7.500000e-03  0.000000e+00
7.697054e-02  0.000000e+00  0.000000e+00  3.170000e-02  2.600000e-02  0.000000e+00  0.000000e+00  0.000000e+00  0.000000e+00  1.540000e-02  3.170000e-02  2.600000e-02  1.510000e-02  7.200000e-03  0.000000e+00
8.057643e-02  0.000000e+00  0.000000e+00  2.990000e-02  2.910000e-02  0.000000e+00  0.000000e+00  0.000000e+00  0.000000e+00  1.470000e-02  2.990000e-02  2.910000e-02  1.590000e-02  6.100000e-03  0.000000e+00
8.435126e-02  0.000000e+00  0.000000e+00  3.250000e-02  2.750000e-02  0.000000e+00  0.000000e+00  0.000000e+00  0.000000e+00  1.860000e-02  3.250000e-02  2.750000e-02  1.290000e-02  5.400000e-03  0.000000e+00
8.830293e-02  0.000000e+00  0.000000e+00  3.490000e-02  2.440000e-02  0.000000e+00  0.000000e+00  0.000000e+00  0.000000e+00  1.800000e-02  3.490000e-02  2.440000e-02  1.250000e-02  3.600000e-03  0.000000e+00
9.243973e-02  0.000000e+00  1.890000e-02  3.220000e-02  2.690000e-02  0.000000e+00  0.000000e+00  0.000000e+00  0.000000e+00  2.130000e-02  3.220000e-02  2.690000e-02  1.300000e-02  4.300000e-03  0.000000e+00
9.677032e-02  0.000000e+00  2.110000e-02  3.480000e-02  2.330000e-02  0.000000e+00  0.000000e+00  0.000000e+00  0.000000e+00  2.110000e-02  3.480000e-02  2.330000e-02  1.040000e-02  3.800000e-03  0.000000e+00
1.013038e-01  0.000000e+00  2.450000e-02  3.200000e-02  2.070000e-02  0.000000e+00  0.000000e+00  0.000000e+00  0.000000e+00  2.450000e-02  3.200000e-02  2.070000e-02  1.000000e-02  7.000000e-04  0.000000e+00
1.060497e-01  0.000000e+00  2.300000e-02  3.650000e-02  2.140000e-02  0.000000e+00  0.000000e+00  0.000000e+00  0.000000e+00  2.300000e-02  3.650000e-02  2.140000e-02  8.300000e-03  0.000000e+00  0.000000e+00
1.110179e-01  0.000000e+00  3.110000e-02  3.410000e-02  5.300000e-03  0.000000e+00  0.000000e+00  0.000000e+00  0.000000e+00  3.110000e-02  3.410000e-02  1.980000e-02  8.400000e-03  0.000000e+00  0.000000e+00
1.162188e-01  0.000000e+00  3.350000e-02  3.080000e-02  0.000000e+00  0.000000e+00  0.000000e+00  0.000000e+00  0.000000e+00  3.350000e-02  3.080000e-02  1.650000e-02  4.200000e-03  0.000000e+00  0.000000e+00
1.216634e-01  0.000000e+00  3.150000e-02  2.970000e-02  0.000000e+00  0.000000e+00  0.000000e+00  0.000000e+00  0.000000e+00  3.150000e-02  2.970000e-02  1.560000e-02  6.400000e-03  0.000000e+00  0.000000e+00
1.273630e-01  0.000000e+00  3.460000e-02  3.310000e-02  0.000000e+00  0.000000e+00  0.000000e+00  0.000000e+00  1.600000e-03  3.460000e-02  3.310000e-02  1.710000e-02  4.300000e-03  0.000000e+00  0.000000e+00
1.333297e-01  0.000000e+00  3.580000e-02  3.190000e-02  0.000000e+00  0.000000e+00  0.000000e+00  0.000000e+00  4.600000e-03  3.580000e-02  3.190000e-02  1.210000e-02  5.300000e-03  0.000000e+00  0.000000e+00
1.395759e-01  0.000000e+00  3.660000e-02  3.150000e-02  0.000000e+00  0.000000e+00  0.000000e+00  0.000000e+00  8.200000e-03  3.660000e-02  3.150000e-02  1.180000e-02  9.000000e-04  0.000000e+00  0.000000e+00
1.461147e-01  0.000000e+00  3.630000e-02  2.610000e-02  0.000000e+00  0.000000e+00  0.000000e+00  0.000000e+00  8.200000e-03  3.630000e-02  2.610000e-02  9.500000e-03  0.000000e+00  0.000000e+00  0.000000e+00
1.529599e-01  0.000000e+00  4.070000e-02  2.350000e-02  0.000000e+00  0.000000e+00  0.000000e+00  0.000000e+00  1.000000e-02  4.070000e-02  2.350000e-02  7.600000e-03  0.000000e+00  0.000000e+00  0.000000e+00
1.601257e-01  0.000000e+00  3.540000e-02  2.230000e-02  0.000000e+00  0.000000e+00  0.000000e+00  0.000000e+00  1.210000e-02  3.540000e-02  2.230000e-02  7.600000e-03  0.000000e+00  0.000000e+00  0.000000e+00
1.676273e-01  0.000000e+00  3.940000e-02  2.200000e-02  0.000000e+00  0.000000e+00  0.000000e+00  0.000000e+00  1.440000e-02  3.940000e-02  2.200000e-02  6.300000e-03  0.000000e+00  0.000000e+00  0.000000e+00
1.754802e-01  0.000000e+00  3.390000e-02  3.600000e-03  0.000000e+00  0.000000e+00  0.000000e+00  0.000000e+00  1.490000e-02  3.390000e-02  2.070000e-02  5.300000e-03  0.000000e+00  0.000000e+00  0.000000e+00
1.837011e-01  0.000000e+00  3.220000e-02  0.000000e+00  0.000000e+00  0.000000e+00  0.000000e+00  0.000000e+00  1.810000e-02  3.220000e-02  1.860000e-02  5.400000e-03  0.000000e+00  0.000000e+00  0.000000e+00
1.923071e-01  0.000000e+00  2.990000e-02  0.000000e+00  0.000000e+00  0.000000e+00  0.000000e+00  0.000000e+00  1.760000e-02  2.990000e-02  1.570000e-02  5.000000e-03  0.000000e+00  0.000000e+00  0.000000e+00
2.013162e-01  0.000000e+00  3.110000e-02  0.000000e+00  0.000000e+00  0.000000e+00  0.000000e+00  0.000000e+00  2.040000e-02  3.110000e-02  1.370000e-02  7.000000e-04  0.000000e+00  0.000000e+00  0.000000e+00
2.107475e-01  1.940000e-02  2.810000e-02  0.000000e+00  0.000000e+00  0.000000e+00  0.000000e+00  0.000000e+00  2.430000e-02  2.810000e-02  1.270000e-02  0.000000e+00  0.000000e+00  0.000000e+00  0.000000e+00
2.206205e-01  2.790000e-02  2.790000e-02  0.000000e+00  0.000000e+00  0.000000e+00  0.000000e+00  0.000000e+00  2.790000e-02  2.790000e-02  9.800000e-03  0.000000e+00  0.000000e+00  0.000000e+00  0.000000e+00
2.309561e-01  2.490000e-02  2.570000e-02  0.000000e+00  0.000000e+00  0.000000e+00  0.000000e+00  0.000000e+00  2.490000e-02  2.570000e-02  9.300000e-03  0.000000e+00  0.000000e+00  0.000000e+00  0.000000e+00
2.417759e-01  2.950000e-02  2.460000e-02  0.000000e+00  0.000000e+00  0.000000e+00  0.000000e+00  0.000000e+00  2.950000e-02  2.460000e-02  1.010000e-02  0.000000e+00  0.000000e+00  0.000000e+00  0.000000e+00
2.531025e-01  3.240000e-02  4.200000e-03  0.000000e+00  0.000000e+00  0.000000e+00  0.000000e+00  0.000000e+00  3.240000e-02  2.030000e-02  8.500000e-03  0.000000e+00  0.000000e+00  0.000000e+00  0.000000e+00
2.649598e-01  3.690000e-02  0.000000e+00  0.000000e+00  0.000000e+00  0.000000e+00  0.000000e+00  0.000000e+00  3.690000e-02  1.640000e-02  5.100000e-03  0.000000e+00  0.000000e+00  0.000000e+00  0.000000e+00
2.773726e-01  3.680000e-02  0.000000e+00  0.000000e+00  0.000000e+00  0.000000e+00  0.000000e+00  0.000000e+00  3.680000e-02  1.570000e-02  5.500000e-03  0.000000e+00  0.000000e+00  0.000000e+00  0.000000e+00
2.903669e-01  4.090000e-02  0.000000e+00  0.000000e+00  0.000000e+00  0.000000e+00  0.000000e+00  0.000000e+00  4.090000e-02  1.170000e-02  4.300000e-03  0.000000e+00  0.000000e+00  0.000000e+00  0.000000e+00
3.039700e-01  3.710000e-02  0.000000e+00  0.000000e+00  0.000000e+00  0.000000e+00  0.000000e+00  0.000000e+00  3.710000e-02  1.450000e-02  3.400000e-03  0.000000e+00  0.000000e+00  0.000000e+00  0.000000e+00
3.182103e-01  4.040000e-02  0.000000e+00  0.000000e+00  0.000000e+00  0.000000e+00  0.000000e+00  0.000000e+00  4.040000e-02  9.500000e-03  1.200000e-03  0.000000e+00  0.000000e+00  0.000000e+00  0.000000e+00
3.331177e-01  3.770000e-02  0.000000e+00  0.000000e+00  0.000000e+00  0.000000e+00  0.000000e+00  0.000000e+00  3.770000e-02  1.050000e-02  0.000000e+00  0.000000e+00  0.000000e+00  0.000000e+00  0.000000e+00
3.487235e-01  4.180000e-02  0.000000e+00  0.000000e+00  0.000000e+00  0.000000e+00  0.000000e+00  0.000000e+00  4.180000e-02  8.700000e-03  0.000000e+00  0.000000e+00  0.000000e+00  0.000000e+00  0.000000e+00
3.650605e-01  3.890000e-02  0.000000e+00  0.000000e+00  0.000000e+00  0.000000e+00  0.000000e+00  0.000000e+00  3.890000e-02  9.900000e-03  0.000000e+00  0.000000e+00  0.000000e+00  0.000000e+00  0.000000e+00
3.821627e-01  3.740000e-02  0.000000e+00  0.000000e+00  0.000000e+00  0.000000e+00  0.000000e+00  0.000000e+00  3.740000e-02  6.800000e-03  0.000000e+00  0.000000e+00  0.000000e+00  0.000000e+00  0.000000e+00
4.000662e-01  3.520000e-02  0.000000e+00  0.000000e+00  0.000000e+00  0.000000e+00  0.000000e+00  0.000000e+00  3.520000e-02  5.200000e-03  0.000000e+00  0.000000e+00  0.000000e+00  0.000000e+00  0.000000e+00
4.188084e-01  3.240000e-02  0.000000e+00  0.000000e+00  0.000000e+00  0.000000e+00  0.000000e+00  0.000000e+00  3.240000e-02  3.600000e-03  0.000000e+00  0.000000e+00  0.000000e+00  0.000000e+00  0.000000e+00
4.384287e-01  3.180000e-02  0.000000e+00  0.000000e+00  0.000000e+00  0.000000e+00  0.000000e+00  0.000000e+00  3.180000e-02  4.100000e-03  0.000000e+00  0.000000e+00  0.000000e+00  0.000000e+00  0.000000e+00
4.589681e-01  2.670000e-02  0.000000e+00  0.000000e+00  0.000000e+00  0.000000e+00  0.000000e+00  0.000000e+00  2.670000e-02  2.300000e-03  0.000000e+00  0.000000e+00  0.000000e+00  0.000000e+00  0.000000e+00
4.804697e-01  2.400000e-02  0.000000e+00  0.000000e+00  0.000000e+00  0.000000e+00  0.000000e+00  0.000000e+00  2.400000e-02  0.000000e+00  0.000000e+00  0.000000e+00  0.000000e+00  0.000000e+00  0.000000e+00
5.029787e-01  2.460000e-02  0.000000e+00  0.000000e+00  0.000000e+00  0.000000e+00  0.000000e+00  0.000000e+00  2.460000e-02  0.000000e+00  0.000000e+00  0.000000e+00  0.000000e+00  0.000000e+00  0.000000e+00
5.265421e-01  2.250000e-02  0.000000e+00  0.000000e+00  0.000000e+00  0.000000e+00  0.000000e+00  0.000000e+00  2.250000e-02  0.000000e+00  0.000000e+00  0.000000e+00  0.000000e+00  0.000000e+00  0.000000e+00
5.512095e-01  8.000000e-04  0.000000e+00  0.000000e+00  0.000000e+00  0.000000e+00  0.000000e+00  0.000000e+00  2.050000e-02  0.000000e+00  0.000000e+00  0.000000e+00  0.000000e+00  0.000000e+00  0.000000e+00
5.770324e-01  0.000000e+00  0.000000e+00  0.000000e+00  0.000000e+00  0.000000e+00  0.000000e+00  0.000000e+00  1.520000e-02  0.000000e+00  0.000000e+00  0.000000e+00  0.000000e+00  0.000000e+00  0.000000e+00
6.040651e-01  0.000000e+00  0.000000e+00  0.000000e+00  0.000000e+00  0.000000e+00  0.000000e+00  0.000000e+00  1.620000e-02  0.000000e+00  0.000000e+00  0.000000e+00  0.000000e+00  0.000000e+00  0.000000e+00
6.323642e-01  0.000000e+00  0.000000e+00  0.000000e+00  0.000000e+00  0.000000e+00  0.000000e+00  0.000000e+00  1.380000e-02  0.000000e+00  0.000000e+00  0.000000e+00  0.000000e+00  0.000000e+00  0.000000e+00
6.619891e-01  0.000000e+00  0.000000e+00  0.000000e+00  0.000000e+00  0.000000e+00  0.000000e+00  0.000000e+00  1.290000e-02  0.000000e+00  0.000000e+00  0.000000e+00  0.000000e+00  0.000000e+00  0.000000e+00
6.930018e-01  0.000000e+00  0.000000e+00  0.000000e+00  0.000000e+00  0.000000e+00  0.000000e+00  0.000000e+00  1.050000e-02  0.000000e+00  0.000000e+00  0.000000e+00  0.000000e+00  0.000000e+00  0.000000e+00
7.254674e-01  0.000000e+00  0.000000e+00  0.000000e+00  0.000000e+00  0.000000e+00  0.000000e+00  0.000000e+00  9.200000e-03  0.000000e+00  0.000000e+00  0.000000e+00  0.000000e+00  0.000000e+00  0.000000e+00
7.594539e-01  0.000000e+00  0.000000e+00  0.000000e+00  0.000000e+00  0.000000e+00  0.000000e+00  0.000000e+00  9.300000e-03  0.000000e+00  0.000000e+00  0.000000e+00  0.000000e+00  0.000000e+00  0.000000e+00
7.950327e-01  0.000000e+00  0.000000e+00  0.000000e+00  0.000000e+00  0.000000e+00  0.000000e+00  0.000000e+00  7.500000e-03  0.000000e+00  0.000000e+00  0.000000e+00  0.000000e+00  0.000000e+00  0.000000e+00
8.322782e-01  0.000000e+00  0.000000e+00  0.000000e+00  0.000000e+00  0.000000e+00  0.000000e+00  0.000000e+00  5.600000e-03  0.000000e+00  0.000000e+00  0.000000e+00  0.000000e+00  0.000000e+00  0.000000e+00
8.712686e-01  0.000000e+00  0.000000e+00  0.000000e+00  0.000000e+00  0.000000e+00  0.000000e+00  0.000000e+00  5.000000e-03  0.000000e+00  0.000000e+00  0.000000e+00  0.000000e+00  0.000000e+00  0.000000e+00
9.120856e-01  0.000000e+00  0.000000e+00  0.000000e+00  0.000000e+00  0.000000e+00  0.000000e+00  0.000000e+00  3.600000e-03  0.000000e+00  0.000000e+00  0.000000e+00  0.000000e+00  0.000000e+00  0.000000e+00
9.548148e-01  0.000000e+00  0.000000e+00  0.000000e+00  0.000000e+00  0.000000e+00  0.000000e+00  0.000000e+00  3.400000e-03  0.000000e+00  0.000000e+00  0.000000e+00  0.000000e+00  0.000000e+00  0.000000e+00
9.995457e-01  0.000000e+00  0.000000e+00  0.000000e+00  0.000000e+00  0.000000e+00  0.000000e+00  0.000000e+00  3.100000e-03  0.000000e+00  0.000000e+00  0.000000e+00  0.000000e+00  0.000000e+00  0.000000e+00
