8.569722e-03  0.000000e+00  0.000000e+00  0.000000e+00  0.000000e+00  0.000000e+00  0.000000e+00  0.000000e+00  0.000000e+00  0.000000e+00  0.000000e+00  0.000000e+00  0.000000e+00  0.000000e+00  4.700000e-03
8.938872e-03  0.000000e+00  0.000000e+00  0.000000e+00  0.000000e+00  0.000000e+00  0.000000e+00  0.000000e+00  0.000000e+00  0.000000e+00  0.000000e+00  0.000000e+00  0.000000e+00  0.000000e+00  4.600000e-03
9.323923e-03  0.000000e+00  0.000000e+00  0.000000e+00  0.000000e+00  0.000000e+00  0.000000e+00  0.000000e+00  0.000000e+00  0.000000e+00  0.000000e+00  0.000000e+00  0.000000e+00  0.000000e+00  4.800000e-03
9.725561e-03  0.000000e+00  0.000000e+00  0.000000e+00  0.000000e+00  0.000000e+00  0.000000e+00  0.000000e+00  0.000000e+00  0.000000e+00  0.000000e+00  0.000000e+00  0.000000e+00  0.000000e+00  6.600000e-03
1.014450e-02  0.000000e+00  0.000000e+00  0.000000e+00  0.000000e+00  0.000000e+00  0.000000e+00  0.000000e+00  0.000000e+00  0.000000e+00  0.000000e+00  0.000000e+00  0.000000e+00  0.000000e+00  5.000000e-03
1.058148e-02  0.000000e+00  0.000000e+00  0.000000e+00  0.000000e+00  0.000000e+00  0.000000e+00  0.000000e+00  0.000000e+00  0.000000e+00  0.000000e+00  0.000000e+00  0.000000e+00  0.000000e+00  5.800000e-03
1.103729e-02  0.000000e+00  0.000000e+00  0.000000e+00  0.000000e+00  0.000000e+00  0.000000e+00  0.000000e+00  0.000000e+00  0.000000e+00  0.000000e+00  0.000000e+00  0.000000e+00  0.000000e+00  6.200000e-03
1.151274e-02  0.000000e+00  0.000000e+00  0.000000e+00  0.000000e+00  0.000000e+00  0.000000e+00  0.000000e+00  0.000000e+00  0.000000e+00  0.000000e+00  0.000000e+00  0.000000e+00  0.000000e+00  5.600000e-03
1.200866e-02  0.000000e+00  0.000000e+00  0.000000e+00  0.000000e+00  0.000000e+00  0.000000e+00  0.000000e+00  0.000000e+00  0.000000e+00  0.000000e+00  0.000000e+00  0.000000e+00  0.000000e+00  7.800000e-03
1.252595e-02  0.000000e+00  0.000000e+00  0.000000e+00  0.000000e+00  0.000000e+00  0.000000e+00  0.000000e+00  0.000000e+00  0.000000e+00  0.000000e+00  0.000000e+00  0.000000e+00  0.000000e+00  6.500000e-03
1.306551e-02  0.000000e+00  0.000000e+00  0.000000e+00  0.000000e+00  0.000000e+00  0.000000e+00  0.000000e+00  0.000000e+00  0.000000e+00  0.000000e+00  0.000000e+00  0.000000e+00  0.000000e+00  8.000000e-03
1.362833e-02  0.000000e+00  0.000000e+00  0.000000e+00  0.000000e+00  0.000000e+00  0.000000e+00  0.000000e+00  0.000000e+00  0.000000e+00  0.000000e+00  0.000000e+00  0.000000e+00  0.000000e+00  8.700000e-03
1.421538e-02  0.000000e+00  0.000000e+00  0.000000e+00  0.000000e+00  0.000000e+00  0.000000e+00  0.000000e+00  0.000000e+00  0.000000e+00  0.000000e+00  0.000000e+00  0.000000e+00  0.000000e+00  9.100000e-03
1.482772e-02  0.000000e+00  0.000000e+00  0.000000e+00  0.000000e+00  0.000000e+00  0.000000e+00  0.000000e+00  0.000000e+00  0.000000e+00  0.000000e+00  0.000000e+00  0.000000e+00  0.000000e+00  8.900000e-03
1.546644e-02  0.000000e+00  0.000000e+00  0.000000e+00  0.000000e+00  0.000000e+00  0.000000e+00  0.000000e+00  0.000000e+00  0.000000e+00  0.000000e+00  0.000000e+00  0.000000e+00  0.000000e+00  1.110000e-02
1.613268e-02  0.000000e+00  0.000000e+00  0.000000e+00  0.000000e+00  0.000000e+00  0.000000e+00  0.000000e+00  0.000000e+00  0.000000e+00  0.000000e+00  0.000000e+00  0.000000e+00  0.000000e+00  1.230000e-02
1.682761e-02  0.000000e+00  0.000000e+00  0.000000e+00  0.000000e+00  0.000000e+00  0.000000e+00  0.000000e+00  0.000000e+00  0.000000e+00  0.000000e+00  0.000000e+00  0.000000e+00  0.000000e+00  1.210000e-02
1.755247e-02  0.000000e+00  0.000000e+00  0.000000e+00  0.000000e+00  0.000000e+00  0.000000e+00  5.000000e-03  0.000000e+00  0.000000e+00  0.000000e+00  0.000000e+00  0.000000e+00  0.000000e+00  1.220000e-02
1.830857e-02  0.000000e+00  0.000000e+00  0.000000e+00  0.000000e+00  0.000000e+00  0.000000e+00  1.310000e-02  0.000000e+00  0.000000e+00  0.000000e+00  0.000000e+00  0.000000e+00  0.000000e+00  1.310000e-02
1.909723e-02  0.000000e+00  0.000000e+00  0.000000e+00  0.000000e+00  0.000000e+00  0.000000e+00  1.450000e-02  0.000000e+00  0.000000e+00  0.000000e+00  0.000000e+00  0.000000e+00  0.000000e+00  1.450000e-02
1.991986e-02  0.000000e+00  0.000000e+00  0.000000e+00  0.000000e+00  0.000000e+00  0.000000e+00  1.380000e-02  0.000000e+00  0.000000e+00  0.000000e+00  0.000000e+00  0.000000e+00  0.000000e+00  1.380000e-02
2.077793e-02  0.000000e+00  0.000000e+00  0.000000e+00  0.000000e+00  0.000000e+00  0.000000e+00  1.510000e-02  0.000000e+00  0.000000e+00  0.000000e+00  0.000000e+00  0.000000e+00  0.000000e+00  1.510000e-02
2.167296e-02  0.000000e+00  0.000000e+00  0.000000e+00  0.000000e+00  0.000000e+00  0.000000e+00  1.200000e-02  0.000000e+00  0.000000e+00  0.000000e+00  0.000000e+00  0.000000e+00  0.000000e+00  1.200000e-02
2.260655e-02  0.000000e+00  0.000000e+00  0.000000e+00  0.000000e+00  0.000000e+00  0.000000e+00  1.660000e-02  0.000000e+00  0.000000e+00  0.000000e+00  0.000000e+00  0.000000e+00  0.000000e+00  1.660000e-02
2.358035e-02  0.000000e+00  0.000000e+00  0.000000e+00  0.000000e+00  0.000000e+00  0.000000e+00  1.540000e-02  0.000000e+00  0.000000e+00  0.000000e+00  0.000000e+00  0.000000e+00  0.000000e+00  1.540000e-02
2.459610e-02  0.000000e+00  0.000000e+00  0.000000e+00  0.000000e+00  0.000000e+00  0.000000e+00  1.790000e-02  0.000000e+00  0.000000e+00  0.000000e+00  0.000000e+00  0.000000e+00  0.000000e+00  1.790000e-02
2.565560e-02  0.000000e+00  0.000000e+00  0.000000e+00  0.000000e+00  0.000000e+00  0.000000e+00  2.120000e-02  0.000000e+00  0.000000e+00  0.000000e+00  0.000000e+00  0.000000e+00  0.000000e+00  2.120000e-02
2.676074e-02  0.000000e+00  0.000000e+00  0.000000e+00  0.000000e+00  0.000000e+00  0.000000e+00  2.020000e-02  0.000000e+00  0.000000e+00  0.000000e+00  0.000000e+00  0.000000e+00  0.000000e+00  2.020000e-02
2.791349e-02  0.000000e+00  0.000000e+00  0.000000e+00  0.000000e+00  0.000000e+00  0.000000e+00  1.770000e-02  0.000000e+00  0.000000e+00  0.000000e+00  0.000000e+00  0.000000e+00  1.000000e-04  1.770000e-02
2.911589e-02  0.000000e+00  0.000000e+00  0.000000e+00  0.000000e+00  0.000000e+00  0.000000e+00  2.070000e-02  0.000000e+00  0.000000e+00  0.000000e+00  0.000000e+00  0.000000e+00  5.600000e-03  2.070000e-02
3.037009e-02  0.000000e+00  0.000000e+00  0.000000e+00  0.000000e+00  0.000000e+00  0.000000e+00  2.160000e-02  0.000000e+00  0.000000e+00  0.000000e+00  0.000000e+00  0.000000e+00  5.600000e-03  2.160000e-02
3.167831e-02  0.000000e+00  0.000000e+00  0.000000e+00  0.000000e+00  0.000000e+00  0.000000e+00  2.180000e-02  0.000000e+00  0.000000e+00  0.000000e+00  0.000000e+00  0.000000e+00  6.100000e-03  2.180000e-02
3.304289e-02  0.000000e+00  0.000000e+00  0.000000e+00  0.000000e+00  0.000000e+00  0.000000e+00  2.130000e-02  0.000000e+00  0.000000e+00  0.000000e+00  0.000000e+00  0.000000e+00  6.800000e-03  2.130000e-02
3.446625e-02  0.000000e+00  0.000000e+00  0.000000e+00  0.000000e+00  0.000000e+00  0.000000e+00  2.030000e-02  0.000000e+00  0.000000e+00  0.000000e+00  0.000000e+00  0.000000e+00  1.050000e-02  2.030000e-02
3.595092e-02  0.000000e+00  0.000000e+00  0.000000e+00  0.000000e+00  0.000000e+00  0.000000e+00  2.430000e-02  0.000000e+00  0.000000e+00  0.000000e+00  0.000000e+00  0.000000e+00  9.600000e-03  2.430000e-02
3.749954e-02  0.000000e+00  0.000000e+00  0.000000e+00  0.000000e+00  0.000000e+00  0.000000e+00  2.360000e-02  0.000000e+00  0.000000e+00  0.000000e+00  0.000000e+00  0.000000e+00  9.800000e-03  2.360000e-02
3.911487e-02  0.000000e+00  0.000000e+00  0.000000e+00  0.000000e+00  0.000000e+00  0.000000e+00  2.120000e-02  0.000000e+00  0.000000e+00  0.000000e+00  0.000000e+00  0.000000e+00  1.030000e-02  2.120000e-02
4.079979e-02  0.000000e+00  0.000000e+00  0.000000e+00  0.000000e+00  0.000000e+00  0.000000e+00  2.340000e-02  0.000000e+00  0.000000e+00  0.000000e+00  0.000000e+00  0.000000e+00  1.390000e-02  2.340000e-02
4.255728e-02  0.000000e+00  0.000000e+00  0.000000e+00  0.000000e+00  0.000000e+00  0.000000e+00  2.160000e-02  0.000000e+00  0.000000e+00  0.000000e+00  0.000000e+00  1.800000e-03  1.270000e-02  2.160000e-02
4.439048e-02  0.000000e+00  0.000000e+00  0.000000e+00  0.000000e+00  0.000000e+00  0.000000e+00  2.500000e-02  0.000000e+00  0.000000e+00  0.000000e+00  0.000000e+00  6.100000e-03  1.390000e-02  2.500000e-02
4.630265e-02  0.000000e+00  0.000000e+00  0.000000e+00  0.000000e+00  0.000000e+00  0.000000e+00  2.350000e-02  0.000000e+00  0.000000e+00  0.000000e+00  0.000000e+00  6.500000e-03  1.190000e-02  2.350000e-02
4.829719e-02  0.000000e+00  0.000000e+00  0.000000e+00  0.000000e+00  0.000000e+00  0.000000e+00  2.630000e-02  0.000000e+00  0.000000e+00  0.000000e+00  0.000000e+00  6.600000e-03  1.470000e-02  2.630000e-02
5.037764e-02  0.000000e+00  0.000000e+00  0.000000e+00  0.000000e+00  0.000000e+00  1.230000e-02  2.440000e-02  0.000000e+00  0.000000e+00  0.000000e+00  0.000000e+00  8.800000e-03  1.580000e-02  2.440000e-02
5.254771e-02  0.000000e+00  0.000000e+00  0.000000e+00  0.000000e+00  0.000000e+00  1.570000e-02  2.230000e-02  0.000000e+00  0.000000e+00  0.000000e+00  0.000000e+00  1.130000e-02  1.570000e-02  2.230000e-02
5.481126e-02  0.000000e+00  0.000000e+00  0.000000e+00  0.000000e+00  0.000000e+00  1.910000e-02  2.300000e-02  0.000000e+00  0.000000e+00  0.000000e+00  0.000000e+00  1.220000e-02  1.910000e-02  2.300000e-02
5.717231e-02  0.000000e+00  0.000000e+00  0.000000e+00  0.000000e+00  0.000000e+00  1.730000e-02  2.160000e-02  0.000000e+00  0.000000e+00  0.000000e+00  0.000000e+00  8.600000e-03  1.730000e-02  2.160000e-02
5.963507e-02  0.000000e+00  0.000000e+00  0.000000e+00  0.000000e+00  0.000000e+00  2.180000e-02  2.280000e-02  0.000000e+00  0.000000e+00  0.000000e+00  0.000000e+00  1.280000e-02  2.180000e-02  2.280000e-02
6.220391e-02  0.000000e+00  0.000000e+00  0.000000e+00  0.000000e+00  0.000000e+00  1.910000e-02  1.920000e-02  0.000000e+00  0.000000e+00  0.000000e+00  0.000000e+00  1.180000e-02  1.910000e-02  1.920000e-02
6.488341e-02  0.000000e+00  0.000000e+00  0.000000e+00  0.000000e+00  0.000000e+00  2.360000e-02  2.060000e-02  0.000000e+00  0.000000e+00  0.000000e+00  0.000000e+00  1.280000e-02  2.360000e-02  2.060000e-02
6.767833e-02  0.000000e+00  0.000000e+00  0.000000e+00  0.000000e+00  0.000000e+00  2.370000e-02  2.020000e-02  0.000000e+00  0.000000e+00  0.000000e+00  0.000000e+00  1.440000e-02  2.370000e-02  2.020000e-02
7.059365e-02  0.000000e+00  0.000000e+00  0.000000e+00  0.000000e+00  0.000000e+00  2.670000e-02  2.010000e-02  0.000000e+00  0.000000e+00  0.000000e+00  0.000000e+00  1.520000e-02  2.670000e-02  2.010000e-02
7.363455e-02  0.000000e+00  0.000000e+00  0.000000e+00  0.000000e+00  1.130000e-02  2.910000e-02  8.700000e-03  0.000000e+00  0.000000e+00  0.000000e+00  2.300000e-03  1.740000e-02  2.910000e-02  1.880000e-02
7.680643e-02  0.000000e+00  0.000000e+00  0.000000e+00  0.000000e+00  1.730000e-02  2.860000e-02  0.000000e+00  0.000000e+00  0.000000e+00  0.000000e+00  6.900000e-03  1.730000e-02  2.860000e-02  1.720000e-02
8.011495e-02  0.000000e+00  0.000000e+00  0.000000e+00  0.000000e+00  2.010000e-02  2.870000e-02  0.000000e+00  0.000000e+00  0.000000e+00  0.000000e+00  9.300000e-03  2.010000e-02  2.870000e-02  1.550000e-02
8.356599e-02  0.000000e+00  0.000000e+00  0.000000e+00  0.000000e+00  2.010000e-02  2.940000e-02  0.000000e+00  0.000000e+00  0.000000e+00  0.000000e+00  8.000000e-03  2.010000e-02  2.940000e-02  1.480000e-02
8.716568e-02  0.000000e+00  0.000000e+00  0.000000e+00  0.000000e+00  2.400000e-02  3.220000e-02  0.000000e+00  0.000000e+00  0.000000e+00  0.000000e+00  8.000000e-03  2.400000e-02  3.220000e-02  1.320000e-02
9.092044e-02  0.000000e+00  0.000000e+00  0.000000e+00  0.000000e+00  2.430000e-02  2.920000e-02  0.000000e+00  0.000000e+00  0.000000e+00  0.000000e+00  9.500000e-03  2.430000e-02  2.920000e-02  1.210000e-02
9.483693e-02  0.000000e+00  0.000000e+00  0.000000e+00  0.000000e+00  2.330000e-02  2.780000e-02  0.000000e+00  0.000000e+00  0.000000e+00  0.000000e+00  1.240000e-02  2.330000e-02  2.780000e-02  1.080000e-02
9.892213e-02  0.000000e+00  0.000000e+00  0.000000e+00  0.000000e+00  2.700000e-02  2.530000e-02  0.000000e+00  0.000000e+00  0.000000e+00  0.000000e+00  1.130000e-02  2.700000e-02  2.530000e-02  1.150000e-02
1.031833e-01  0.000000e+00  0.000000e+00  0.000000e+00  0.000000e+00  2.860000e-02  3.050000e-02  0.000000e+00  0.000000e+00  0.000000e+00  0.000000e+00  1.190000e-02  2.860000e-02  3.050000e-02  7.900000e-03
1.076280e-01  0.000000e+00  0.000000e+00  0.000000e+00  0.000000e+00  3.240000e-02  2.780000e-02  0.000000e+00  0.000000e+00  0.000000e+00  0.000000e+00  1.380000e-02  3.240000e-02  2.780000e-02  6.900000e-03
1.122642e-01  0.000000e+00  0.000000e+00  0.000000e+00  0.000000e+00  2.970000e-02  2.680000e-02  0.000000e+00  0.000000e+00  0.000000e+00  0.000000e+00  1.400000e-02  2.970000e-02  2.680000e-02  7.800000e-03
1.171001e-01  0.000000e+00  0.000000e+00  0.000000e+00  0.000000e+00  3.260000e-02  2.910000e-02  0.000000e+00  0.000000e+00  0.000000e+00  0.000000e+00  1.770000e-02  3.260000e-02  2.910000e-02  6.900000e-03
1.221443e-01  0.000000e+00  0.000000e+00  0.000000e+00  9.900000e-03  3.100000e-02  2.570000e-02  0.000000e+00  0.000000e+00  0.000000e+00  0.000000e+00  1.980000e-02  3.100000e-02  2.570000e-02  3.000000e-04
1.274058e-01  0.000000e+00  0.000000e+00  0.000000e+00  1.900000e-02  3.580000e-02  2.500000e-02  0.000000e+00  0.000000e+00  0.000000e+00  0.000000e+00  1.900000e-02  3.580000e-02  2.500000e-02  0.000000e+00
1.328940e-01  0.000000e+00  0.000000e+00  0.000000e+00  2.240000e-02  2.930000e-02  2.490000e-02  0.000000e+00  0.000000e+00  0.000000e+00  0.000000e+00  2.240000e-02  2.930000e-02  2.490000e-02  0.000000e+00
1.386185e-01  0.000000e+00  0.000000e+00  0.000000e+00  2.400000e-02  2.840000e-02  2.650000e-02  0.000000e+00  0.000000e+00  0.000000e+00  0.000000e+00  2.400000e-02  2.840000e-02  2.650000e-02  0.000000e+00
1.445897e-01  0.000000e+00  0.000000e+00  0.000000e+00  2.550000e-02  3.250000e-02  2.590000e-02  0.000000e+00  0.000000e+00  0.000000e+00  0.000000e+00  2.550000e-02  3.250000e-02  2.590000e-02  0.000000e+00
1.508180e-01  0.000000e+00  0.000000e+00  0.000000e+00  2.630000e-02  2.710000e-02  2.150000e-02  0.000000e+00  0.000000e+00  0.000000e+00  1.700000e-03  2.630000e-02  2.710000e-02  2.150000e-02  0.000000e+00
1.573147e-01  0.000000e+00  0.000000e+00  0.000000e+00  3.030000e-02  2.810000e-02  6.700000e-03  0.000000e+00  0.000000e+00  0.000000e+00  5.100000e-03  3.030000e-02  2.810000e-02  2.060000e-02  0.000000e+00
1.640912e-01  0.000000e+00  0.000000e+00  0.000000e+00  3.310000e-02  3.010000e-02  0.000000e+00  0.000000e+00  0.000000e+00  0.000000e+00  6.800000e-03  3.310000e-02  3.010000e-02  1.880000e-02  0.000000e+00
1.711596e-01  0.000000e+00  0.000000e+00  0.000000e+00  3.350000e-02  2.780000e-02  0.000000e+00  0.000000e+00  0.000000e+00  0.000000e+00  7.900000e-03  3.350000e-02  2.780000e-02  2.020000e-02  0.000000e+00
1.785325e-01  0.000000e+00  0.000000e+00  0.000000e+00  3.320000e-02  2.930000e-02  0.000000e+00  0.000000e+00  0.000000e+00  0.000000e+00  8.100000e-03  3.320000e-02  2.930000e-02  1.510000e-02  0.000000e+00
1.862229e-01  0.000000e+00  0.000000e+00  0.000000e+00  3.490000e-02  2.540000e-02  0.000000e+00  0.000000e+00  0.000000e+00  0.000000e+00  1.080000e-02  3.490000e-02  2.540000e-02  1.300000e-02  0.000000e+00
1.942447e-01  0.000000e+00  0.000000e+00  0.000000e+00  3.550000e-02  2.450000e-02  0.000000e+00  0.000000e+00  0.000000e+00  0.000000e+00  1.200000e-02  3.550000e-02  2.450000e-02  1.460000e-02  0.000000e+00
2.026120e-01  0.000000e+00  0.000000e+00  0.000000e+00  3.160000e-02  2.380000e-02  0.000000e+00  0.000000e+00  0.000000e+00  0.000000e+00  1.310000e-02  3.160000e-02  2.380000e-02  1.180000e-02  0.000000e+00
2.113397e-01  0.000000e+00  0.000000e+00  0.000000e+00  3.310000e-02  1.620000e-02  0.000000e+00  0.000000e+00  0.000000e+00  0.000000e+00  1.420000e-02  3.310000e-02  2.450000e-02  1.070000e-02  0.000000e+00
2.204434e-01  0.000000e+00  0.000000e+00  0.000000e+00  3.300000e-02  0.000000e+00  0.000000e+00  0.000000e+00  0.000000e+00  0.000000e+00  1.690000e-02  3.300000e-02  1.940000e-02  8.800000e-03  0.000000e+00
2.299392e-01  0.000000e+00  0.000000e+00  0.000000e+00  3.320000e-02  0.000000e+00  0.000000e+00  0.000000e+00  0.000000e+00  0.000000e+00  1.590000e-02  3.320000e-02  1.980000e-02  6.100000e-03  0.000000e+00
2.398441e-01  0.000000e+00  0.000000e+00  0.000000e+00  3.300000e-02  0.000000e+00  0.000000e+00  0.000000e+00  0.000000e+00  0.000000e+00  2.040000e-02  3.300000e-02  1.680000e-02  2.000000e-03  0.000000e+00
2.501756e-01  0.000000e+00  0.000000e+00  2.070000e-02  2.970000e-02  0.000000e+00  0.000000e+00  0.000000e+00  0.000000e+00  0.000000e+00  2.280000e-02  2.970000e-02  1.630000e-02  0.000000e+00  0.000000e+00
2.609522e-01  0.000000e+00  0.000000e+00  2.380000e-02  3.190000e-02  0.000000e+00  0.000000e+00  0.000000e+00  0.000000e+00  0.000000e+00  2.380000e-02  3.190000e-02  1.360000e-02  0.000000e+00  0.000000e+00
2.721930e-01  0.000000e+00  0.000000e+00  2.480000e-02  3.030000e-02  0.000000e+00  0.000000e+00  0.000000e+00  0.000000e+00  0.000000e+00  2.480000e-02  3.030000e-02  1.430000e-02  0.000000e+00  0.000000e+00
2.839180e-01  0.000000e+00  0.000000e+00  2.820000e-02  2.660000e-02  0.000000e+00  0.000000e+00  0.000000e+00  0.000000e+00  1.700000e-03  2.820000e-02  2.660000e-02  1.090000e-02  0.000000e+00  0.000000e+00
2.961481e-01  0.000000e+00  0.000000e+00  2.950000e-02  2.620000e-02  0.000000e+00  0.000000e+00  0.000000e+00  0.000000e+00  5.900000e-03  2.950000e-02  2.620000e-02  8.000000e-03  0.000000e+00  0.000000e+00
3.089050e-01  0.000000e+00  0.000000e+00  3.500000e-02  2.440000e-02  0.000000e+00  0.000000e+00  0.000000e+00  0.000000e+00  5.400000e-03  3.500000e-02  2.440000e-02  6.300000e-03  0.000000e+00  0.000000e+00
3.222114e-01  0.000000e+00  0.000000e+00  3.670000e-02  1.940000e-02  0.000000e+00  0.000000e+00  0.000000e+00  0.000000e+00  7.400000e-03  3.670000e-02  2.480000e-02  1.300000e-03  0.000000e+00  0.000000e+00
3.360910e-01  0.000000e+00  0.000000e+00  3.680000e-02  0.000000e+00  0.000000e+00  0.000000e+00  0.000000e+00  0.000000e+00  8.200000e-03  3.680000e-02  2.070000e-02  0.000000e+00  0.000000e+00  0.000000e+00
3.505684e-01  0.000000e+00  0.000000e+00  3.700000e-02  0.000000e+00  0.000000e+00  0.000000e+00  0.000000e+00  0.000000e+00  9.900000e-03  3.700000e-02  2.080000e-02  0.000000e+00  0.000000e+00  0.000000e+00
3.656696e-01  0.000000e+00  0.000000e+00  3.560000e-02  0.000000e+00  0.000000e+00  0.000000e+00  0.000000e+00  0.000000e+00  1.170000e-02  3.560000e-02  1.960000e-02  0.000000e+00  0.000000e+00  0.000000e+00
3.814212e-01  0.000000e+00  0.000000e+00  3.810000e-02  0.000000e+00  0.000000e+00  0.000000e+00  0.000000e+00  0.000000e+00  1.360000e-02  3.810000e-02  1.780000e-02  0.000000e+00  0.000000e+00  0.000000e+00
3.978513e-01  0.000000e+00  0.000000e+00  4.070000e-02  0.000000e+00  0.000000e+00  0.000000e+00  0.000000e+00  0.000000e+00  1.700000e-02  4.070000e-02  1.540000e-02  0.000000e+00  0.000000e+00  0.000000e+00
4.149891e-01  0.000000e+00  0.000000e+00  3.730000e-02  0.000000e+00  0.000000e+00  0.000000e+00  0.000000e+00  0.000000e+00  1.590000e-02  3.730000e-02  1.260000e-02  0.000000e+00  0.000000e+00  0.000000e+00
4.328652e-01  0.000000e+00  0.000000e+00  3.320000e-02  0.000000e+00  0.000000e+00  0.000000e+00  0.000000e+00  0.000000e+00  2.070000e-02  3.320000e-02  9.500000e-03  0.000000e+00  0.000000e+00  0.000000e+00
4.515114e-01  0.000000e+00  5.700000e-03  3.420000e-02  0.000000e+00  0.000000e+00  0.000000e+00  0.000000e+00  0.000000e+00  2.330000e-02  3.420000e-02  8.300000e-03  0.000000e+00  0.000000e+00  0.000000e+00
4.709607e-01  0.000000e+00  2.790000e-02  3.120000e-02  0.000000e+00  0.000000e+00  0.000000e+00  0.000000e+00  0.000000e+00  2.790000e-02  3.120000e-02  4.900000e-03  0.000000e+00  0.000000e+00  0.000000e+00
4.912478e-01  0.000000e+00  2.760000e-02  3.170000e-02  0.000000e+00  0.000000e+00  0.000000e+00  0.000000e+00  0.000000e+00  2.760000e-02  3.170000e-02  0.000000e+00  0.000000e+00  0.000000e+00  0.000000e+00
5.124089e-01  0.000000e+00  3.270000e-02  3.710000e-02  0.000000e+00  0.000000e+00  0.000000e+00  0.000000e+00  0.000000e+00  3.270000e-02  3.710000e-02  0.000000e+00  0.000000e+00  0.000000e+00  0.000000e+00
5.344814e-01  0.000000e+00  3.340000e-02  3.040000e-02  0.000000e+00  0.000000e+00  0.000000e+00  0.000000e+00  0.000000e+00  3.340000e-02  3.040000e-02  0.000000e+00  0.000000e+00  0.000000e+00  0.000000e+00
5.575048e-01  0.000000e+00  4.020000e-02  2.880000e-02  0.000000e+00  0.000000e+00  0.000000e+00  0.000000e+00  0.000000e+00  4.020000e-02  2.880000e-02  0.000000e+00  0.000000e+00  0.000000e+00  0.000000e+00
5.815199e-01  0.000000e+00  3.420000e-02  2.690000e-02  0.000000e+00  0.000000e+00  0.000000e+00  0.000000e+00  0.000000e+00  3.420000e-02  2.690000e-02  0.000000e+00  0.000000e+00  0.000000e+00  0.000000e+00
6.065695e-01  0.000000e+00  3.990000e-02  2.300000e-03  0.000000e+00  0.000000e+00  0.000000e+00  0.000000e+00  0.000000e+00  3.990000e-02  2.410000e-02  0.000000e+00  0.000000e+00  0.000000e+00  0.000000e+00
6.326981e-01  0.000000e+00  3.850000e-02  0.000000e+00  0.000000e+00  0.000000e+00  0.000000e+00  0.000000e+00  0.000000e+00  3.850000e-02  2.200000e-02  0.000000e+00  0.000000e+00  0.000000e+00  0.000000e+00
6.599522e-01  0.000000e+00  3.970000e-02  0.000000e+00  0.000000e+00  0.000000e+00  0.000000e+00  0.000000e+00  0.000000e+00  3.970000e-02  2.010000e-02  0.000000e+00  0.000000e+00  0.000000e+00  0.000000e+00
6.883804e-01  0.000000e+00  3.920000e-02  0.000000e+00  0.000000e+00  0.000000e+00  0.000000e+00  0.000000e+00  0.000000e+00  3.920000e-02  1.710000e-02  0.000000e+00  0.000000e+00  0.000000e+00  0.000000e+00
7.180331e-01  0.000000e+00  3.920000e-02  0.000000e+00  0.000000e+00  0.000000e+00  0.000000e+00  0.000000e+00  0.000000e+00  3.920000e-02  1.580000e-02  0.000000e+00  0.000000e+00  0.000000e+00  0.000000e+00
7.489631e-01  0.000000e+00  3.860000e-02  0.000000e+00  0.000000e+00  0.000000e+00  0.000000e+00  0.000000e+00  0.000000e+00  3.860000e-02  1.460000e-02  0.000000e+00  0.000000e+00  0.000000e+00  0.000000e+00
7.812255e-01  0.000000e+00  3.670000e-02  0.000000e+00  0.000000e+00  0.000000e+00  0.000000e+00  0.000000e+00  0.000000e+00  3.670000e-02  8.300000e-03  0.000000e+00  0.000000e+00  0.000000e+00  0.000000e+00
8.148776e-01  0.000000e+00  3.910000e-02  0.000000e+00  0.000000e+00  0.000000e+00  0.000000e+00  0.000000e+00  0.000000e+00  3.910000e-02  8.100000e-03  0.000000e+00  0.000000e+00  0.000000e+00  0.000000e+00
8.499793e-01  0.000000e+00  3.470000e-02  0.000000e+00  0.000000e+00  0.000000e+00  0.000000e+00  0.000000e+00  0.000000e+00  3.470000e-02  6.500000e-03  0.000000e+00  0.000000e+00  0.000000e+00  0.000000e+00
8.865931e-01  0.000000e+00  3.700000e-02  0.000000e+00  0.000000e+00  0.000000e+00  0.000000e+00  0.000000e+00  0.000000e+00  3.700000e-02  7.000000e-04  0.000000e+00  0.000000e+00  0.000000e+00  0.000000e+00
9.247840e-01  0.000000e+00  3.100000e-02  0.000000e+00  0.000000e+00  0.000000e+00  0.000000e+00  0.000000e+00  2.400000e-03  3.100000e-02  0.000000e+00  0.000000e+00  0.000000e+00  0.000000e+00  0.000000e+00
9.646201e-01  0.000000e+00  2.860000e-02  0.000000e+00  0.000000e+00  0.000000e+00  0.000000e+00  0.000000e+00  5.400000e-03  2.860000e-02  0.000000e+00  0.000000e+00  0.000000e+00  0.000000e+00  0.000000e+00
1.006172e+00  0.000000e+00  3.060000e-02  0.000000e+00  0.000000e+00  0.000000e+00  0.000000e+00  0.000000e+00  5.000000e-03  3.060000e-02  0.000000e+00  0.000000e+00  0.000000e+00  0.000000e+00  0.000000e+00
1.049514e+00  0.000000e+00  5.500000e-03  0.000000e+00  0.000000e+00  0.000000e+00  0.000000e+00  0.000000e+00  7.600000e-03  2.590000e-02  0.000000e+00  0.000000e+00  0.000000e+00  0.000000e+00  0.000000e+00
1.094723e+00  0.000000e+00  0.000000e+00  0.000000e+00  0.000000e+00  0.000000e+00  0.000000e+00  0.000000e+00  8.100000e-03  2.410000e-02  0.000000e+00  0.000000e+00  0.000000e+00  0.000000e+00  0.000000e+00
1.141879e+00  0.000000e+00  0.000000e+00  0.000000e+00  0.000000e+00  0.000000e+00  0.000000e+00  0.000000e+00  9.700000e-03  2.090000e-02  0.000000e+00  0.000000e+00  0.000000e+00  0.000000e+00  0.000000e+00
1.191067e+00  0.000000e+00  0.000000e+00  0.000000e+00  0.000000e+00  0.000000e+00  0.000000e+00  0.000000e+00  1.360000e-02  1.790000e-02  0.000000e+00  0.000000e+00  0.000000e+00  0.000000e+00  0.000000e+00
1.242373e+00  0.000000e+00  0.000000e+00  0.000000e+00  0.000000e+00  0.000000e+00  0.000000e+00  0.000000e+00  1.540000e-02  1.510000e-02  0.000000e+00  0.000000e+00  0.000000e+00  0.000000e+00  0.000000e+00
1.295890e+00  0.000000e+00  0.000000e+00  0.000000e+00  0.000000e+00  0.000000e+00  0.000000e+00  0.000000e+00  1.580000e-02  1.160000e-02  0.000000e+00  0.000000e+00  0.000000e+00  0.000000e+00  0.000000e+00
1.351712e+00  0.000000e+00  0.000000e+00  0.000000e+00  0.000000e+00  0.000000e+00  0.000000e+00  0.000000e+00  1.960000e-02  1.000000e-02  0.000000e+00  0.000000e+00  0.000000e+00  0.000000e+00  0.000000e+00
1.409938e+00  0.000000e+00  0.000000e+00  0.000000e+00  0.000000e+00  0.000000e+00  0.000000e+00  0.000000e+00  2.040000e-02  8.000000e-03  0.000000e+00  0.000000e+00  0.000000e+00  0.000000e+00  0.000000e+00
1.470673e+00  1.160000e-02  0.000000e+00  0.000000e+00  0.000000e+00  0.000000e+00  0.000000e+00  0.000000e+00  2.360000e-02  7.000000e-03  0.000000e+00  0.000000e+00  0.000000e+00  0.000000e+00  0.000000e+00
1.534024e+00  2.700000e-02  0.000000e+00  0.000000e+00  0.000000e+00  0.000000e+00  0.000000e+00  0.000000e+00  2.700000e-02  0.000000e+00  0.000000e+00  0.000000e+00  0.000000e+00  0.000000e+00  0.000000e+00
1.600103e+00  3.020000e-02  0.000000e+00  0.000000e+00  0.000000e+00  0.000000e+00  0.000000e+00  0.000000e+00  3.020000e-02  0.000000e+00  0.000000e+00  0.000000e+00  0.000000e+00  0.000000e+00  0.000000e+00
1.669030e+00  3.450000e-02  0.000000e+00  0.000000e+00  0.000000e+00  0.000000e+00  0.000000e+00  0.000000e+00  3.450000e-02  0.000000e+00  0.000000e+00  0.000000e+00  0.000000e+00  0.000000e+00  0.000000e+00
1.740925e+00  3.580000e-02  0.000000e+00  0.000000e+00  0.000000e+00  0.000000e+00  0.000000e+00  0.000000e+00  3.580000e-02  0.000000e+00  0.000000e+00  0.000000e+00  0.000000e+00  0.000000e+00  0.000000e+00
1.815917e+00  3.890000e-02  0.000000e+00  0.000000e+00  0.000000e+00  0.000000e+00  0.000000e+00  0.000000e+00  3.890000e-02  0.000000e+00  0.000000e+00  0.000000e+00  0.000000e+00  0.000000e+00  0.000000e+00
1.894139e+00  4.300000e-02  0.000000e+00  0.000000e+00  0.000000e+00  0.000000e+00  0.000000e+00  0.000000e+00  4.300000e-02  0.000000e+00  0.000000e+00  0.000000e+00  0.000000e+00  0.000000e+00  0.000000e+00
1.975732e+00  4.460000e-02  0.000000e+00  0.000000e+00  0.000000e+00  0.000000e+00  0.000000e+00  0.000000e+00  4.460000e-02  0.000000e+00  0.000000e+00  0.000000e+00  0.000000e+00  0.000000e+00  0.000000e+00
2.060838e+00  4.250000e-02  0.000000e+00  0.000000e+00  0.000000e+00  0.000000e+00  0.000000e+00  0.000000e+00  4.250000e-02  0.000000e+00  0.000000e+00  0.000000e+00  0.000000e+00  0.000000e+00  0.000000e+00
2.149611e+00  4.410000e-02  0.000000e+00  0.000000e+00  0.000000e+00  0.000000e+00  0.000000e+00  0.000000e+00  4.410000e-02  0.000000e+00  0.000000e+00  0.000000e+00  0.000000e+00  0.000000e+00  0.000000e+00
2.242208e+00  4.370000e-02  0.000000e+00  0.000000e+00  0.000000e+00  0.000000e+00  0.000000e+00  0.000000e+00  4.370000e-02  0.000000e+00  0.000000e+00  0.000000e+00  0.000000e+00  0.000000e+00  0.000000e+00
2.338793e+00  4.070000e-02  0.000000e+00  0.000000e+00  0.000000e+00  0.000000e+00  0.000000e+00  0.000000e+00  4.070000e-02  0.000000e+00  0.000000e+00  0.000000e+00  0.000000e+00  0.000000e+00  0.000000e+00
2.439539e+00  3.680000e-02  0.000000e+00  0.000000e+00  0.000000e+00  0.000000e+00  0.000000e+00  0.000000e+00  3.680000e-02  0.000000e+00  0.000000e+00  0.000000e+00  0.000000e+00  0.000000e+00  0.000000e+00
2.544625e+00  3.940000e-02  0.000000e+00  0.000000e+00  0.000000e+00  0.000000e+00  0.000000e+00  0.000000e+00  3.940000e-02  0.000000e+00  0.000000e+00  0.000000e+00  0.000000e+00  0.000000e+00  0.000000e+00
2.654238e+00  3.860000e-02  0.000000e+00  0.000000e+00  0.000000e+00  0.000000e+00  0.000000e+00  0.000000e+00  3.860000e-02  0.000000e+00  0.000000e+00  0.000000e+00  0.000000e+00  0.000000e+00  0.000000e+00
2.768572e+00  3.630000e-02  0.000000e+00  0.000000e+00  0.000000e+00  0.000000e+00  0.000000e+00  0.000000e+00  3.630000e-02  0.000000e+00  0.000000e+00  0.000000e+00  0.000000e+00  0.000000e+00  0.000000e+00
2.887831e+00  3.450000e-02  0.000000e+00  0.000000e+00  0.000000e+00  0.000000e+00  0.000000e+00  0.000000e+00  3.450000e-02  0.000000e+00  0.000000e+00  0.000000e+00  0.000000e+00  0.000000e+00  0.000000e+00
3.012227e+00  3.210000e-02  0.000000e+00  0.000000e+00  0.000000e+00  0.000000e+00  0.000000e+00  0.000000e+00  3.210000e-02  0.000000e+00  0.000000e+00  0.000000e+00  0.000000e+00  0.000000e+00  0.000000e+00
3.141982e+00  2.570000e-02  0.000000e+00  0.000000e+00  0.000000e+00  0.000000e+00  0.000000e+00  0.000000e+00  2.950000e-02  0.000000e+00  0.000000e+00  0.000000e+00  0.000000e+00  0.000000e+00  0.000000e+00
3.277326e+00  0.000000e+00  0.000000e+00  0.000000e+00  0.000000e+00  0.000000e+00  0.000000e+00  0.000000e+00  2.690000e-02  0.000000e+00  0.000000e+00  0.000000e+00  0.000000e+00  0.000000e+00  0.000000e+00
3.418501e+00  0.000000e+00  0.000000e+00  0.000000e+00  0.000000e+00  0.000000e+00  0.000000e+00  0.000000e+00  2.400000e-02  0.000000e+00  0.000000e+00  0.000000e+00  0.000000e+00  0.000000e+00  0.000000e+00
3.565756e+00  0.000000e+00  0.000000e+00  0.000000e+00  0.000000e+00  0.000000e+00  0.000000e+00  0.000000e+00  1.720000e-02  0.000000e+00  0.000000e+00  0.000000e+00  0.000000e+00  0.000000e+00  0.000000e+00
3.719355e+00  0.000000e+00  0.000000e+00  0.000000e+00  0.000000e+00  0.000000e+00  0.000000e+00  0.000000e+00  1.730000e-02  0.000000e+00  0.000000e+00  0.000000e+00  0.000000e+00  0.000000e+00  0.000000e+00
3.879570e+00  0.000000e+00  0.000000e+00  0.000000e+00  0.000000e+00  0.000000e+00  0.000000e+00  0.000000e+00  1.420000e-02  0.000000e+00  0.000000e+00  0.000000e+00  0.000000e+00  0.000000e+00  0.000000e+00
4.046687e+00  0.000000e+00  0.000000e+00  0.000000e+00  0.000000e+00  0.000000e+00  0.000000e+00  0.000000e+00  1.280000e-02  0.000000e+00  0.000000e+00  0.000000e+00  0.000000e+00  0.000000e+00  0.000000e+00
4.221002e+00  0.000000e+00  0.000000e+00  0.000000e+00  0.000000e+00  0.000000e+00  0.000000e+00  0.000000e+00  9.800000e-03  0.000000e+00  0.000000e+00  0.000000e+00  0.000000e+00  0.000000e+00  0.000000e+00
4.402826e+00  0.000000e+00  0.000000e+00  0.000000e+00  0.000000e+00  0.000000e+00  0.000000e+00  0.000000e+00  9.000000e-03  0.000000e+00  0.000000e+00  0.000000e+00  0.000000e+00  0.000000e+00  0.000000e+00
