2.555250e-02  0.000000e+00  0.000000e+00  0.000000e+00  0.000000e+00  0.000000e+00  0.000000e+00  0.000000e+00  0.000000e+00  0.000000e+00  0.000000e+00  0.000000e+00  0.000000e+00  0.000000e+00  1.240000e-02
2.666348e-02  0.000000e+00  0.000000e+00  0.000000e+00  0.000000e+00  0.000000e+00  0.000000e+00  0.000000e+00  0.000000e+00  0.000000e+00  0.000000e+00  0.000000e+00  0.000000e+00  0.000000e+00  1.560000e-02
2.782276e-02  0.000000e+00  0.000000e+00  0.000000e+00  0.000000e+00  0.000000e+00  0.000000e+00  0.000000e+00  0.000000e+00  0.000000e+00  0.000000e+00  0.000000e+00  0.000000e+00  0.000000e+00  1.620000e-02
2.903245e-02  0.000000e+00  0.000000e+00  0.000000e+00  0.000000e+00  0.000000e+00  0.000000e+00  0.000000e+00  0.000000e+00  0.000000e+00  0.000000e+00  0.000000e+00  0.000000e+00  0.000000e+00  2.260000e-02
3.029473e-02  0.000000e+00  0.000000e+00  0.000000e+00  0.000000e+00  0.000000e+00  0.000000e+00  0.000000e+00  0.000000e+00  0.000000e+00  0.000000e+00  0.000000e+00  0.000000e+00  4.500000e-03  2.400000e-02
3.161189e-02  0.000000e+00  0.000000e+00  0.000000e+00  0.000000e+00  0.000000e+00  0.000000e+00  0.000000e+00  0.000000e+00  0.000000e+00  0.000000e+00  0.000000e+00  0.000000e+00  6.900000e-03  2.550000e-02
3.298632e-02  0.000000e+00  0.000000e+00  0.000000e+00  0.000000e+00  0.000000e+00  0.000000e+00  1.000000e-02  0.000000e+00  0.000000e+00  0.000000e+00  0.000000e+00  0.000000e+00  4.600000e-03  2.870000e-02
3.442051e-02  0.000000e+00  0.000000e+00  0.000000e+00  0.000000e+00  0.000000e+00  0.000000e+00  3.250000e-02  0.000000e+00  0.000000e+00  0.000000e+00  0.000000e+00  0.000000e+00  8.700000e-03  3.250000e-02
3.591705e-02  0.000000e+00  0.000000e+00  0.000000e+00  0.000000e+00  0.000000e+00  0.000000e+00  3.090000e-02  0.000000e+00  0.000000e+00  0.000000e+00  0.000000e+00  0.000000e+00  8.400000e-03  3.090000e-02
3.747867e-02  0.000000e+00  0.000000e+00  0.000000e+00  0.000000e+00  0.000000e+00  0.000000e+00  3.200000e-02  0.000000e+00  0.000000e+00  0.000000e+00  0.000000e+00  0.000000e+00  1.130000e-02  3.200000e-02
3.910818e-02  0.000000e+00  0.000000e+00  0.000000e+00  0.000000e+00  0.000000e+00  0.000000e+00  3.150000e-02  0.000000e+00  0.000000e+00  0.000000e+00  0.000000e+00  0.000000e+00  1.340000e-02  3.150000e-02
4.080853e-02  0.000000e+00  0.000000e+00  0.000000e+00  0.000000e+00  0.000000e+00  0.000000e+00  3.060000e-02  0.000000e+00  0.000000e+00  0.000000e+00  0.000000e+00  0.000000e+00  1.460000e-02  3.060000e-02
4.258282e-02  0.000000e+00  0.000000e+00  0.000000e+00  0.000000e+00  0.000000e+00  0.000000e+00  3.630000e-02  0.000000e+00  0.000000e+00  0.000000e+00  0.000000e+00  0.000000e+00  1.850000e-02  3.630000e-02
4.443425e-02  0.000000e+00  0.000000e+00  0.000000e+00  0.000000e+00  0.000000e+00  0.000000e+00  3.230000e-02  0.000000e+00  0.000000e+00  0.000000e+00  0.000000e+00  0.000000e+00  2.130000e-02  3.230000e-02
4.636617e-02  0.000000e+00  0.000000e+00  0.000000e+00  0.000000e+00  0.000000e+00  0.000000e+00  3.710000e-02  0.000000e+00  0.000000e+00  0.000000e+00  0.000000e+00  0.000000e+00  2.270000e-02  3.710000e-02
4.838209e-02  0.000000e+00  0.000000e+00  0.000000e+00  0.000000e+00  0.000000e+00  2.640000e-02  3.490000e-02  0.000000e+00  0.000000e+00  0.000000e+00  0.000000e+00  0.000000e+00  2.650000e-02  3.490000e-02
5.048566e-02  0.000000e+00  0.000000e+00  0.000000e+00  0.000000e+00  0.000000e+00  2.560000e-02  3.940000e-02  0.000000e+00  0.000000e+00  0.000000e+00  0.000000e+00  0.000000e+00  2.560000e-02  3.940000e-02
5.268069e-02  0.000000e+00  0.000000e+00  0.000000e+00  0.000000e+00  0.000000e+00  3.160000e-02  3.320000e-02  0.000000e+00  0.000000e+00  0.000000e+00  0.000000e+00  0.000000e+00  3.160000e-02  3.320000e-02
5.497116e-02  0.000000e+00  0.000000e+00  0.000000e+00  0.000000e+00  0.000000e+00  2.890000e-02  3.380000e-02  0.000000e+00  0.000000e+00  0.000000e+00  0.000000e+00  0.000000e+00  2.890000e-02  3.380000e-02
5.736121e-02  0.000000e+00  0.000000e+00  0.000000e+00  0.000000e+00  0.000000e+00  2.910000e-02  3.660000e-02  0.000000e+00  0.000000e+00  0.000000e+00  0.000000e+00  0.000000e+00  2.910000e-02  3.660000e-02
5.985518e-02  0.000000e+00  0.000000e+00  0.000000e+00  0.000000e+00  0.000000e+00  3.320000e-02  4.120000e-02  0.000000e+00  0.000000e+00  0.000000e+00  0.000000e+00  0.000000e+00  3.320000e-02  4.120000e-02
6.245758e-02  0.000000e+00  0.000000e+00  0.000000e+00  0.000000e+00  0.000000e+00  3.140000e-02  3.940000e-02  0.000000e+00  0.000000e+00  0.000000e+00  0.000000e+00  0.000000e+00  3.140000e-02  3.940000e-02
6.517313e-02  0.000000e+00  0.000000e+00  0.000000e+00  0.000000e+00  0.000000e+00  3.270000e-02  3.470000e-02  0.000000e+00  0.000000e+00  0.000000e+00  0.000000e+00  0.000000e+00  3.270000e-02  3.470000e-02
6.800674e-02  0.000000e+00  0.000000e+00  0.000000e+00  0.000000e+00  0.000000e+00  3.480000e-02  3.610000e-02  0.000000e+00  0.000000e+00  0.000000e+00  0.000000e+00  2.800000e-03  3.480000e-02  3.610000e-02
7.096356e-02  0.000000e+00  0.000000e+00  0.000000e+00  0.000000e+00  0.000000e+00  3.020000e-02  3.610000e-02  0.000000e+00  0.000000e+00  0.000000e+00  0.000000e+00  9.000000e-03  3.020000e-02  3.610000e-02
7.404894e-02  0.000000e+00  0.000000e+00  0.000000e+00  0.000000e+00  0.000000e+00  3.350000e-02  2.970000e-02  0.000000e+00  0.000000e+00  0.000000e+00  0.000000e+00  1.100000e-02  3.350000e-02  2.970000e-02
7.726846e-02  0.000000e+00  0.000000e+00  0.000000e+00  0.000000e+00  0.000000e+00  3.320000e-02  1.170000e-02  0.000000e+00  0.000000e+00  0.000000e+00  0.000000e+00  1.500000e-02  3.320000e-02  2.620000e-02
8.062796e-02  0.000000e+00  0.000000e+00  0.000000e+00  0.000000e+00  0.000000e+00  3.230000e-02  0.000000e+00  0.000000e+00  0.000000e+00  0.000000e+00  0.000000e+00  1.820000e-02  3.230000e-02  2.470000e-02
8.413352e-02  0.000000e+00  0.000000e+00  0.000000e+00  0.000000e+00  0.000000e+00  3.060000e-02  0.000000e+00  0.000000e+00  0.000000e+00  0.000000e+00  0.000000e+00  2.030000e-02  3.060000e-02  2.250000e-02
8.779150e-02  0.000000e+00  0.000000e+00  0.000000e+00  0.000000e+00  0.000000e+00  3.530000e-02  0.000000e+00  0.000000e+00  0.000000e+00  0.000000e+00  0.000000e+00  2.320000e-02  3.530000e-02  1.850000e-02
9.160853e-02  0.000000e+00  0.000000e+00  0.000000e+00  0.000000e+00  0.000000e+00  3.250000e-02  0.000000e+00  0.000000e+00  0.000000e+00  0.000000e+00  0.000000e+00  2.480000e-02  3.250000e-02  1.600000e-02
9.559151e-02  0.000000e+00  0.000000e+00  0.000000e+00  0.000000e+00  1.340000e-02  3.180000e-02  0.000000e+00  0.000000e+00  0.000000e+00  0.000000e+00  0.000000e+00  2.410000e-02  3.180000e-02  1.310000e-02
9.974767e-02  0.000000e+00  0.000000e+00  0.000000e+00  0.000000e+00  2.700000e-02  3.260000e-02  0.000000e+00  0.000000e+00  0.000000e+00  0.000000e+00  0.000000e+00  2.700000e-02  3.260000e-02  9.400000e-03
1.040845e-01  0.000000e+00  0.000000e+00  0.000000e+00  0.000000e+00  2.900000e-02  3.120000e-02  0.000000e+00  0.000000e+00  0.000000e+00  0.000000e+00  0.000000e+00  2.900000e-02  3.120000e-02  8.900000e-03
1.086099e-01  0.000000e+00  0.000000e+00  0.000000e+00  0.000000e+00  3.300000e-02  3.260000e-02  0.000000e+00  0.000000e+00  0.000000e+00  0.000000e+00  0.000000e+00  3.300000e-02  3.260000e-02  6.700000e-03
1.133321e-01  0.000000e+00  0.000000e+00  0.000000e+00  0.000000e+00  2.950000e-02  3.150000e-02  0.000000e+00  0.000000e+00  0.000000e+00  0.000000e+00  0.000000e+00  2.950000e-02  3.150000e-02  7.000000e-04
1.182596e-01  0.000000e+00  0.000000e+00  0.000000e+00  0.000000e+00  3.320000e-02  1.900000e-02  0.000000e+00  0.000000e+00  0.000000e+00  0.000000e+00  0.000000e+00  3.320000e-02  2.390000e-02  0.000000e+00
1.234013e-01  0.000000e+00  0.000000e+00  0.000000e+00  0.000000e+00  3.190000e-02  0.000000e+00  0.000000e+00  0.000000e+00  0.000000e+00  0.000000e+00  0.000000e+00  3.190000e-02  2.230000e-02  0.000000e+00
1.287666e-01  0.000000e+00  0.000000e+00  0.000000e+00  0.000000e+00  3.350000e-02  0.000000e+00  0.000000e+00  0.000000e+00  0.000000e+00  0.000000e+00  0.000000e+00  3.350000e-02  1.960000e-02  0.000000e+00
1.343652e-01  0.000000e+00  0.000000e+00  0.000000e+00  0.000000e+00  3.060000e-02  0.000000e+00  0.000000e+00  0.000000e+00  0.000000e+00  0.000000e+00  0.000000e+00  3.060000e-02  1.850000e-02  0.000000e+00
1.402071e-01  0.000000e+00  0.000000e+00  0.000000e+00  0.000000e+00  3.000000e-02  0.000000e+00  0.000000e+00  0.000000e+00  0.000000e+00  0.000000e+00  0.000000e+00  3.000000e-02  1.620000e-02  0.000000e+00
1.463031e-01  0.000000e+00  0.000000e+00  0.000000e+00  0.000000e+00  3.170000e-02  0.000000e+00  0.000000e+00  0.000000e+00  0.000000e+00  0.000000e+00  3.000000e-03  3.170000e-02  1.460000e-02  0.000000e+00
1.526641e-01  0.000000e+00  0.000000e+00  0.000000e+00  0.000000e+00  3.310000e-02  0.000000e+00  0.000000e+00  0.000000e+00  0.000000e+00  0.000000e+00  1.080000e-02  3.310000e-02  9.800000e-03  0.000000e+00
1.593017e-01  0.000000e+00  0.000000e+00  0.000000e+00  0.000000e+00  3.520000e-02  0.000000e+00  0.000000e+00  0.000000e+00  0.000000e+00  0.000000e+00  1.340000e-02  3.520000e-02  9.000000e-03  0.000000e+00
1.662278e-01  0.000000e+00  0.000000e+00  0.000000e+00  0.000000e+00  3.670000e-02  0.000000e+00  0.000000e+00  0.000000e+00  0.000000e+00  0.000000e+00  1.580000e-02  3.670000e-02  8.900000e-03  0.000000e+00
1.734551e-01  0.000000e+00  0.000000e+00  0.000000e+00  0.000000e+00  3.330000e-02  0.000000e+00  0.000000e+00  0.000000e+00  0.000000e+00  0.000000e+00  2.080000e-02  3.330000e-02  6.800000e-03  0.000000e+00
1.809967e-01  0.000000e+00  0.000000e+00  0.000000e+00  0.000000e+00  3.540000e-02  0.000000e+00  0.000000e+00  0.000000e+00  0.000000e+00  0.000000e+00  2.220000e-02  3.540000e-02  4.400000e-03  0.000000e+00
1.888661e-01  0.000000e+00  0.000000e+00  0.000000e+00  0.000000e+00  3.410000e-02  0.000000e+00  0.000000e+00  0.000000e+00  0.000000e+00  0.000000e+00  2.750000e-02  3.410000e-02  0.000000e+00  0.000000e+00
1.970777e-01  0.000000e+00  0.000000e+00  0.000000e+00  3.300000e-03  3.640000e-02  0.000000e+00  0.000000e+00  0.000000e+00  0.000000e+00  0.000000e+00  2.480000e-02  3.640000e-02  0.000000e+00  0.000000e+00
2.056463e-01  0.000000e+00  0.000000e+00  0.000000e+00  2.640000e-02  3.250000e-02  0.000000e+00  0.000000e+00  0.000000e+00  0.000000e+00  0.000000e+00  2.640000e-02  3.250000e-02  0.000000e+00  0.000000e+00
2.145874e-01  0.000000e+00  0.000000e+00  0.000000e+00  3.030000e-02  3.080000e-02  0.000000e+00  0.000000e+00  0.000000e+00  0.000000e+00  0.000000e+00  3.030000e-02  3.080000e-02  0.000000e+00  0.000000e+00
2.239173e-01  0.000000e+00  0.000000e+00  0.000000e+00  3.270000e-02  2.650000e-02  0.000000e+00  0.000000e+00  0.000000e+00  0.000000e+00  0.000000e+00  3.270000e-02  2.650000e-02  0.000000e+00  0.000000e+00
2.336529e-01  0.000000e+00  0.000000e+00  0.000000e+00  3.170000e-02  2.320000e-02  0.000000e+00  0.000000e+00  0.000000e+00  0.000000e+00  0.000000e+00  3.170000e-02  2.630000e-02  0.000000e+00  0.000000e+00
2.438117e-01  0.000000e+00  0.000000e+00  0.000000e+00  3.180000e-02  0.000000e+00  0.000000e+00  0.000000e+00  0.000000e+00  0.000000e+00  0.000000e+00  3.180000e-02  2.180000e-02  0.000000e+00  0.000000e+00
2.544122e-01  0.000000e+00  0.000000e+00  0.000000e+00  3.240000e-02  0.000000e+00  0.000000e+00  0.000000e+00  0.000000e+00  0.000000e+00  0.000000e+00  3.240000e-02  2.060000e-02  0.000000e+00  0.000000e+00
2.654736e-01  0.000000e+00  0.000000e+00  0.000000e+00  3.510000e-02  0.000000e+00  0.000000e+00  0.000000e+00  0.000000e+00  0.000000e+00  0.000000e+00  3.510000e-02  1.820000e-02  0.000000e+00  0.000000e+00
2.770159e-01  0.000000e+00  0.000000e+00  0.000000e+00  3.080000e-02  0.000000e+00  0.000000e+00  0.000000e+00  0.000000e+00  0.000000e+00  0.000000e+00  3.080000e-02  1.560000e-02  0.000000e+00  0.000000e+00
2.890601e-01  0.000000e+00  0.000000e+00  0.000000e+00  3.330000e-02  0.000000e+00  0.000000e+00  0.000000e+00  0.000000e+00  0.000000e+00  0.000000e+00  3.330000e-02  1.280000e-02  0.000000e+00  0.000000e+00
3.016280e-01  0.000000e+00  0.000000e+00  0.000000e+00  3.380000e-02  0.000000e+00  0.000000e+00  0.000000e+00  0.000000e+00  0.000000e+00  0.000000e+00  3.380000e-02  1.090000e-02  0.000000e+00  0.000000e+00
3.147422e-01  0.000000e+00  0.000000e+00  0.000000e+00  3.330000e-02  0.000000e+00  0.000000e+00  0.000000e+00  0.000000e+00  0.000000e+00  0.000000e+00  3.330000e-02  8.500000e-03  0.000000e+00  0.000000e+00
3.284267e-01  0.000000e+00  0.000000e+00  0.000000e+00  3.560000e-02  0.000000e+00  0.000000e+00  0.000000e+00  0.000000e+00  0.000000e+00  0.000000e+00  3.560000e-02  8.200000e-03  0.000000e+00  0.000000e+00
3.427061e-01  0.000000e+00  0.000000e+00  0.000000e+00  3.410000e-02  0.000000e+00  0.000000e+00  0.000000e+00  0.000000e+00  0.000000e+00  0.000000e+00  3.410000e-02  6.900000e-03  0.000000e+00  0.000000e+00
3.576064e-01  0.000000e+00  0.000000e+00  0.000000e+00  3.580000e-02  0.000000e+00  0.000000e+00  0.000000e+00  0.000000e+00  0.000000e+00  0.000000e+00  3.580000e-02  5.800000e-03  0.000000e+00  0.000000e+00
3.731545e-01  0.000000e+00  0.000000e+00  0.000000e+00  3.330000e-02  0.000000e+00  0.000000e+00  0.000000e+00  0.000000e+00  0.000000e+00  0.000000e+00  3.330000e-02  2.600000e-03  0.000000e+00  0.000000e+00
3.893786e-01  0.000000e+00  0.000000e+00  0.000000e+00  3.620000e-02  0.000000e+00  0.000000e+00  0.000000e+00  0.000000e+00  0.000000e+00  3.500000e-03  3.620000e-02  0.000000e+00  0.000000e+00  0.000000e+00
4.063081e-01  0.000000e+00  0.000000e+00  0.000000e+00  3.920000e-02  0.000000e+00  0.000000e+00  0.000000e+00  0.000000e+00  0.000000e+00  1.190000e-02  3.920000e-02  0.000000e+00  0.000000e+00  0.000000e+00
4.239737e-01  0.000000e+00  0.000000e+00  0.000000e+00  3.350000e-02  0.000000e+00  0.000000e+00  0.000000e+00  0.000000e+00  0.000000e+00  1.540000e-02  3.350000e-02  0.000000e+00  0.000000e+00  0.000000e+00
4.424074e-01  0.000000e+00  0.000000e+00  0.000000e+00  3.110000e-02  0.000000e+00  0.000000e+00  0.000000e+00  0.000000e+00  0.000000e+00  2.040000e-02  3.110000e-02  0.000000e+00  0.000000e+00  0.000000e+00
4.616425e-01  0.000000e+00  0.000000e+00  0.000000e+00  2.850000e-02  0.000000e+00  0.000000e+00  0.000000e+00  0.000000e+00  0.000000e+00  2.550000e-02  2.850000e-02  0.000000e+00  0.000000e+00  0.000000e+00
4.817139e-01  0.000000e+00  0.000000e+00  0.000000e+00  1.780000e-02  0.000000e+00  0.000000e+00  0.000000e+00  0.000000e+00  0.000000e+00  2.570000e-02  2.540000e-02  0.000000e+00  0.000000e+00  0.000000e+00
5.026580e-01  0.000000e+00  0.000000e+00  0.000000e+00  0.000000e+00  0.000000e+00  0.000000e+00  0.000000e+00  0.000000e+00  0.000000e+00  2.630000e-02  2.120000e-02  0.000000e+00  0.000000e+00  0.000000e+00
5.245127e-01  0.000000e+00  0.000000e+00  2.490000e-02  0.000000e+00  0.000000e+00  0.000000e+00  0.000000e+00  0.000000e+00  0.000000e+00  3.120000e-02  2.100000e-02  0.000000e+00  0.000000e+00  0.000000e+00
5.473176e-01  0.000000e+00  0.000000e+00  3.080000e-02  0.000000e+00  0.000000e+00  0.000000e+00  0.000000e+00  0.000000e+00  0.000000e+00  3.080000e-02  1.810000e-02  0.000000e+00  0.000000e+00  0.000000e+00
5.711141e-01  0.000000e+00  0.000000e+00  3.150000e-02  0.000000e+00  0.000000e+00  0.000000e+00  0.000000e+00  0.000000e+00  0.000000e+00  3.150000e-02  1.380000e-02  0.000000e+00  0.000000e+00  0.000000e+00
5.959451e-01  0.000000e+00  0.000000e+00  3.110000e-02  0.000000e+00  0.000000e+00  0.000000e+00  0.000000e+00  0.000000e+00  0.000000e+00  3.110000e-02  1.400000e-02  0.000000e+00  0.000000e+00  0.000000e+00
6.218558e-01  0.000000e+00  0.000000e+00  3.380000e-02  0.000000e+00  0.000000e+00  0.000000e+00  0.000000e+00  0.000000e+00  0.000000e+00  3.380000e-02  1.170000e-02  0.000000e+00  0.000000e+00  0.000000e+00
6.488931e-01  0.000000e+00  0.000000e+00  3.660000e-02  0.000000e+00  0.000000e+00  0.000000e+00  0.000000e+00  0.000000e+00  0.000000e+00  3.660000e-02  9.100000e-03  0.000000e+00  0.000000e+00  0.000000e+00
6.771058e-01  0.000000e+00  0.000000e+00  3.270000e-02  0.000000e+00  0.000000e+00  0.000000e+00  0.000000e+00  0.000000e+00  0.000000e+00  3.270000e-02  7.200000e-03  0.000000e+00  0.000000e+00  0.000000e+00
7.065452e-01  0.000000e+00  0.000000e+00  3.330000e-02  0.000000e+00  0.000000e+00  0.000000e+00  0.000000e+00  0.000000e+00  0.000000e+00  3.330000e-02  5.900000e-03  0.000000e+00  0.000000e+00  0.000000e+00
7.372646e-01  0.000000e+00  0.000000e+00  3.380000e-02  0.000000e+00  0.000000e+00  0.000000e+00  0.000000e+00  0.000000e+00  0.000000e+00  3.380000e-02  3.800000e-03  0.000000e+00  0.000000e+00  0.000000e+00
7.693196e-01  0.000000e+00  0.000000e+00  3.560000e-02  0.000000e+00  0.000000e+00  0.000000e+00  0.000000e+00  0.000000e+00  0.000000e+00  3.560000e-02  1.600000e-03  0.000000e+00  0.000000e+00  0.000000e+00
8.027683e-01  0.000000e+00  0.000000e+00  3.890000e-02  0.000000e+00  0.000000e+00  0.000000e+00  0.000000e+00  0.000000e+00  0.000000e+00  3.890000e-02  0.000000e+00  0.000000e+00  0.000000e+00  0.000000e+00
8.376713e-01  0.000000e+00  0.000000e+00  3.520000e-02  0.000000e+00  0.000000e+00  0.000000e+00  0.000000e+00  0.000000e+00  0.000000e+00  3.520000e-02  0.000000e+00  0.000000e+00  0.000000e+00  0.000000e+00
8.740918e-01  0.000000e+00  0.000000e+00  3.540000e-02  0.000000e+00  0.000000e+00  0.000000e+00  0.000000e+00  0.000000e+00  1.330000e-02  3.540000e-02  0.000000e+00  0.000000e+00  0.000000e+00  0.000000e+00
9.120958e-01  0.000000e+00  0.000000e+00  3.900000e-02  0.000000e+00  0.000000e+00  0.000000e+00  0.000000e+00  0.000000e+00  1.770000e-02  3.900000e-02  0.000000e+00  0.000000e+00  0.000000e+00  0.000000e+00
9.517522e-01  0.000000e+00  0.000000e+00  3.700000e-02  0.000000e+00  0.000000e+00  0.000000e+00  0.000000e+00  0.000000e+00  2.280000e-02  3.700000e-02  0.000000e+00  0.000000e+00  0.000000e+00  0.000000e+00
9.931327e-01  0.000000e+00  0.000000e+00  4.020000e-02  0.000000e+00  0.000000e+00  0.000000e+00  0.000000e+00  0.000000e+00  2.450000e-02  4.020000e-02  0.000000e+00  0.000000e+00  0.000000e+00  0.000000e+00
1.036312e+00  0.000000e+00  0.000000e+00  3.840000e-02  0.000000e+00  0.000000e+00  0.000000e+00  0.000000e+00  0.000000e+00  2.580000e-02  3.840000e-02  0.000000e+00  0.000000e+00  0.000000e+00  0.000000e+00
1.081370e+00  0.000000e+00  0.000000e+00  3.460000e-02  0.000000e+00  0.000000e+00  0.000000e+00  0.000000e+00  0.000000e+00  2.940000e-02  3.460000e-02  0.000000e+00  0.000000e+00  0.000000e+00  0.000000e+00
1.128386e+00  0.000000e+00  3.030000e-02  3.360000e-02  0.000000e+00  0.000000e+00  0.000000e+00  0.000000e+00  0.000000e+00  3.180000e-02  3.360000e-02  0.000000e+00  0.000000e+00  0.000000e+00  0.000000e+00
1.177446e+00  0.000000e+00  3.110000e-02  2.360000e-02  0.000000e+00  0.000000e+00  0.000000e+00  0.000000e+00  0.000000e+00  3.110000e-02  2.740000e-02  0.000000e+00  0.000000e+00  0.000000e+00  0.000000e+00
1.228639e+00  0.000000e+00  3.300000e-02  0.000000e+00  0.000000e+00  0.000000e+00  0.000000e+00  0.000000e+00  0.000000e+00  3.300000e-02  2.100000e-02  0.000000e+00  0.000000e+00  0.000000e+00  0.000000e+00
1.282058e+00  0.000000e+00  3.390000e-02  0.000000e+00  0.000000e+00  0.000000e+00  0.000000e+00  0.000000e+00  0.000000e+00  3.390000e-02  2.410000e-02  0.000000e+00  0.000000e+00  0.000000e+00  0.000000e+00
1.337800e+00  0.000000e+00  3.700000e-02  0.000000e+00  0.000000e+00  0.000000e+00  0.000000e+00  0.000000e+00  0.000000e+00  3.700000e-02  1.750000e-02  0.000000e+00  0.000000e+00  0.000000e+00  0.000000e+00
1.395965e+00  0.000000e+00  3.500000e-02  0.000000e+00  0.000000e+00  0.000000e+00  0.000000e+00  0.000000e+00  0.000000e+00  3.500000e-02  1.610000e-02  0.000000e+00  0.000000e+00  0.000000e+00  0.000000e+00
1.456660e+00  0.000000e+00  3.580000e-02  0.000000e+00  0.000000e+00  0.000000e+00  0.000000e+00  0.000000e+00  0.000000e+00  3.580000e-02  1.180000e-02  0.000000e+00  0.000000e+00  0.000000e+00  0.000000e+00
1.519993e+00  0.000000e+00  3.560000e-02  0.000000e+00  0.000000e+00  0.000000e+00  0.000000e+00  0.000000e+00  0.000000e+00  3.560000e-02  1.110000e-02  0.000000e+00  0.000000e+00  0.000000e+00  0.000000e+00
1.586079e+00  0.000000e+00  3.520000e-02  0.000000e+00  0.000000e+00  0.000000e+00  0.000000e+00  0.000000e+00  0.000000e+00  3.520000e-02  1.020000e-02  0.000000e+00  0.000000e+00  0.000000e+00  0.000000e+00
1.655039e+00  0.000000e+00  3.950000e-02  0.000000e+00  0.000000e+00  0.000000e+00  0.000000e+00  0.000000e+00  0.000000e+00  3.950000e-02  5.800000e-03  0.000000e+00  0.000000e+00  0.000000e+00  0.000000e+00
1.726998e+00  0.000000e+00  3.670000e-02  0.000000e+00  0.000000e+00  0.000000e+00  0.000000e+00  0.000000e+00  0.000000e+00  3.670000e-02  6.600000e-03  0.000000e+00  0.000000e+00  0.000000e+00  0.000000e+00
1.802084e+00  0.000000e+00  3.780000e-02  0.000000e+00  0.000000e+00  0.000000e+00  0.000000e+00  0.000000e+00  0.000000e+00  3.780000e-02  5.900000e-03  0.000000e+00  0.000000e+00  0.000000e+00  0.000000e+00
1.880436e+00  0.000000e+00  3.900000e-02  0.000000e+00  0.000000e+00  0.000000e+00  0.000000e+00  0.000000e+00  0.000000e+00  3.900000e-02  1.100000e-03  0.000000e+00  0.000000e+00  0.000000e+00  0.000000e+00
1.962194e+00  0.000000e+00  4.200000e-02  0.000000e+00  0.000000e+00  0.000000e+00  0.000000e+00  0.000000e+00  0.000000e+00  4.200000e-02  0.000000e+00  0.000000e+00  0.000000e+00  0.000000e+00  0.000000e+00
2.047507e+00  0.000000e+00  4.390000e-02  0.000000e+00  0.000000e+00  0.000000e+00  0.000000e+00  0.000000e+00  0.000000e+00  4.390000e-02  0.000000e+00  0.000000e+00  0.000000e+00  0.000000e+00  0.000000e+00
2.136529e+00  0.000000e+00  4.050000e-02  0.000000e+00  0.000000e+00  0.000000e+00  0.000000e+00  0.000000e+00  0.000000e+00  4.050000e-02  0.000000e+00  0.000000e+00  0.000000e+00  0.000000e+00  0.000000e+00
2.229422e+00  0.000000e+00  3.940000e-02  0.000000e+00  0.000000e+00  0.000000e+00  0.000000e+00  0.000000e+00  0.000000e+00  3.940000e-02  0.000000e+00  0.000000e+00  0.000000e+00  0.000000e+00  0.000000e+00
2.326353e+00  0.000000e+00  3.180000e-02  0.000000e+00  0.000000e+00  0.000000e+00  0.000000e+00  0.000000e+00  0.000000e+00  3.180000e-02  0.000000e+00  0.000000e+00  0.000000e+00  0.000000e+00  0.000000e+00
2.427499e+00  0.000000e+00  2.250000e-02  0.000000e+00  0.000000e+00  0.000000e+00  0.000000e+00  0.000000e+00  0.000000e+00  3.140000e-02  0.000000e+00  0.000000e+00  0.000000e+00  0.000000e+00  0.000000e+00
2.533043e+00  0.000000e+00  0.000000e+00  0.000000e+00  0.000000e+00  0.000000e+00  0.000000e+00  0.000000e+00  0.000000e+00  2.470000e-02  0.000000e+00  0.000000e+00  0.000000e+00  0.000000e+00  0.000000e+00
2.643175e+00  0.000000e+00  0.000000e+00  0.000000e+00  0.000000e+00  0.000000e+00  0.000000e+00  0.000000e+00  0.000000e+00  1.900000e-02  0.000000e+00  0.000000e+00  0.000000e+00  0.000000e+00  0.000000e+00
2.758096e+00  0.000000e+00  0.000000e+00  0.000000e+00  0.000000e+00  0.000000e+00  0.000000e+00  0.000000e+00  0.000000e+00  1.680000e-02  0.000000e+00  0.000000e+00  0.000000e+00  0.000000e+00  0.000000e+00
2.878013e+00  0.000000e+00  0.000000e+00  0.000000e+00  0.000000e+00  0.000000e+00  0.000000e+00  0.000000e+00  0.000000e+00  1.330000e-02  0.000000e+00  0.000000e+00  0.000000e+00  0.000000e+00  0.000000e+00
3.003144e+00  0.000000e+00  0.000000e+00  0.000000e+00  0.000000e+00  0.000000e+00  0.000000e+00  0.000000e+00  0.000000e+00  1.120000e-02  0.000000e+00  0.000000e+00  0.000000e+00  0.000000e+00  0.000000e+00
3.133716e+00  0.000000e+00  0.000000e+00  0.000000e+00  0.000000e+00  0.000000e+00  0.000000e+00  0.000000e+00  0.000000e+00  1.100000e-02  0.000000e+00  0.000000e+00  0.000000e+00  0.000000e+00  0.000000e+00
3.269964e+00  0.000000e+00  0.000000e+00  0.000000e+00  0.000000e+00  0.000000e+00  0.000000e+00  0.000000e+00  0.000000e+00  7.000000e-03  0.000000e+00  0.000000e+00  0.000000e+00  0.000000e+00  0.000000e+00
3.412137e+00  0.000000e+00  0.000000e+00  0.000000e+00  0.000000e+00  0.000000e+00  0.000000e+00  0.000000e+00  3.900000e-03  8.000000e-03  0.000000e+00  0.000000e+00  0.000000e+00  0.000000e+00  0.000000e+00
3.560491e+00  0.000000e+00  0.000000e+00  0.000000e+00  0.000000e+00  0.000000e+00  0.000000e+00  0.000000e+00  1.330000e-02  6.300000e-03  0.000000e+00  0.000000e+00  0.000000e+00  0.000000e+00  0.000000e+00
3.715295e+00  0.000000e+00  0.000000e+00  0.000000e+00  0.000000e+00  0.000000e+00  0.000000e+00  0.000000e+00  2.040000e-02  5.700000e-03  0.000000e+00  0.000000e+00  0.000000e+00  0.000000e+00  0.000000e+00
3.876829e+00  0.000000e+00  0.000000e+00  0.000000e+00  0.000000e+00  0.000000e+00  0.000000e+00  0.000000e+00  2.250000e-02  3.100000e-03  0.000000e+00  0.000000e+00  0.000000e+00  0.000000e+00  0.000000e+00
4.045387e+00  0.000000e+00  0.000000e+00  0.000000e+00  0.000000e+00  0.000000e+00  0.000000e+00  0.000000e+00  2.690000e-02  0.000000e+00  0.000000e+00  0.000000e+00  0.000000e+00  0.000000e+00  0.000000e+00
4.221274e+00  0.000000e+00  0.000000e+00  0.000000e+00  0.000000e+00  0.000000e+00  0.000000e+00  0.000000e+00  3.340000e-02  0.000000e+00  0.000000e+00  0.000000e+00  0.000000e+00  0.000000e+00  0.000000e+00
4.404807e+00  2.170000e-02  0.000000e+00  0.000000e+00  0.000000e+00  0.000000e+00  0.000000e+00  0.000000e+00  3.630000e-02  0.000000e+00  0.000000e+00  0.000000e+00  0.000000e+00  0.000000e+00  0.000000e+00
4.596321e+00  4.010000e-02  0.000000e+00  0.000000e+00  0.000000e+00  0.000000e+00  0.000000e+00  0.000000e+00  4.010000e-02  0.000000e+00  0.000000e+00  0.000000e+00  0.000000e+00  0.000000e+00  0.000000e+00
4.796161e+00  4.080000e-02  0.000000e+00  0.000000e+00  0.000000e+00  0.000000e+00  0.000000e+00  0.000000e+00  4.080000e-02  0.000000e+00  0.000000e+00  0.000000e+00  0.000000e+00  0.000000e+00  0.000000e+00
5.004690e+00  4.180000e-02  0.000000e+00  0.000000e+00  0.000000e+00  0.000000e+00  0.000000e+00  0.000000e+00  4.180000e-02  0.000000e+00  0.000000e+00  0.000000e+00  0.000000e+00  0.000000e+00  0.000000e+00
5.222285e+00  4.190000e-02  0.000000e+00  0.000000e+00  0.000000e+00  0.000000e+00  0.000000e+00  0.000000e+00  4.190000e-02  0.000000e+00  0.000000e+00  0.000000e+00  0.000000e+00  0.000000e+00  0.000000e+00
5.449341e+00  4.510000e-02  0.000000e+00  0.000000e+00  0.000000e+00  0.000000e+00  0.000000e+00  0.000000e+00  4.510000e-02  0.000000e+00  0.000000e+00  0.000000e+00  0.000000e+00  0.000000e+00  0.000000e+00
5.686269e+00  4.080000e-02  0.000000e+00  0.000000e+00  0.000000e+00  0.000000e+00  0.000000e+00  0.000000e+00  4.080000e-02  0.000000e+00  0.000000e+00  0.000000e+00  0.000000e+00  0.000000e+00  0.000000e+00
5.933499e+00  4.540000e-02  0.000000e+00  0.000000e+00  0.000000e+00  0.000000e+00  0.000000e+00  0.000000e+00  4.540000e-02  0.000000e+00  0.000000e+00  0.000000e+00  0.000000e+00  0.000000e+00  0.000000e+00
6.191477e+00  4.470000e-02  0.000000e+00  0.000000e+00  0.000000e+00  0.000000e+00  0.000000e+00  0.000000e+00  4.470000e-02  0.000000e+00  0.000000e+00  0.000000e+00  0.000000e+00  0.000000e+00  0.000000e+00
6.460672e+00  4.990000e-02  0.000000e+00  0.000000e+00  0.000000e+00  0.000000e+00  0.000000e+00  0.000000e+00  4.990000e-02  0.000000e+00  0.000000e+00  0.000000e+00  0.000000e+00  0.000000e+00  0.000000e+00
6.741571e+00  4.720000e-02  0.000000e+00  0.000000e+00  0.000000e+00  0.000000e+00  0.000000e+00  0.000000e+00  4.720000e-02  0.000000e+00  0.000000e+00  0.000000e+00  0.000000e+00  0.000000e+00  0.000000e+00
7.034683e+00  5.110000e-02  0.000000e+00  0.000000e+00  0.000000e+00  0.000000e+00  0.000000e+00  0.000000e+00  5.110000e-02  0.000000e+00  0.000000e+00  0.000000e+00  0.000000e+00  0.000000e+00  0.000000e+00
7.340539e+00  4.660000e-02  0.000000e+00  0.000000e+00  0.000000e+00  0.000000e+00  0.000000e+00  0.000000e+00  4.660000e-02  0.000000e+00  0.000000e+00  0.000000e+00  0.000000e+00  0.000000e+00  0.000000e+00
7.659693e+00  4.170000e-02  0.000000e+00  0.000000e+00  0.000000e+00  0.000000e+00  0.000000e+00  0.000000e+00  4.170000e-02  0.000000e+00  0.000000e+00  0.000000e+00  0.000000e+00  0.000000e+00  0.000000e+00
7.992723e+00  3.800000e-02  0.000000e+00  0.000000e+00  0.000000e+00  0.000000e+00  0.000000e+00  0.000000e+00  3.800000e-02  0.000000e+00  0.000000e+00  0.000000e+00  0.000000e+00  0.000000e+00  0.000000e+00
8.340233e+00  3.410000e-02  0.000000e+00  0.000000e+00  0.000000e+00  0.000000e+00  0.000000e+00  0.000000e+00  3.410000e-02  0.000000e+00  0.000000e+00  0.000000e+00  0.000000e+00  0.000000e+00  0.000000e+00
8.702852e+00  9.100000e-03  0.000000e+00  0.000000e+00  0.000000e+00  0.000000e+00  0.000000e+00  0.000000e+00  2.850000e-02  0.000000e+00  0.000000e+00  0.000000e+00  0.000000e+00  0.000000e+00  0.000000e+00
9.081237e+00  0.000000e+00  0.000000e+00  0.000000e+00  0.000000e+00  0.000000e+00  0.000000e+00  0.000000e+00  2.300000e-02  0.000000e+00  0.000000e+00  0.000000e+00  0.000000e+00  0.000000e+00  0.000000e+00
9.476074e+00  0.000000e+00  0.000000e+00  0.000000e+00  0.000000e+00  0.000000e+00  0.000000e+00  0.000000e+00  2.020000e-02  0.000000e+00  0.000000e+00  0.000000e+00  0.000000e+00  0.000000e+00  0.000000e+00
9.888077e+00  0.000000e+00  0.000000e+00  0.000000e+00  0.000000e+00  0.000000e+00  0.000000e+00  0.000000e+00  1.550000e-02  0.000000e+00  0.000000e+00  0.000000e+00  0.000000e+00  0.000000e+00  0.000000e+00
1.031799e+01  0.000000e+00  0.000000e+00  0.000000e+00  0.000000e+00  0.000000e+00  0.000000e+00  0.000000e+00  1.250000e-02  0.000000e+00  0.000000e+00  0.000000e+00  0.000000e+00  0.000000e+00  0.000000e+00
1.076660e+01  0.000000e+00  0.000000e+00  0.000000e+00  0.000000e+00  0.000000e+00  0.000000e+00  0.000000e+00  1.040000e-02  0.000000e+00  0.000000e+00  0.000000e+00  0.000000e+00  0.000000e+00  0.000000e+00
1.123472e+01  0.000000e+00  0.000000e+00  0.000000e+00  0.000000e+00  0.000000e+00  0.000000e+00  0.000000e+00  9.300000e-03  0.000000e+00  0.000000e+00  0.000000e+00  0.000000e+00  0.000000e+00  0.000000e+00
1.172318e+01  0.000000e+00  0.000000e+00  0.000000e+00  0.000000e+00  0.000000e+00  0.000000e+00  0.000000e+00  7.300000e-03  0.000000e+00  0.000000e+00  0.000000e+00  0.000000e+00  0.000000e+00  0.000000e+00
1.223289e+01  0.000000e+00  0.000000e+00  0.000000e+00  0.000000e+00  0.000000e+00  0.000000e+00  0.000000e+00  4.900000e-03  0.000000e+00  0.000000e+00  0.000000e+00  0.000000e+00  0.000000e+00  0.000000e+00
1.276475e+01  0.000000e+00  0.000000e+00  0.000000e+00  0.000000e+00  0.000000e+00  0.000000e+00  0.000000e+00  5.000000e-03  0.000000e+00  0.000000e+00  0.000000e+00  0.000000e+00  0.000000e+00  0.000000e+00
1.331974e+01  0.000000e+00  0.000000e+00  0.000000e+00  0.000000e+00  0.000000e+00  0.000000e+00  0.000000e+00  3.800000e-03  0.000000e+00  0.000000e+00  0.000000e+00  0.000000e+00  0.000000e+00  0.000000e+00
1.389886e+01  0.000000e+00  0.000000e+00  0.000000e+00  0.000000e+00  0.000000e+00  0.000000e+00  0.000000e+00  3.700000e-03  0.000000e+00  0.000000e+00  0.000000e+00  0.000000e+00  0.000000e+00  0.000000e+00
