6.794453e-03  0.000000e+00  0.000000e+00  0.000000e+00  0.000000e+00  0.000000e+00  0.000000e+00  0.000000e+00  0.000000e+00  0.000000e+00  0.000000e+00  0.000000e+00  0.000000e+00  0.000000e+00  2.676480e-03
7.088404e-03  0.000000e+00  0.000000e+00  0.000000e+00  0.000000e+00  0.000000e+00  0.000000e+00  0.000000e+00  0.000000e+00  0.000000e+00  0.000000e+00  0.000000e+00  0.000000e+00  0.000000e+00  5.018401e-03
7.395072e-03  0.000000e+00  0.000000e+00  0.000000e+00  0.000000e+00  0.000000e+00  0.000000e+00  0.000000e+00  0.000000e+00  0.000000e+00  0.000000e+00  0.000000e+00  0.000000e+00  0.000000e+00  3.680161e-03
7.715007e-03  0.000000e+00  0.000000e+00  0.000000e+00  0.000000e+00  0.000000e+00  0.000000e+00  0.000000e+00  0.000000e+00  0.000000e+00  0.000000e+00  0.000000e+00  0.000000e+00  0.000000e+00  8.364001e-03
8.048784e-03  0.000000e+00  0.000000e+00  0.000000e+00  0.000000e+00  0.000000e+00  0.000000e+00  0.000000e+00  0.000000e+00  0.000000e+00  0.000000e+00  0.000000e+00  0.000000e+00  0.000000e+00  6.691201e-03
8.397002e-03  0.000000e+00  0.000000e+00  0.000000e+00  0.000000e+00  0.000000e+00  0.000000e+00  0.000000e+00  0.000000e+00  0.000000e+00  0.000000e+00  0.000000e+00  0.000000e+00  0.000000e+00  8.029441e-03
8.760284e-03  0.000000e+00  0.000000e+00  0.000000e+00  0.000000e+00  0.000000e+00  0.000000e+00  0.000000e+00  0.000000e+00  0.000000e+00  0.000000e+00  0.000000e+00  0.000000e+00  0.000000e+00  6.691201e-03
9.139283e-03  0.000000e+00  0.000000e+00  0.000000e+00  0.000000e+00  0.000000e+00  0.000000e+00  0.000000e+00  0.000000e+00  0.000000e+00  0.000000e+00  0.000000e+00  0.000000e+00  0.000000e+00  8.698561e-03
9.534679e-03  0.000000e+00  0.000000e+00  0.000000e+00  0.000000e+00  0.000000e+00  0.000000e+00  0.000000e+00  0.000000e+00  0.000000e+00  0.000000e+00  0.000000e+00  0.000000e+00  0.000000e+00  7.360321e-03
9.947182e-03  0.000000e+00  0.000000e+00  0.000000e+00  0.000000e+00  0.000000e+00  0.000000e+00  0.000000e+00  0.000000e+00  0.000000e+00  0.000000e+00  0.000000e+00  0.000000e+00  0.000000e+00  6.022081e-03
1.037753e-02  0.000000e+00  0.000000e+00  0.000000e+00  0.000000e+00  0.000000e+00  0.000000e+00  0.000000e+00  0.000000e+00  0.000000e+00  0.000000e+00  0.000000e+00  0.000000e+00  0.000000e+00  1.137504e-02
1.082650e-02  0.000000e+00  0.000000e+00  0.000000e+00  0.000000e+00  0.000000e+00  0.000000e+00  0.000000e+00  0.000000e+00  0.000000e+00  0.000000e+00  0.000000e+00  0.000000e+00  0.000000e+00  9.367681e-03
1.129489e-02  0.000000e+00  0.000000e+00  0.000000e+00  0.000000e+00  0.000000e+00  0.000000e+00  0.000000e+00  0.000000e+00  0.000000e+00  0.000000e+00  0.000000e+00  0.000000e+00  0.000000e+00  9.702242e-03
1.178354e-02  0.000000e+00  0.000000e+00  0.000000e+00  0.000000e+00  0.000000e+00  0.000000e+00  0.000000e+00  0.000000e+00  0.000000e+00  0.000000e+00  0.000000e+00  0.000000e+00  0.000000e+00  1.204416e-02
1.229334e-02  0.000000e+00  0.000000e+00  0.000000e+00  0.000000e+00  0.000000e+00  0.000000e+00  0.000000e+00  0.000000e+00  0.000000e+00  0.000000e+00  0.000000e+00  0.000000e+00  0.000000e+00  1.104048e-02
1.282519e-02  0.000000e+00  0.000000e+00  0.000000e+00  0.000000e+00  0.000000e+00  0.000000e+00  0.000000e+00  0.000000e+00  0.000000e+00  0.000000e+00  0.000000e+00  0.000000e+00  0.000000e+00  1.204416e-02
1.338005e-02  0.000000e+00  0.000000e+00  0.000000e+00  0.000000e+00  0.000000e+00  0.000000e+00  9.702242e-03  0.000000e+00  0.000000e+00  0.000000e+00  0.000000e+00  0.000000e+00  0.000000e+00  1.605888e-02
1.395891e-02  0.000000e+00  0.000000e+00  0.000000e+00  0.000000e+00  0.000000e+00  0.000000e+00  1.137504e-02  0.000000e+00  0.000000e+00  0.000000e+00  0.000000e+00  0.000000e+00  0.000000e+00  1.137504e-02
1.456282e-02  0.000000e+00  0.000000e+00  0.000000e+00  0.000000e+00  0.000000e+00  0.000000e+00  1.405152e-02  0.000000e+00  0.000000e+00  0.000000e+00  0.000000e+00  0.000000e+00  0.000000e+00  1.405152e-02
1.519286e-02  0.000000e+00  0.000000e+00  0.000000e+00  0.000000e+00  0.000000e+00  0.000000e+00  1.706256e-02  0.000000e+00  0.000000e+00  0.000000e+00  0.000000e+00  0.000000e+00  0.000000e+00  1.706256e-02
1.585015e-02  0.000000e+00  0.000000e+00  0.000000e+00  0.000000e+00  0.000000e+00  0.000000e+00  1.906992e-02  0.000000e+00  0.000000e+00  0.000000e+00  0.000000e+00  0.000000e+00  0.000000e+00  1.906992e-02
1.653589e-02  0.000000e+00  0.000000e+00  0.000000e+00  0.000000e+00  0.000000e+00  0.000000e+00  1.806624e-02  0.000000e+00  0.000000e+00  0.000000e+00  0.000000e+00  0.000000e+00  0.000000e+00  1.806624e-02
1.725128e-02  0.000000e+00  0.000000e+00  0.000000e+00  0.000000e+00  0.000000e+00  0.000000e+00  1.438608e-02  0.000000e+00  0.000000e+00  0.000000e+00  0.000000e+00  0.000000e+00  0.000000e+00  1.438608e-02
1.799763e-02  0.000000e+00  0.000000e+00  0.000000e+00  0.000000e+00  0.000000e+00  0.000000e+00  1.773168e-02  0.000000e+00  0.000000e+00  0.000000e+00  0.000000e+00  0.000000e+00  0.000000e+00  1.773168e-02
1.877627e-02  0.000000e+00  0.000000e+00  0.000000e+00  0.000000e+00  0.000000e+00  0.000000e+00  2.241552e-02  0.000000e+00  0.000000e+00  0.000000e+00  0.000000e+00  0.000000e+00  0.000000e+00  2.241552e-02
1.958859e-02  0.000000e+00  0.000000e+00  0.000000e+00  0.000000e+00  0.000000e+00  0.000000e+00  1.739712e-02  0.000000e+00  0.000000e+00  0.000000e+00  0.000000e+00  0.000000e+00  0.000000e+00  1.739712e-02
2.043606e-02  0.000000e+00  0.000000e+00  0.000000e+00  0.000000e+00  0.000000e+00  0.000000e+00  2.341920e-02  0.000000e+00  0.000000e+00  0.000000e+00  0.000000e+00  0.000000e+00  0.000000e+00  2.341920e-02
2.132019e-02  0.000000e+00  0.000000e+00  0.000000e+00  0.000000e+00  0.000000e+00  0.000000e+00  1.940448e-02  0.000000e+00  0.000000e+00  0.000000e+00  0.000000e+00  0.000000e+00  0.000000e+00  1.940448e-02
2.224258e-02  0.000000e+00  0.000000e+00  0.000000e+00  0.000000e+00  0.000000e+00  0.000000e+00  2.509200e-02  0.000000e+00  0.000000e+00  0.000000e+00  0.000000e+00  0.000000e+00  1.003680e-03  2.509200e-02
2.320487e-02  0.000000e+00  0.000000e+00  0.000000e+00  0.000000e+00  0.000000e+00  0.000000e+00  1.806624e-02  0.000000e+00  0.000000e+00  0.000000e+00  0.000000e+00  0.000000e+00  6.022081e-03  1.806624e-02
2.420879e-02  0.000000e+00  0.000000e+00  0.000000e+00  0.000000e+00  0.000000e+00  0.000000e+00  2.174640e-02  0.000000e+00  0.000000e+00  0.000000e+00  0.000000e+00  0.000000e+00  5.352961e-03  2.174640e-02
2.525614e-02  0.000000e+00  0.000000e+00  0.000000e+00  0.000000e+00  0.000000e+00  0.000000e+00  2.609568e-02  0.000000e+00  0.000000e+00  0.000000e+00  0.000000e+00  0.000000e+00  6.022081e-03  2.609568e-02
2.634880e-02  0.000000e+00  0.000000e+00  0.000000e+00  0.000000e+00  0.000000e+00  0.000000e+00  2.341920e-02  0.000000e+00  0.000000e+00  0.000000e+00  0.000000e+00  0.000000e+00  9.702242e-03  2.341920e-02
2.748874e-02  0.000000e+00  0.000000e+00  0.000000e+00  0.000000e+00  0.000000e+00  0.000000e+00  2.576112e-02  0.000000e+00  0.000000e+00  0.000000e+00  0.000000e+00  0.000000e+00  7.025761e-03  2.576112e-02
2.867800e-02  0.000000e+00  0.000000e+00  0.000000e+00  0.000000e+00  0.000000e+00  0.000000e+00  2.442288e-02  0.000000e+00  0.000000e+00  0.000000e+00  0.000000e+00  0.000000e+00  1.070592e-02  2.442288e-02
2.991870e-02  0.000000e+00  0.000000e+00  0.000000e+00  0.000000e+00  0.000000e+00  0.000000e+00  2.208096e-02  0.000000e+00  0.000000e+00  0.000000e+00  0.000000e+00  0.000000e+00  1.237872e-02  2.208096e-02
3.121309e-02  0.000000e+00  0.000000e+00  0.000000e+00  0.000000e+00  0.000000e+00  0.000000e+00  2.475744e-02  0.000000e+00  0.000000e+00  0.000000e+00  0.000000e+00  0.000000e+00  1.438608e-02  2.475744e-02
3.256347e-02  0.000000e+00  0.000000e+00  0.000000e+00  0.000000e+00  0.000000e+00  0.000000e+00  2.408832e-02  0.000000e+00  0.000000e+00  0.000000e+00  0.000000e+00  0.000000e+00  1.505520e-02  2.408832e-02
3.397227e-02  0.000000e+00  0.000000e+00  0.000000e+00  0.000000e+00  0.000000e+00  0.000000e+00  2.542656e-02  0.000000e+00  0.000000e+00  0.000000e+00  0.000000e+00  0.000000e+00  1.304784e-02  2.542656e-02
3.544203e-02  0.000000e+00  0.000000e+00  0.000000e+00  0.000000e+00  0.000000e+00  0.000000e+00  2.643024e-02  0.000000e+00  0.000000e+00  0.000000e+00  0.000000e+00  5.018401e-03  1.304784e-02  2.643024e-02
3.697537e-02  0.000000e+00  0.000000e+00  0.000000e+00  0.000000e+00  0.000000e+00  0.000000e+00  2.676480e-02  0.000000e+00  0.000000e+00  0.000000e+00  0.000000e+00  7.360321e-03  1.739712e-02  2.676480e-02
3.857505e-02  0.000000e+00  0.000000e+00  0.000000e+00  0.000000e+00  0.000000e+00  1.137504e-02  2.375376e-02  0.000000e+00  0.000000e+00  0.000000e+00  0.000000e+00  8.698561e-03  1.538976e-02  2.375376e-02
4.024393e-02  0.000000e+00  0.000000e+00  0.000000e+00  0.000000e+00  0.000000e+00  2.208096e-02  1.973904e-02  0.000000e+00  0.000000e+00  0.000000e+00  0.000000e+00  9.702242e-03  2.208096e-02  1.973904e-02
4.198502e-02  0.000000e+00  0.000000e+00  0.000000e+00  0.000000e+00  0.000000e+00  2.107728e-02  2.408832e-02  0.000000e+00  0.000000e+00  0.000000e+00  0.000000e+00  1.037136e-02  2.107728e-02  2.408832e-02
4.380143e-02  0.000000e+00  0.000000e+00  0.000000e+00  0.000000e+00  0.000000e+00  2.141184e-02  2.107728e-02  0.000000e+00  0.000000e+00  0.000000e+00  0.000000e+00  1.304784e-02  2.141184e-02  2.107728e-02
4.569643e-02  0.000000e+00  0.000000e+00  0.000000e+00  0.000000e+00  0.000000e+00  2.375376e-02  1.572432e-02  0.000000e+00  0.000000e+00  0.000000e+00  0.000000e+00  1.338240e-02  2.375376e-02  1.572432e-02
4.767341e-02  0.000000e+00  0.000000e+00  0.000000e+00  0.000000e+00  0.000000e+00  2.877216e-02  1.739712e-02  0.000000e+00  0.000000e+00  0.000000e+00  0.000000e+00  1.538976e-02  2.877216e-02  1.739712e-02
4.973592e-02  0.000000e+00  0.000000e+00  0.000000e+00  0.000000e+00  0.000000e+00  2.509200e-02  1.371696e-02  0.000000e+00  0.000000e+00  0.000000e+00  0.000000e+00  1.405152e-02  2.509200e-02  1.371696e-02
5.188766e-02  0.000000e+00  0.000000e+00  0.000000e+00  0.000000e+00  0.000000e+00  2.408832e-02  1.706256e-02  0.000000e+00  0.000000e+00  0.000000e+00  0.000000e+00  1.706256e-02  2.408832e-02  1.706256e-02
5.413250e-02  0.000000e+00  0.000000e+00  0.000000e+00  0.000000e+00  0.000000e+00  2.341920e-02  8.698561e-03  0.000000e+00  0.000000e+00  0.000000e+00  0.000000e+00  1.338240e-02  2.341920e-02  1.706256e-02
5.647445e-02  0.000000e+00  0.000000e+00  0.000000e+00  0.000000e+00  1.104048e-02  3.345601e-02  0.000000e+00  0.000000e+00  0.000000e+00  0.000000e+00  0.000000e+00  1.873536e-02  3.345601e-02  1.739712e-02
5.891772e-02  0.000000e+00  0.000000e+00  0.000000e+00  0.000000e+00  2.174640e-02  3.546337e-02  0.000000e+00  0.000000e+00  0.000000e+00  0.000000e+00  1.672800e-03  2.174640e-02  3.546337e-02  1.338240e-02
6.146670e-02  0.000000e+00  0.000000e+00  0.000000e+00  0.000000e+00  2.609568e-02  2.910672e-02  0.000000e+00  0.000000e+00  0.000000e+00  0.000000e+00  5.352961e-03  2.609568e-02  2.910672e-02  1.338240e-02
6.412596e-02  0.000000e+00  0.000000e+00  0.000000e+00  0.000000e+00  2.542656e-02  3.312145e-02  0.000000e+00  0.000000e+00  0.000000e+00  0.000000e+00  7.360321e-03  2.542656e-02  3.312145e-02  1.739712e-02
6.690026e-02  0.000000e+00  0.000000e+00  0.000000e+00  0.000000e+00  2.576112e-02  3.011040e-02  0.000000e+00  0.000000e+00  0.000000e+00  0.000000e+00  1.070592e-02  2.576112e-02  3.011040e-02  1.639344e-02
6.979459e-02  0.000000e+00  0.000000e+00  0.000000e+00  0.000000e+00  2.576112e-02  3.646705e-02  0.000000e+00  0.000000e+00  0.000000e+00  0.000000e+00  9.702242e-03  2.576112e-02  3.646705e-02  1.204416e-02
7.281414e-02  0.000000e+00  0.000000e+00  0.000000e+00  0.000000e+00  2.709936e-02  3.044496e-02  0.000000e+00  0.000000e+00  0.000000e+00  0.000000e+00  8.698561e-03  2.709936e-02  3.044496e-02  9.033121e-03
7.596432e-02  0.000000e+00  0.000000e+00  0.000000e+00  0.000000e+00  3.546337e-02  3.512881e-02  0.000000e+00  0.000000e+00  0.000000e+00  0.000000e+00  1.271328e-02  3.546337e-02  3.512881e-02  9.702242e-03
7.925079e-02  0.000000e+00  0.000000e+00  0.000000e+00  0.000000e+00  3.312145e-02  2.576112e-02  0.000000e+00  0.000000e+00  0.000000e+00  0.000000e+00  1.538976e-02  3.312145e-02  2.576112e-02  7.025761e-03
8.267945e-02  0.000000e+00  0.000000e+00  0.000000e+00  0.000000e+00  3.111408e-02  2.542656e-02  0.000000e+00  0.000000e+00  0.000000e+00  0.000000e+00  1.806624e-02  3.111408e-02  2.542656e-02  7.025761e-03
8.625644e-02  0.000000e+00  0.000000e+00  0.000000e+00  0.000000e+00  3.512881e-02  2.743392e-02  0.000000e+00  0.000000e+00  0.000000e+00  0.000000e+00  1.639344e-02  3.512881e-02  2.743392e-02  4.014721e-03
8.998818e-02  0.000000e+00  0.000000e+00  0.000000e+00  0.000000e+00  3.747073e-02  2.609568e-02  0.000000e+00  0.000000e+00  0.000000e+00  0.000000e+00  1.472064e-02  3.747073e-02  2.609568e-02  0.000000e+00
9.388137e-02  0.000000e+00  0.000000e+00  0.000000e+00  4.683841e-03  3.379057e-02  2.542656e-02  0.000000e+00  0.000000e+00  0.000000e+00  0.000000e+00  1.906992e-02  3.379057e-02  2.542656e-02  0.000000e+00
9.794299e-02  0.000000e+00  0.000000e+00  0.000000e+00  1.605888e-02  3.111408e-02  2.709936e-02  0.000000e+00  0.000000e+00  0.000000e+00  0.000000e+00  1.605888e-02  3.111408e-02  2.709936e-02  0.000000e+00
1.021803e-01  0.000000e+00  0.000000e+00  0.000000e+00  2.743392e-02  3.512881e-02  1.605888e-02  0.000000e+00  0.000000e+00  0.000000e+00  0.000000e+00  2.743392e-02  3.512881e-02  1.605888e-02  0.000000e+00
1.066010e-01  0.000000e+00  0.000000e+00  0.000000e+00  2.977584e-02  3.211777e-02  1.840080e-02  0.000000e+00  0.000000e+00  0.000000e+00  0.000000e+00  2.977584e-02  3.211777e-02  1.840080e-02  0.000000e+00
1.112129e-01  0.000000e+00  0.000000e+00  0.000000e+00  3.379057e-02  2.843760e-02  1.906992e-02  0.000000e+00  0.000000e+00  0.000000e+00  0.000000e+00  3.379057e-02  2.843760e-02  1.906992e-02  0.000000e+00
1.160244e-01  0.000000e+00  0.000000e+00  0.000000e+00  3.312145e-02  2.743392e-02  4.349281e-03  0.000000e+00  0.000000e+00  0.000000e+00  0.000000e+00  3.312145e-02  2.743392e-02  2.007360e-02  0.000000e+00
1.210440e-01  0.000000e+00  0.000000e+00  0.000000e+00  3.847441e-02  2.576112e-02  0.000000e+00  0.000000e+00  0.000000e+00  0.000000e+00  0.000000e+00  3.847441e-02  2.576112e-02  1.538976e-02  0.000000e+00
1.262807e-01  0.000000e+00  0.000000e+00  0.000000e+00  3.278689e-02  2.375376e-02  0.000000e+00  0.000000e+00  0.000000e+00  0.000000e+00  3.345601e-04  3.278689e-02  2.375376e-02  1.906992e-02  0.000000e+00
1.317440e-01  0.000000e+00  0.000000e+00  0.000000e+00  3.278689e-02  2.408832e-02  0.000000e+00  0.000000e+00  0.000000e+00  0.000000e+00  6.691201e-03  3.278689e-02  2.408832e-02  1.739712e-02  0.000000e+00
1.374437e-01  0.000000e+00  0.000000e+00  0.000000e+00  3.947809e-02  2.208096e-02  0.000000e+00  0.000000e+00  0.000000e+00  0.000000e+00  9.702242e-03  3.947809e-02  2.208096e-02  1.572432e-02  0.000000e+00
1.433900e-01  0.000000e+00  0.000000e+00  0.000000e+00  4.550017e-02  2.542656e-02  0.000000e+00  0.000000e+00  0.000000e+00  0.000000e+00  1.137504e-02  4.550017e-02  2.542656e-02  1.672800e-02  0.000000e+00
1.495935e-01  0.000000e+00  0.000000e+00  0.000000e+00  3.044496e-02  2.442288e-02  0.000000e+00  0.000000e+00  0.000000e+00  0.000000e+00  9.367681e-03  3.044496e-02  2.442288e-02  1.070592e-02  0.000000e+00
1.560655e-01  0.000000e+00  0.000000e+00  0.000000e+00  3.646705e-02  1.070592e-02  0.000000e+00  0.000000e+00  0.000000e+00  0.000000e+00  9.702242e-03  3.646705e-02  2.241552e-02  1.137504e-02  0.000000e+00
1.628174e-01  0.000000e+00  0.000000e+00  0.000000e+00  3.847441e-02  0.000000e+00  0.000000e+00  0.000000e+00  0.000000e+00  0.000000e+00  1.840080e-02  3.847441e-02  1.672800e-02  4.014721e-03  0.000000e+00
1.698614e-01  0.000000e+00  0.000000e+00  0.000000e+00  2.910672e-02  0.000000e+00  0.000000e+00  0.000000e+00  0.000000e+00  0.000000e+00  2.040816e-02  2.910672e-02  1.505520e-02  5.018401e-03  0.000000e+00
1.772102e-01  0.000000e+00  0.000000e+00  0.000000e+00  3.077952e-02  0.000000e+00  0.000000e+00  0.000000e+00  0.000000e+00  0.000000e+00  1.906992e-02  3.077952e-02  1.706256e-02  4.014721e-03  0.000000e+00
1.848769e-01  0.000000e+00  0.000000e+00  0.000000e+00  3.278689e-02  0.000000e+00  0.000000e+00  0.000000e+00  0.000000e+00  0.000000e+00  1.806624e-02  3.278689e-02  1.906992e-02  0.000000e+00  0.000000e+00
1.928753e-01  0.000000e+00  0.000000e+00  7.025761e-03  2.743392e-02  0.000000e+00  0.000000e+00  0.000000e+00  0.000000e+00  0.000000e+00  1.906992e-02  2.743392e-02  1.438608e-02  0.000000e+00  0.000000e+00
2.012197e-01  0.000000e+00  0.000000e+00  2.475744e-02  2.643024e-02  0.000000e+00  0.000000e+00  0.000000e+00  0.000000e+00  0.000000e+00  2.475744e-02  2.643024e-02  1.405152e-02  0.000000e+00  0.000000e+00
2.099251e-01  0.000000e+00  0.000000e+00  3.111408e-02  2.743392e-02  0.000000e+00  0.000000e+00  0.000000e+00  0.000000e+00  0.000000e+00  3.111408e-02  2.743392e-02  9.702242e-03  0.000000e+00  0.000000e+00
2.190072e-01  0.000000e+00  0.000000e+00  3.178321e-02  2.442288e-02  0.000000e+00  0.000000e+00  0.000000e+00  0.000000e+00  0.000000e+00  3.178321e-02  2.442288e-02  8.364001e-03  0.000000e+00  0.000000e+00
2.284822e-01  0.000000e+00  0.000000e+00  3.680161e-02  2.275008e-02  0.000000e+00  0.000000e+00  0.000000e+00  0.000000e+00  0.000000e+00  3.680161e-02  2.275008e-02  5.687521e-03  0.000000e+00  0.000000e+00
2.383671e-01  0.000000e+00  0.000000e+00  4.583473e-02  1.906992e-02  0.000000e+00  0.000000e+00  0.000000e+00  0.000000e+00  0.000000e+00  4.583473e-02  2.442288e-02  3.345601e-03  0.000000e+00  0.000000e+00
2.486797e-01  0.000000e+00  0.000000e+00  3.813985e-02  0.000000e+00  0.000000e+00  0.000000e+00  0.000000e+00  0.000000e+00  3.345601e-03  3.813985e-02  2.074272e-02  0.000000e+00  0.000000e+00  0.000000e+00
2.594384e-01  0.000000e+00  0.000000e+00  3.880897e-02  0.000000e+00  0.000000e+00  0.000000e+00  0.000000e+00  0.000000e+00  5.018401e-03  3.880897e-02  1.572432e-02  0.000000e+00  0.000000e+00  0.000000e+00
2.706625e-01  0.000000e+00  0.000000e+00  4.182001e-02  0.000000e+00  0.000000e+00  0.000000e+00  0.000000e+00  0.000000e+00  1.104048e-02  4.182001e-02  2.208096e-02  0.000000e+00  0.000000e+00  0.000000e+00
2.823723e-01  0.000000e+00  0.000000e+00  3.981265e-02  0.000000e+00  0.000000e+00  0.000000e+00  0.000000e+00  0.000000e+00  1.104048e-02  3.981265e-02  1.739712e-02  0.000000e+00  0.000000e+00  0.000000e+00
2.945887e-01  0.000000e+00  0.000000e+00  3.847441e-02  0.000000e+00  0.000000e+00  0.000000e+00  0.000000e+00  0.000000e+00  1.170960e-02  3.847441e-02  1.773168e-02  0.000000e+00  0.000000e+00  0.000000e+00
3.073336e-01  0.000000e+00  0.000000e+00  3.780529e-02  0.000000e+00  0.000000e+00  0.000000e+00  0.000000e+00  0.000000e+00  1.706256e-02  3.780529e-02  1.003680e-02  0.000000e+00  0.000000e+00  0.000000e+00
3.206299e-01  0.000000e+00  0.000000e+00  3.245233e-02  0.000000e+00  0.000000e+00  0.000000e+00  0.000000e+00  0.000000e+00  1.806624e-02  3.245233e-02  8.029441e-03  0.000000e+00  0.000000e+00  0.000000e+00
3.345014e-01  0.000000e+00  0.000000e+00  3.579793e-02  0.000000e+00  0.000000e+00  0.000000e+00  0.000000e+00  0.000000e+00  2.174640e-02  3.579793e-02  9.367681e-03  0.000000e+00  0.000000e+00  0.000000e+00
3.489730e-01  0.000000e+00  0.000000e+00  3.077952e-02  0.000000e+00  0.000000e+00  0.000000e+00  0.000000e+00  0.000000e+00  2.810304e-02  3.077952e-02  7.025761e-03  0.000000e+00  0.000000e+00  0.000000e+00
3.640708e-01  0.000000e+00  1.773168e-02  3.680161e-02  0.000000e+00  0.000000e+00  0.000000e+00  0.000000e+00  0.000000e+00  2.576112e-02  3.680161e-02  1.672800e-03  0.000000e+00  0.000000e+00  0.000000e+00
3.798217e-01  0.000000e+00  3.077952e-02  3.312145e-02  0.000000e+00  0.000000e+00  0.000000e+00  0.000000e+00  0.000000e+00  3.077952e-02  3.312145e-02  0.000000e+00  0.000000e+00  0.000000e+00  0.000000e+00
3.962540e-01  0.000000e+00  3.379057e-02  2.576112e-02  0.000000e+00  0.000000e+00  0.000000e+00  0.000000e+00  0.000000e+00  3.379057e-02  2.576112e-02  0.000000e+00  0.000000e+00  0.000000e+00  0.000000e+00
4.133973e-01  0.000000e+00  3.546337e-02  2.341920e-02  0.000000e+00  0.000000e+00  0.000000e+00  0.000000e+00  0.000000e+00  3.546337e-02  2.341920e-02  0.000000e+00  0.000000e+00  0.000000e+00  0.000000e+00
4.312823e-01  0.000000e+00  3.613249e-02  2.676480e-02  0.000000e+00  0.000000e+00  0.000000e+00  0.000000e+00  0.000000e+00  3.613249e-02  2.676480e-02  0.000000e+00  0.000000e+00  0.000000e+00  0.000000e+00
4.499410e-01  0.000000e+00  4.449649e-02  2.241552e-02  0.000000e+00  0.000000e+00  0.000000e+00  0.000000e+00  0.000000e+00  4.449649e-02  2.576112e-02  0.000000e+00  0.000000e+00  0.000000e+00  0.000000e+00
4.694069e-01  0.000000e+00  4.048177e-02  0.000000e+00  0.000000e+00  0.000000e+00  0.000000e+00  0.000000e+00  0.000000e+00  4.048177e-02  2.442288e-02  0.000000e+00  0.000000e+00  0.000000e+00  0.000000e+00
4.897151e-01  0.000000e+00  4.449649e-02  0.000000e+00  0.000000e+00  0.000000e+00  0.000000e+00  0.000000e+00  0.000000e+00  4.449649e-02  2.074272e-02  0.000000e+00  0.000000e+00  0.000000e+00  0.000000e+00
5.109018e-01  0.000000e+00  4.148545e-02  0.000000e+00  0.000000e+00  0.000000e+00  0.000000e+00  0.000000e+00  0.000000e+00  4.148545e-02  2.308464e-02  0.000000e+00  0.000000e+00  0.000000e+00  0.000000e+00
5.330051e-01  0.000000e+00  4.115089e-02  0.000000e+00  0.000000e+00  0.000000e+00  0.000000e+00  0.000000e+00  0.000000e+00  4.115089e-02  1.605888e-02  0.000000e+00  0.000000e+00  0.000000e+00  0.000000e+00
5.560647e-01  0.000000e+00  3.914353e-02  0.000000e+00  0.000000e+00  0.000000e+00  0.000000e+00  0.000000e+00  0.000000e+00  3.914353e-02  1.405152e-02  0.000000e+00  0.000000e+00  0.000000e+00  0.000000e+00
5.801219e-01  0.000000e+00  3.613249e-02  0.000000e+00  0.000000e+00  0.000000e+00  0.000000e+00  0.000000e+00  0.000000e+00  3.613249e-02  1.137504e-02  0.000000e+00  0.000000e+00  0.000000e+00  0.000000e+00
6.052199e-01  0.000000e+00  3.713617e-02  0.000000e+00  0.000000e+00  0.000000e+00  0.000000e+00  0.000000e+00  0.000000e+00  3.713617e-02  1.070592e-02  0.000000e+00  0.000000e+00  0.000000e+00  0.000000e+00
6.314038e-01  0.000000e+00  3.646705e-02  0.000000e+00  0.000000e+00  0.000000e+00  0.000000e+00  0.000000e+00  0.000000e+00  3.646705e-02  6.691201e-03  0.000000e+00  0.000000e+00  0.000000e+00  0.000000e+00
6.587204e-01  0.000000e+00  2.810304e-02  0.000000e+00  0.000000e+00  0.000000e+00  0.000000e+00  0.000000e+00  0.000000e+00  2.810304e-02  4.683841e-03  0.000000e+00  0.000000e+00  0.000000e+00  0.000000e+00
6.872189e-01  0.000000e+00  3.011040e-02  0.000000e+00  0.000000e+00  0.000000e+00  0.000000e+00  0.000000e+00  0.000000e+00  3.011040e-02  0.000000e+00  0.000000e+00  0.000000e+00  0.000000e+00  0.000000e+00
7.169502e-01  0.000000e+00  3.245233e-02  0.000000e+00  0.000000e+00  0.000000e+00  0.000000e+00  0.000000e+00  0.000000e+00  3.245233e-02  0.000000e+00  0.000000e+00  0.000000e+00  0.000000e+00  0.000000e+00
7.479679e-01  0.000000e+00  3.178321e-02  0.000000e+00  0.000000e+00  0.000000e+00  0.000000e+00  0.000000e+00  0.000000e+00  3.178321e-02  0.000000e+00  0.000000e+00  0.000000e+00  0.000000e+00  0.000000e+00
7.803275e-01  0.000000e+00  2.977584e-02  0.000000e+00  0.000000e+00  0.000000e+00  0.000000e+00  0.000000e+00  2.341920e-03  2.977584e-02  0.000000e+00  0.000000e+00  0.000000e+00  0.000000e+00  0.000000e+00
8.140871e-01  0.000000e+00  1.237872e-02  0.000000e+00  0.000000e+00  0.000000e+00  0.000000e+00  0.000000e+00  3.680161e-03  2.442288e-02  0.000000e+00  0.000000e+00  0.000000e+00  0.000000e+00  0.000000e+00
8.493072e-01  0.000000e+00  0.000000e+00  0.000000e+00  0.000000e+00  0.000000e+00  0.000000e+00  0.000000e+00  1.037136e-02  2.475744e-02  0.000000e+00  0.000000e+00  0.000000e+00  0.000000e+00  0.000000e+00
8.860511e-01  0.000000e+00  0.000000e+00  0.000000e+00  0.000000e+00  0.000000e+00  0.000000e+00  0.000000e+00  1.003680e-02  2.509200e-02  0.000000e+00  0.000000e+00  0.000000e+00  0.000000e+00  0.000000e+00
9.243846e-01  0.000000e+00  0.000000e+00  0.000000e+00  0.000000e+00  0.000000e+00  0.000000e+00  0.000000e+00  7.025761e-03  1.773168e-02  0.000000e+00  0.000000e+00  0.000000e+00  0.000000e+00  0.000000e+00
9.643766e-01  0.000000e+00  0.000000e+00  0.000000e+00  0.000000e+00  0.000000e+00  0.000000e+00  0.000000e+00  1.237872e-02  1.773168e-02  0.000000e+00  0.000000e+00  0.000000e+00  0.000000e+00  0.000000e+00
1.006099e+00  0.000000e+00  0.000000e+00  0.000000e+00  0.000000e+00  0.000000e+00  0.000000e+00  0.000000e+00  1.304784e-02  1.104048e-02  0.000000e+00  0.000000e+00  0.000000e+00  0.000000e+00  0.000000e+00
1.049626e+00  0.000000e+00  0.000000e+00  0.000000e+00  0.000000e+00  0.000000e+00  0.000000e+00  0.000000e+00  2.074272e-02  8.364001e-03  0.000000e+00  0.000000e+00  0.000000e+00  0.000000e+00  0.000000e+00
1.095036e+00  0.000000e+00  0.000000e+00  0.000000e+00  0.000000e+00  0.000000e+00  0.000000e+00  0.000000e+00  1.973904e-02  7.360321e-03  0.000000e+00  0.000000e+00  0.000000e+00  0.000000e+00  0.000000e+00
1.142411e+00  0.000000e+00  0.000000e+00  0.000000e+00  0.000000e+00  0.000000e+00  0.000000e+00  0.000000e+00  2.040816e-02  7.025761e-03  0.000000e+00  0.000000e+00  0.000000e+00  0.000000e+00  0.000000e+00
1.191836e+00  8.698561e-03  0.000000e+00  0.000000e+00  0.000000e+00  0.000000e+00  0.000000e+00  0.000000e+00  2.408832e-02  4.014721e-03  0.000000e+00  0.000000e+00  0.000000e+00  0.000000e+00  0.000000e+00
1.243399e+00  3.077952e-02  0.000000e+00  0.000000e+00  0.000000e+00  0.000000e+00  0.000000e+00  0.000000e+00  3.077952e-02  0.000000e+00  0.000000e+00  0.000000e+00  0.000000e+00  0.000000e+00  0.000000e+00
1.297192e+00  3.512881e-02  0.000000e+00  0.000000e+00  0.000000e+00  0.000000e+00  0.000000e+00  0.000000e+00  3.512881e-02  0.000000e+00  0.000000e+00  0.000000e+00  0.000000e+00  0.000000e+00  0.000000e+00
1.353313e+00  4.081633e-02  0.000000e+00  0.000000e+00  0.000000e+00  0.000000e+00  0.000000e+00  0.000000e+00  4.081633e-02  0.000000e+00  0.000000e+00  0.000000e+00  0.000000e+00  0.000000e+00  0.000000e+00
1.411862e+00  4.115089e-02  0.000000e+00  0.000000e+00  0.000000e+00  0.000000e+00  0.000000e+00  0.000000e+00  4.115089e-02  0.000000e+00  0.000000e+00  0.000000e+00  0.000000e+00  0.000000e+00  0.000000e+00
1.472944e+00  3.646705e-02  0.000000e+00  0.000000e+00  0.000000e+00  0.000000e+00  0.000000e+00  0.000000e+00  3.646705e-02  0.000000e+00  0.000000e+00  0.000000e+00  0.000000e+00  0.000000e+00  0.000000e+00
1.536668e+00  3.880897e-02  0.000000e+00  0.000000e+00  0.000000e+00  0.000000e+00  0.000000e+00  0.000000e+00  3.880897e-02  0.000000e+00  0.000000e+00  0.000000e+00  0.000000e+00  0.000000e+00  0.000000e+00
1.603150e+00  4.248913e-02  0.000000e+00  0.000000e+00  0.000000e+00  0.000000e+00  0.000000e+00  0.000000e+00  4.248913e-02  0.000000e+00  0.000000e+00  0.000000e+00  0.000000e+00  0.000000e+00  0.000000e+00
1.672507e+00  3.947809e-02  0.000000e+00  0.000000e+00  0.000000e+00  0.000000e+00  0.000000e+00  0.000000e+00  3.947809e-02  0.000000e+00  0.000000e+00  0.000000e+00  0.000000e+00  0.000000e+00  0.000000e+00
1.744866e+00  3.914353e-02  0.000000e+00  0.000000e+00  0.000000e+00  0.000000e+00  0.000000e+00  0.000000e+00  3.914353e-02  0.000000e+00  0.000000e+00  0.000000e+00  0.000000e+00  0.000000e+00  0.000000e+00
1.820354e+00  4.616929e-02  0.000000e+00  0.000000e+00  0.000000e+00  0.000000e+00  0.000000e+00  0.000000e+00  4.616929e-02  0.000000e+00  0.000000e+00  0.000000e+00  0.000000e+00  0.000000e+00  0.000000e+00
1.899109e+00  4.516561e-02  0.000000e+00  0.000000e+00  0.000000e+00  0.000000e+00  0.000000e+00  0.000000e+00  4.516561e-02  0.000000e+00  0.000000e+00  0.000000e+00  0.000000e+00  0.000000e+00  0.000000e+00
1.981271e+00  3.780529e-02  0.000000e+00  0.000000e+00  0.000000e+00  0.000000e+00  0.000000e+00  0.000000e+00  3.780529e-02  0.000000e+00  0.000000e+00  0.000000e+00  0.000000e+00  0.000000e+00  0.000000e+00
2.066987e+00  3.245233e-02  0.000000e+00  0.000000e+00  0.000000e+00  0.000000e+00  0.000000e+00  0.000000e+00  3.245233e-02  0.000000e+00  0.000000e+00  0.000000e+00  0.000000e+00  0.000000e+00  0.000000e+00
2.156412e+00  3.613249e-02  0.000000e+00  0.000000e+00  0.000000e+00  0.000000e+00  0.000000e+00  0.000000e+00  3.613249e-02  0.000000e+00  0.000000e+00  0.000000e+00  0.000000e+00  0.000000e+00  0.000000e+00
2.249705e+00  3.880897e-02  0.000000e+00  0.000000e+00  0.000000e+00  0.000000e+00  0.000000e+00  0.000000e+00  3.880897e-02  0.000000e+00  0.000000e+00  0.000000e+00  0.000000e+00  0.000000e+00  0.000000e+00
2.347035e+00  3.445969e-02  0.000000e+00  0.000000e+00  0.000000e+00  0.000000e+00  0.000000e+00  0.000000e+00  3.445969e-02  0.000000e+00  0.000000e+00  0.000000e+00  0.000000e+00  0.000000e+00  0.000000e+00
2.448576e+00  3.445969e-02  0.000000e+00  0.000000e+00  0.000000e+00  0.000000e+00  0.000000e+00  0.000000e+00  3.445969e-02  0.000000e+00  0.000000e+00  0.000000e+00  0.000000e+00  0.000000e+00  0.000000e+00
2.554509e+00  2.107728e-02  0.000000e+00  0.000000e+00  0.000000e+00  0.000000e+00  0.000000e+00  0.000000e+00  2.977584e-02  0.000000e+00  0.000000e+00  0.000000e+00  0.000000e+00  0.000000e+00  0.000000e+00
2.665026e+00  0.000000e+00  0.000000e+00  0.000000e+00  0.000000e+00  0.000000e+00  0.000000e+00  0.000000e+00  2.509200e-02  0.000000e+00  0.000000e+00  0.000000e+00  0.000000e+00  0.000000e+00  0.000000e+00
2.780324e+00  0.000000e+00  0.000000e+00  0.000000e+00  0.000000e+00  0.000000e+00  0.000000e+00  0.000000e+00  2.275008e-02  0.000000e+00  0.000000e+00  0.000000e+00  0.000000e+00  0.000000e+00  0.000000e+00
2.900610e+00  0.000000e+00  0.000000e+00  0.000000e+00  0.000000e+00  0.000000e+00  0.000000e+00  0.000000e+00  1.773168e-02  0.000000e+00  0.000000e+00  0.000000e+00  0.000000e+00  0.000000e+00  0.000000e+00
3.026100e+00  0.000000e+00  0.000000e+00  0.000000e+00  0.000000e+00  0.000000e+00  0.000000e+00  0.000000e+00  1.538976e-02  0.000000e+00  0.000000e+00  0.000000e+00  0.000000e+00  0.000000e+00  0.000000e+00
3.157020e+00  0.000000e+00  0.000000e+00  0.000000e+00  0.000000e+00  0.000000e+00  0.000000e+00  0.000000e+00  1.472064e-02  0.000000e+00  0.000000e+00  0.000000e+00  0.000000e+00  0.000000e+00  0.000000e+00
3.293603e+00  0.000000e+00  0.000000e+00  0.000000e+00  0.000000e+00  0.000000e+00  0.000000e+00  0.000000e+00  1.070592e-02  0.000000e+00  0.000000e+00  0.000000e+00  0.000000e+00  0.000000e+00  0.000000e+00
3.436095e+00  0.000000e+00  0.000000e+00  0.000000e+00  0.000000e+00  0.000000e+00  0.000000e+00  0.000000e+00  1.070592e-02  0.000000e+00  0.000000e+00  0.000000e+00  0.000000e+00  0.000000e+00  0.000000e+00
3.584752e+00  0.000000e+00  0.000000e+00  0.000000e+00  0.000000e+00  0.000000e+00  0.000000e+00  0.000000e+00  9.367681e-03  0.000000e+00  0.000000e+00  0.000000e+00  0.000000e+00  0.000000e+00  0.000000e+00
