1.067987e-03  0.000000e+00  0.000000e+00  0.000000e+00  0.000000e+00  0.000000e+00  0.000000e+00  0.000000e+00  0.000000e+00  0.000000e+00  0.000000e+00  0.000000e+00  0.000000e+00  0.000000e+00  3.200000e-03
1.115372e-03  0.000000e+00  0.000000e+00  0.000000e+00  0.000000e+00  0.000000e+00  0.000000e+00  0.000000e+00  0.000000e+00  0.000000e+00  0.000000e+00  0.000000e+00  0.000000e+00  0.000000e+00  2.200000e-03
1.164860e-03  0.000000e+00  0.000000e+00  0.000000e+00  0.000000e+00  0.000000e+00  0.000000e+00  0.000000e+00  0.000000e+00  0.000000e+00  0.000000e+00  0.000000e+00  0.000000e+00  0.000000e+00  4.600000e-03
1.216544e-03  0.000000e+00  0.000000e+00  0.000000e+00  0.000000e+00  0.000000e+00  0.000000e+00  0.000000e+00  0.000000e+00  0.000000e+00  0.000000e+00  0.000000e+00  0.000000e+00  0.000000e+00  5.100000e-03
1.270521e-03  0.000000e+00  0.000000e+00  0.000000e+00  0.000000e+00  0.000000e+00  0.000000e+00  0.000000e+00  0.000000e+00  0.000000e+00  0.000000e+00  0.000000e+00  0.000000e+00  0.000000e+00  6.000000e-03
1.326893e-03  0.000000e+00  0.000000e+00  0.000000e+00  0.000000e+00  0.000000e+00  0.000000e+00  0.000000e+00  0.000000e+00  0.000000e+00  0.000000e+00  0.000000e+00  0.000000e+00  0.000000e+00  6.500000e-03
1.385766e-03  0.000000e+00  0.000000e+00  0.000000e+00  0.000000e+00  0.000000e+00  0.000000e+00  0.000000e+00  0.000000e+00  0.000000e+00  0.000000e+00  0.000000e+00  0.000000e+00  0.000000e+00  7.100000e-03
1.447251e-03  0.000000e+00  0.000000e+00  0.000000e+00  0.000000e+00  0.000000e+00  0.000000e+00  0.000000e+00  0.000000e+00  0.000000e+00  0.000000e+00  0.000000e+00  0.000000e+00  0.000000e+00  9.300000e-03
1.511464e-03  0.000000e+00  0.000000e+00  0.000000e+00  0.000000e+00  0.000000e+00  0.000000e+00  0.000000e+00  0.000000e+00  0.000000e+00  0.000000e+00  0.000000e+00  0.000000e+00  0.000000e+00  7.500000e-03
1.578527e-03  0.000000e+00  0.000000e+00  0.000000e+00  0.000000e+00  0.000000e+00  0.000000e+00  0.000000e+00  0.000000e+00  0.000000e+00  0.000000e+00  0.000000e+00  0.000000e+00  0.000000e+00  7.400000e-03
1.648564e-03  0.000000e+00  0.000000e+00  0.000000e+00  0.000000e+00  0.000000e+00  0.000000e+00  0.000000e+00  0.000000e+00  0.000000e+00  0.000000e+00  0.000000e+00  0.000000e+00  0.000000e+00  9.800000e-03
1.721710e-03  0.000000e+00  0.000000e+00  0.000000e+00  0.000000e+00  0.000000e+00  0.000000e+00  0.000000e+00  0.000000e+00  0.000000e+00  0.000000e+00  0.000000e+00  0.000000e+00  0.000000e+00  1.020000e-02
1.798100e-03  0.000000e+00  0.000000e+00  0.000000e+00  0.000000e+00  0.000000e+00  0.000000e+00  0.000000e+00  0.000000e+00  0.000000e+00  0.000000e+00  0.000000e+00  0.000000e+00  0.000000e+00  1.040000e-02
1.877880e-03  0.000000e+00  0.000000e+00  0.000000e+00  0.000000e+00  0.000000e+00  0.000000e+00  0.000000e+00  0.000000e+00  0.000000e+00  0.000000e+00  0.000000e+00  0.000000e+00  0.000000e+00  1.130000e-02
1.961200e-03  0.000000e+00  0.000000e+00  0.000000e+00  0.000000e+00  0.000000e+00  0.000000e+00  0.000000e+00  0.000000e+00  0.000000e+00  0.000000e+00  0.000000e+00  0.000000e+00  0.000000e+00  1.420000e-02
2.048217e-03  0.000000e+00  0.000000e+00  0.000000e+00  0.000000e+00  0.000000e+00  0.000000e+00  0.000000e+00  0.000000e+00  0.000000e+00  0.000000e+00  0.000000e+00  0.000000e+00  0.000000e+00  1.230000e-02
2.139094e-03  0.000000e+00  0.000000e+00  0.000000e+00  0.000000e+00  0.000000e+00  0.000000e+00  4.300000e-03  0.000000e+00  0.000000e+00  0.000000e+00  0.000000e+00  0.000000e+00  0.000000e+00  1.220000e-02
2.234004e-03  0.000000e+00  0.000000e+00  0.000000e+00  0.000000e+00  0.000000e+00  0.000000e+00  1.410000e-02  0.000000e+00  0.000000e+00  0.000000e+00  0.000000e+00  0.000000e+00  0.000000e+00  1.410000e-02
2.333125e-03  0.000000e+00  0.000000e+00  0.000000e+00  0.000000e+00  0.000000e+00  0.000000e+00  1.550000e-02  0.000000e+00  0.000000e+00  0.000000e+00  0.000000e+00  0.000000e+00  0.000000e+00  1.550000e-02
2.436643e-03  0.000000e+00  0.000000e+00  0.000000e+00  0.000000e+00  0.000000e+00  0.000000e+00  1.620000e-02  0.000000e+00  0.000000e+00  0.000000e+00  0.000000e+00  0.000000e+00  0.000000e+00  1.620000e-02
2.544755e-03  0.000000e+00  0.000000e+00  0.000000e+00  0.000000e+00  0.000000e+00  0.000000e+00  1.520000e-02  0.000000e+00  0.000000e+00  0.000000e+00  0.000000e+00  0.000000e+00  0.000000e+00  1.520000e-02
2.657663e-03  0.000000e+00  0.000000e+00  0.000000e+00  0.000000e+00  0.000000e+00  0.000000e+00  1.630000e-02  0.000000e+00  0.000000e+00  0.000000e+00  0.000000e+00  0.000000e+00  0.000000e+00  1.630000e-02
2.775581e-03  0.000000e+00  0.000000e+00  0.000000e+00  0.000000e+00  0.000000e+00  0.000000e+00  1.620000e-02  0.000000e+00  0.000000e+00  0.000000e+00  0.000000e+00  0.000000e+00  0.000000e+00  1.620000e-02
2.898731e-03  0.000000e+00  0.000000e+00  0.000000e+00  0.000000e+00  0.000000e+00  0.000000e+00  1.560000e-02  0.000000e+00  0.000000e+00  0.000000e+00  0.000000e+00  0.000000e+00  0.000000e+00  1.560000e-02
3.027345e-03  0.000000e+00  0.000000e+00  0.000000e+00  0.000000e+00  0.000000e+00  0.000000e+00  1.850000e-02  0.000000e+00  0.000000e+00  0.000000e+00  0.000000e+00  0.000000e+00  0.000000e+00  1.850000e-02
3.161666e-03  0.000000e+00  0.000000e+00  0.000000e+00  0.000000e+00  0.000000e+00  0.000000e+00  1.660000e-02  0.000000e+00  0.000000e+00  0.000000e+00  0.000000e+00  0.000000e+00  0.000000e+00  1.660000e-02
3.301946e-03  0.000000e+00  0.000000e+00  0.000000e+00  0.000000e+00  0.000000e+00  0.000000e+00  1.550000e-02  0.000000e+00  0.000000e+00  0.000000e+00  0.000000e+00  0.000000e+00  0.000000e+00  1.550000e-02
3.448450e-03  0.000000e+00  0.000000e+00  0.000000e+00  0.000000e+00  0.000000e+00  0.000000e+00  1.520000e-02  0.000000e+00  0.000000e+00  0.000000e+00  0.000000e+00  0.000000e+00  0.000000e+00  1.520000e-02
3.601455e-03  0.000000e+00  0.000000e+00  0.000000e+00  0.000000e+00  0.000000e+00  0.000000e+00  1.780000e-02  0.000000e+00  0.000000e+00  0.000000e+00  0.000000e+00  0.000000e+00  0.000000e+00  1.780000e-02
3.761248e-03  0.000000e+00  0.000000e+00  0.000000e+00  0.000000e+00  0.000000e+00  0.000000e+00  1.760000e-02  0.000000e+00  0.000000e+00  0.000000e+00  0.000000e+00  0.000000e+00  1.600000e-03  1.760000e-02
3.928131e-03  0.000000e+00  0.000000e+00  0.000000e+00  0.000000e+00  0.000000e+00  0.000000e+00  1.780000e-02  0.000000e+00  0.000000e+00  0.000000e+00  0.000000e+00  0.000000e+00  4.900000e-03  1.780000e-02
4.102419e-03  0.000000e+00  0.000000e+00  0.000000e+00  0.000000e+00  0.000000e+00  0.000000e+00  1.900000e-02  0.000000e+00  0.000000e+00  0.000000e+00  0.000000e+00  0.000000e+00  5.900000e-03  1.900000e-02
4.284440e-03  0.000000e+00  0.000000e+00  0.000000e+00  0.000000e+00  0.000000e+00  0.000000e+00  1.700000e-02  0.000000e+00  0.000000e+00  0.000000e+00  0.000000e+00  0.000000e+00  7.100000e-03  1.700000e-02
4.474536e-03  0.000000e+00  0.000000e+00  0.000000e+00  0.000000e+00  0.000000e+00  0.000000e+00  1.580000e-02  0.000000e+00  0.000000e+00  0.000000e+00  0.000000e+00  0.000000e+00  8.200000e-03  1.580000e-02
4.673067e-03  0.000000e+00  0.000000e+00  0.000000e+00  0.000000e+00  0.000000e+00  0.000000e+00  1.670000e-02  0.000000e+00  0.000000e+00  0.000000e+00  0.000000e+00  0.000000e+00  7.900000e-03  1.670000e-02
4.880407e-03  0.000000e+00  0.000000e+00  0.000000e+00  0.000000e+00  0.000000e+00  0.000000e+00  1.750000e-02  0.000000e+00  0.000000e+00  0.000000e+00  0.000000e+00  0.000000e+00  9.800000e-03  1.750000e-02
5.096946e-03  0.000000e+00  0.000000e+00  0.000000e+00  0.000000e+00  0.000000e+00  0.000000e+00  1.900000e-02  0.000000e+00  0.000000e+00  0.000000e+00  0.000000e+00  0.000000e+00  1.060000e-02  1.900000e-02
5.323093e-03  0.000000e+00  0.000000e+00  0.000000e+00  0.000000e+00  0.000000e+00  0.000000e+00  1.800000e-02  0.000000e+00  0.000000e+00  0.000000e+00  0.000000e+00  0.000000e+00  1.050000e-02  1.800000e-02
5.559274e-03  0.000000e+00  0.000000e+00  0.000000e+00  0.000000e+00  0.000000e+00  0.000000e+00  1.670000e-02  0.000000e+00  0.000000e+00  0.000000e+00  0.000000e+00  0.000000e+00  1.240000e-02  1.670000e-02
5.805933e-03  0.000000e+00  0.000000e+00  0.000000e+00  0.000000e+00  0.000000e+00  0.000000e+00  1.630000e-02  0.000000e+00  0.000000e+00  0.000000e+00  0.000000e+00  3.700000e-03  1.290000e-02  1.630000e-02
6.063537e-03  0.000000e+00  0.000000e+00  0.000000e+00  0.000000e+00  0.000000e+00  0.000000e+00  1.750000e-02  0.000000e+00  0.000000e+00  0.000000e+00  0.000000e+00  5.500000e-03  1.420000e-02  1.750000e-02
6.332571e-03  0.000000e+00  0.000000e+00  0.000000e+00  0.000000e+00  0.000000e+00  0.000000e+00  1.780000e-02  0.000000e+00  0.000000e+00  0.000000e+00  0.000000e+00  8.300000e-03  1.510000e-02  1.780000e-02
6.613541e-03  0.000000e+00  0.000000e+00  0.000000e+00  0.000000e+00  0.000000e+00  3.800000e-03  1.780000e-02  0.000000e+00  0.000000e+00  0.000000e+00  0.000000e+00  7.800000e-03  1.770000e-02  1.780000e-02
6.906978e-03  0.000000e+00  0.000000e+00  0.000000e+00  0.000000e+00  0.000000e+00  1.450000e-02  1.840000e-02  0.000000e+00  0.000000e+00  0.000000e+00  0.000000e+00  8.100000e-03  1.450000e-02  1.840000e-02
7.213434e-03  0.000000e+00  0.000000e+00  0.000000e+00  0.000000e+00  0.000000e+00  1.720000e-02  1.620000e-02  0.000000e+00  0.000000e+00  0.000000e+00  0.000000e+00  9.100000e-03  1.720000e-02  1.620000e-02
7.533488e-03  0.000000e+00  0.000000e+00  0.000000e+00  0.000000e+00  0.000000e+00  1.760000e-02  1.910000e-02  0.000000e+00  0.000000e+00  0.000000e+00  0.000000e+00  9.700000e-03  1.760000e-02  1.910000e-02
7.867741e-03  0.000000e+00  0.000000e+00  0.000000e+00  0.000000e+00  0.000000e+00  2.120000e-02  1.800000e-02  0.000000e+00  0.000000e+00  0.000000e+00  0.000000e+00  1.080000e-02  2.120000e-02  1.800000e-02
8.216826e-03  0.000000e+00  0.000000e+00  0.000000e+00  0.000000e+00  0.000000e+00  2.000000e-02  2.100000e-02  0.000000e+00  0.000000e+00  0.000000e+00  0.000000e+00  1.250000e-02  2.000000e-02  2.100000e-02
8.581399e-03  0.000000e+00  0.000000e+00  0.000000e+00  0.000000e+00  0.000000e+00  2.250000e-02  1.610000e-02  0.000000e+00  0.000000e+00  0.000000e+00  0.000000e+00  1.210000e-02  2.250000e-02  1.610000e-02
8.962148e-03  0.000000e+00  0.000000e+00  0.000000e+00  0.000000e+00  0.000000e+00  1.730000e-02  1.830000e-02  0.000000e+00  0.000000e+00  0.000000e+00  0.000000e+00  1.570000e-02  1.730000e-02  1.830000e-02
9.359790e-03  0.000000e+00  0.000000e+00  0.000000e+00  0.000000e+00  0.000000e+00  2.220000e-02  1.700000e-02  0.000000e+00  0.000000e+00  0.000000e+00  7.000000e-04  1.620000e-02  2.220000e-02  1.700000e-02
9.775075e-03  0.000000e+00  0.000000e+00  0.000000e+00  0.000000e+00  1.000000e-03  2.210000e-02  1.520000e-02  0.000000e+00  0.000000e+00  0.000000e+00  5.500000e-03  1.650000e-02  2.210000e-02  1.520000e-02
1.020879e-02  0.000000e+00  0.000000e+00  0.000000e+00  0.000000e+00  1.850000e-02  2.280000e-02  1.830000e-02  0.000000e+00  0.000000e+00  0.000000e+00  6.800000e-03  1.850000e-02  2.280000e-02  1.830000e-02
1.066174e-02  0.000000e+00  0.000000e+00  0.000000e+00  0.000000e+00  2.140000e-02  2.250000e-02  1.570000e-02  0.000000e+00  0.000000e+00  0.000000e+00  8.300000e-03  2.140000e-02  2.250000e-02  1.570000e-02
1.113479e-02  0.000000e+00  0.000000e+00  0.000000e+00  0.000000e+00  1.940000e-02  2.180000e-02  1.710000e-02  0.000000e+00  0.000000e+00  0.000000e+00  7.800000e-03  1.940000e-02  2.180000e-02  1.710000e-02
1.162883e-02  0.000000e+00  0.000000e+00  0.000000e+00  0.000000e+00  1.880000e-02  2.360000e-02  1.670000e-02  0.000000e+00  0.000000e+00  0.000000e+00  8.800000e-03  1.880000e-02  2.360000e-02  1.670000e-02
1.214479e-02  0.000000e+00  0.000000e+00  0.000000e+00  0.000000e+00  2.180000e-02  2.250000e-02  1.140000e-02  0.000000e+00  0.000000e+00  0.000000e+00  9.000000e-03  2.180000e-02  2.250000e-02  1.320000e-02
1.268365e-02  0.000000e+00  0.000000e+00  0.000000e+00  0.000000e+00  2.070000e-02  2.470000e-02  0.000000e+00  0.000000e+00  0.000000e+00  0.000000e+00  1.240000e-02  2.070000e-02  2.470000e-02  1.480000e-02
1.324641e-02  0.000000e+00  0.000000e+00  0.000000e+00  0.000000e+00  2.070000e-02  2.370000e-02  0.000000e+00  0.000000e+00  0.000000e+00  0.000000e+00  1.240000e-02  2.070000e-02  2.370000e-02  1.400000e-02
1.383414e-02  0.000000e+00  0.000000e+00  0.000000e+00  0.000000e+00  2.510000e-02  2.440000e-02  0.000000e+00  0.000000e+00  0.000000e+00  0.000000e+00  1.410000e-02  2.510000e-02  2.440000e-02  1.120000e-02
1.444795e-02  0.000000e+00  0.000000e+00  0.000000e+00  0.000000e+00  2.490000e-02  2.420000e-02  0.000000e+00  0.000000e+00  0.000000e+00  0.000000e+00  1.590000e-02  2.490000e-02  2.420000e-02  1.360000e-02
1.508899e-02  0.000000e+00  0.000000e+00  0.000000e+00  0.000000e+00  2.680000e-02  2.350000e-02  0.000000e+00  0.000000e+00  0.000000e+00  0.000000e+00  1.590000e-02  2.680000e-02  2.350000e-02  1.070000e-02
1.575847e-02  0.000000e+00  0.000000e+00  0.000000e+00  1.900000e-03  2.540000e-02  2.050000e-02  0.000000e+00  0.000000e+00  0.000000e+00  0.000000e+00  1.930000e-02  2.540000e-02  2.050000e-02  1.250000e-02
1.645766e-02  0.000000e+00  0.000000e+00  0.000000e+00  1.830000e-02  2.330000e-02  2.590000e-02  0.000000e+00  0.000000e+00  0.000000e+00  0.000000e+00  1.830000e-02  2.330000e-02  2.590000e-02  9.600000e-03
1.718787e-02  0.000000e+00  0.000000e+00  0.000000e+00  2.030000e-02  2.680000e-02  2.540000e-02  0.000000e+00  0.000000e+00  0.000000e+00  0.000000e+00  2.030000e-02  2.680000e-02  2.540000e-02  9.100000e-03
1.795048e-02  0.000000e+00  0.000000e+00  0.000000e+00  1.870000e-02  2.380000e-02  2.220000e-02  0.000000e+00  0.000000e+00  0.000000e+00  0.000000e+00  1.870000e-02  2.380000e-02  2.220000e-02  9.600000e-03
1.874693e-02  0.000000e+00  0.000000e+00  0.000000e+00  2.180000e-02  2.610000e-02  2.490000e-02  0.000000e+00  0.000000e+00  0.000000e+00  3.500000e-03  2.180000e-02  2.610000e-02  2.490000e-02  8.400000e-03
1.957871e-02  0.000000e+00  0.000000e+00  0.000000e+00  2.310000e-02  2.630000e-02  2.300000e-02  0.000000e+00  0.000000e+00  0.000000e+00  4.500000e-03  2.310000e-02  2.630000e-02  2.300000e-02  8.400000e-03
2.044740e-02  0.000000e+00  0.000000e+00  0.000000e+00  2.480000e-02  2.550000e-02  2.070000e-02  0.000000e+00  0.000000e+00  0.000000e+00  6.500000e-03  2.480000e-02  2.550000e-02  2.070000e-02  6.400000e-03
2.135464e-02  0.000000e+00  0.000000e+00  0.000000e+00  2.660000e-02  2.510000e-02  2.220000e-02  0.000000e+00  0.000000e+00  0.000000e+00  6.900000e-03  2.660000e-02  2.510000e-02  2.220000e-02  4.200000e-03
2.230212e-02  0.000000e+00  0.000000e+00  0.000000e+00  2.450000e-02  2.770000e-02  1.850000e-02  0.000000e+00  0.000000e+00  0.000000e+00  1.010000e-02  2.450000e-02  2.770000e-02  1.850000e-02  7.000000e-04
2.329165e-02  0.000000e+00  0.000000e+00  0.000000e+00  2.870000e-02  2.490000e-02  1.890000e-02  0.000000e+00  0.000000e+00  0.000000e+00  1.220000e-02  2.870000e-02  2.490000e-02  1.890000e-02  0.000000e+00
2.432508e-02  0.000000e+00  0.000000e+00  0.000000e+00  2.720000e-02  2.600000e-02  1.790000e-02  0.000000e+00  0.000000e+00  0.000000e+00  1.070000e-02  2.720000e-02  2.600000e-02  1.790000e-02  0.000000e+00
2.540436e-02  0.000000e+00  0.000000e+00  0.000000e+00  2.770000e-02  2.410000e-02  1.700000e-02  0.000000e+00  0.000000e+00  0.000000e+00  1.090000e-02  2.770000e-02  2.410000e-02  1.700000e-02  0.000000e+00
2.653152e-02  0.000000e+00  0.000000e+00  0.000000e+00  2.800000e-02  2.370000e-02  1.080000e-02  0.000000e+00  0.000000e+00  0.000000e+00  1.260000e-02  2.800000e-02  2.370000e-02  1.420000e-02  0.000000e+00
2.770870e-02  0.000000e+00  0.000000e+00  0.000000e+00  2.750000e-02  2.490000e-02  0.000000e+00  0.000000e+00  0.000000e+00  0.000000e+00  1.460000e-02  2.750000e-02  2.490000e-02  1.590000e-02  0.000000e+00
2.893811e-02  0.000000e+00  0.000000e+00  0.000000e+00  2.880000e-02  2.080000e-02  0.000000e+00  0.000000e+00  0.000000e+00  0.000000e+00  1.710000e-02  2.880000e-02  2.080000e-02  1.690000e-02  0.000000e+00
3.022207e-02  0.000000e+00  0.000000e+00  0.000000e+00  2.860000e-02  2.150000e-02  0.000000e+00  0.000000e+00  0.000000e+00  0.000000e+00  2.110000e-02  2.860000e-02  2.150000e-02  1.310000e-02  0.000000e+00
3.156300e-02  0.000000e+00  0.000000e+00  1.710000e-02  2.780000e-02  1.990000e-02  0.000000e+00  0.000000e+00  0.000000e+00  0.000000e+00  2.140000e-02  2.780000e-02  1.990000e-02  1.350000e-02  0.000000e+00
3.296342e-02  0.000000e+00  0.000000e+00  2.450000e-02  2.660000e-02  1.850000e-02  0.000000e+00  0.000000e+00  0.000000e+00  2.100000e-03  2.450000e-02  2.660000e-02  1.850000e-02  1.130000e-02  0.000000e+00
3.442597e-02  0.000000e+00  0.000000e+00  2.250000e-02  2.780000e-02  1.650000e-02  0.000000e+00  0.000000e+00  0.000000e+00  5.700000e-03  2.250000e-02  2.780000e-02  1.650000e-02  1.240000e-02  0.000000e+00
3.595342e-02  0.000000e+00  0.000000e+00  2.720000e-02  2.840000e-02  1.010000e-02  0.000000e+00  0.000000e+00  0.000000e+00  6.100000e-03  2.720000e-02  2.840000e-02  1.660000e-02  1.230000e-02  0.000000e+00
3.754864e-02  0.000000e+00  0.000000e+00  2.560000e-02  2.770000e-02  0.000000e+00  0.000000e+00  0.000000e+00  0.000000e+00  8.300000e-03  2.560000e-02  2.770000e-02  1.630000e-02  9.000000e-03  0.000000e+00
3.921464e-02  0.000000e+00  0.000000e+00  2.860000e-02  2.510000e-02  0.000000e+00  0.000000e+00  0.000000e+00  0.000000e+00  9.800000e-03  2.860000e-02  2.510000e-02  1.570000e-02  9.400000e-03  0.000000e+00
4.095456e-02  0.000000e+00  0.000000e+00  2.680000e-02  2.830000e-02  0.000000e+00  0.000000e+00  0.000000e+00  0.000000e+00  9.800000e-03  2.680000e-02  2.830000e-02  1.380000e-02  7.400000e-03  0.000000e+00
4.277167e-02  0.000000e+00  0.000000e+00  2.590000e-02  2.340000e-02  0.000000e+00  0.000000e+00  0.000000e+00  0.000000e+00  1.210000e-02  2.590000e-02  2.340000e-02  1.260000e-02  6.100000e-03  0.000000e+00
4.466941e-02  0.000000e+00  0.000000e+00  2.930000e-02  2.260000e-02  0.000000e+00  0.000000e+00  0.000000e+00  0.000000e+00  1.330000e-02  2.930000e-02  2.260000e-02  1.250000e-02  4.300000e-03  0.000000e+00
4.665136e-02  0.000000e+00  0.000000e+00  3.040000e-02  1.810000e-02  0.000000e+00  0.000000e+00  0.000000e+00  0.000000e+00  1.490000e-02  3.040000e-02  1.810000e-02  1.200000e-02  0.000000e+00  0.000000e+00
4.872123e-02  0.000000e+00  0.000000e+00  3.070000e-02  1.790000e-02  0.000000e+00  0.000000e+00  0.000000e+00  0.000000e+00  1.450000e-02  3.070000e-02  1.790000e-02  1.060000e-02  0.000000e+00  0.000000e+00
5.088295e-02  0.000000e+00  0.000000e+00  3.010000e-02  1.940000e-02  0.000000e+00  0.000000e+00  0.000000e+00  0.000000e+00  1.910000e-02  3.010000e-02  1.940000e-02  1.030000e-02  0.000000e+00  0.000000e+00
5.314058e-02  0.000000e+00  0.000000e+00  3.230000e-02  1.040000e-02  0.000000e+00  0.000000e+00  0.000000e+00  0.000000e+00  1.770000e-02  3.230000e-02  1.690000e-02  8.500000e-03  0.000000e+00  0.000000e+00
5.549838e-02  0.000000e+00  2.110000e-02  3.010000e-02  0.000000e+00  0.000000e+00  0.000000e+00  0.000000e+00  0.000000e+00  2.270000e-02  3.010000e-02  1.860000e-02  7.300000e-03  0.000000e+00  0.000000e+00
5.796079e-02  0.000000e+00  2.820000e-02  3.270000e-02  0.000000e+00  0.000000e+00  0.000000e+00  0.000000e+00  0.000000e+00  2.820000e-02  3.270000e-02  1.400000e-02  6.800000e-03  0.000000e+00  0.000000e+00
6.053246e-02  0.000000e+00  2.420000e-02  3.160000e-02  0.000000e+00  0.000000e+00  0.000000e+00  0.000000e+00  0.000000e+00  2.420000e-02  3.160000e-02  1.450000e-02  2.100000e-03  0.000000e+00  0.000000e+00
6.321822e-02  0.000000e+00  2.660000e-02  3.020000e-02  0.000000e+00  0.000000e+00  0.000000e+00  0.000000e+00  0.000000e+00  2.660000e-02  3.020000e-02  1.370000e-02  0.000000e+00  0.000000e+00  0.000000e+00
6.602316e-02  0.000000e+00  2.830000e-02  2.900000e-02  0.000000e+00  0.000000e+00  0.000000e+00  0.000000e+00  0.000000e+00  2.830000e-02  2.900000e-02  1.400000e-02  0.000000e+00  0.000000e+00  0.000000e+00
6.895255e-02  0.000000e+00  2.860000e-02  2.800000e-02  0.000000e+00  0.000000e+00  0.000000e+00  0.000000e+00  0.000000e+00  2.860000e-02  2.800000e-02  1.030000e-02  0.000000e+00  0.000000e+00  0.000000e+00
7.201191e-02  0.000000e+00  2.860000e-02  2.650000e-02  0.000000e+00  0.000000e+00  0.000000e+00  0.000000e+00  0.000000e+00  2.860000e-02  2.650000e-02  1.220000e-02  0.000000e+00  0.000000e+00  0.000000e+00
7.520701e-02  0.000000e+00  3.270000e-02  2.860000e-02  0.000000e+00  0.000000e+00  0.000000e+00  0.000000e+00  0.000000e+00  3.270000e-02  2.860000e-02  9.200000e-03  0.000000e+00  0.000000e+00  0.000000e+00
7.854387e-02  0.000000e+00  3.200000e-02  2.520000e-02  0.000000e+00  0.000000e+00  0.000000e+00  0.000000e+00  0.000000e+00  3.200000e-02  2.520000e-02  7.400000e-03  0.000000e+00  0.000000e+00  0.000000e+00
8.202879e-02  0.000000e+00  3.150000e-02  1.960000e-02  0.000000e+00  0.000000e+00  0.000000e+00  0.000000e+00  0.000000e+00  3.150000e-02  1.960000e-02  7.200000e-03  0.000000e+00  0.000000e+00  0.000000e+00
8.566834e-02  0.000000e+00  3.220000e-02  2.150000e-02  0.000000e+00  0.000000e+00  0.000000e+00  0.000000e+00  0.000000e+00  3.220000e-02  2.150000e-02  5.800000e-03  0.000000e+00  0.000000e+00  0.000000e+00
8.946936e-02  0.000000e+00  3.840000e-02  2.080000e-02  0.000000e+00  0.000000e+00  0.000000e+00  0.000000e+00  0.000000e+00  3.840000e-02  2.080000e-02  1.600000e-03  0.000000e+00  0.000000e+00  0.000000e+00
9.343903e-02  0.000000e+00  3.060000e-02  5.200000e-03  0.000000e+00  0.000000e+00  0.000000e+00  0.000000e+00  0.000000e+00  3.060000e-02  1.790000e-02  0.000000e+00  0.000000e+00  0.000000e+00  0.000000e+00
9.758484e-02  0.000000e+00  3.260000e-02  0.000000e+00  0.000000e+00  0.000000e+00  0.000000e+00  0.000000e+00  1.800000e-03  3.260000e-02  1.710000e-02  0.000000e+00  0.000000e+00  0.000000e+00  0.000000e+00
1.019146e-01  0.000000e+00  3.370000e-02  0.000000e+00  0.000000e+00  0.000000e+00  0.000000e+00  0.000000e+00  4.100000e-03  3.370000e-02  1.630000e-02  0.000000e+00  0.000000e+00  0.000000e+00  0.000000e+00
1.064364e-01  0.000000e+00  3.220000e-02  0.000000e+00  0.000000e+00  0.000000e+00  0.000000e+00  0.000000e+00  6.200000e-03  3.220000e-02  1.460000e-02  0.000000e+00  0.000000e+00  0.000000e+00  0.000000e+00
1.111589e-01  0.000000e+00  2.900000e-02  0.000000e+00  0.000000e+00  0.000000e+00  0.000000e+00  0.000000e+00  6.100000e-03  2.900000e-02  1.470000e-02  0.000000e+00  0.000000e+00  0.000000e+00  0.000000e+00
1.160909e-01  0.000000e+00  3.300000e-02  0.000000e+00  0.000000e+00  0.000000e+00  0.000000e+00  0.000000e+00  7.800000e-03  3.300000e-02  1.120000e-02  0.000000e+00  0.000000e+00  0.000000e+00  0.000000e+00
1.212418e-01  0.000000e+00  2.750000e-02  0.000000e+00  0.000000e+00  0.000000e+00  0.000000e+00  0.000000e+00  8.500000e-03  2.750000e-02  1.070000e-02  0.000000e+00  0.000000e+00  0.000000e+00  0.000000e+00
1.266212e-01  0.000000e+00  2.560000e-02  0.000000e+00  0.000000e+00  0.000000e+00  0.000000e+00  0.000000e+00  1.110000e-02  2.560000e-02  1.180000e-02  0.000000e+00  0.000000e+00  0.000000e+00  0.000000e+00
1.322392e-01  0.000000e+00  2.510000e-02  0.000000e+00  0.000000e+00  0.000000e+00  0.000000e+00  0.000000e+00  1.350000e-02  2.510000e-02  9.400000e-03  0.000000e+00  0.000000e+00  0.000000e+00  0.000000e+00
1.381066e-01  0.000000e+00  2.150000e-02  0.000000e+00  0.000000e+00  0.000000e+00  0.000000e+00  0.000000e+00  1.540000e-02  2.150000e-02  7.100000e-03  0.000000e+00  0.000000e+00  0.000000e+00  0.000000e+00
1.442342e-01  0.000000e+00  2.040000e-02  0.000000e+00  0.000000e+00  0.000000e+00  0.000000e+00  0.000000e+00  1.740000e-02  2.040000e-02  7.400000e-03  0.000000e+00  0.000000e+00  0.000000e+00  0.000000e+00
1.506338e-01  0.000000e+00  1.640000e-02  0.000000e+00  0.000000e+00  0.000000e+00  0.000000e+00  0.000000e+00  1.840000e-02  2.170000e-02  2.000000e-03  0.000000e+00  0.000000e+00  0.000000e+00  0.000000e+00
1.573173e-01  0.000000e+00  0.000000e+00  0.000000e+00  0.000000e+00  0.000000e+00  0.000000e+00  0.000000e+00  2.200000e-02  2.110000e-02  0.000000e+00  0.000000e+00  0.000000e+00  0.000000e+00  0.000000e+00
1.642973e-01  2.100000e-02  0.000000e+00  0.000000e+00  0.000000e+00  0.000000e+00  0.000000e+00  0.000000e+00  2.370000e-02  1.710000e-02  0.000000e+00  0.000000e+00  0.000000e+00  0.000000e+00  0.000000e+00
1.715870e-01  2.530000e-02  0.000000e+00  0.000000e+00  0.000000e+00  0.000000e+00  0.000000e+00  0.000000e+00  2.530000e-02  1.320000e-02  0.000000e+00  0.000000e+00  0.000000e+00  0.000000e+00  0.000000e+00
1.792002e-01  2.460000e-02  0.000000e+00  0.000000e+00  0.000000e+00  0.000000e+00  0.000000e+00  0.000000e+00  2.460000e-02  1.450000e-02  0.000000e+00  0.000000e+00  0.000000e+00  0.000000e+00  0.000000e+00
1.871511e-01  2.820000e-02  0.000000e+00  0.000000e+00  0.000000e+00  0.000000e+00  0.000000e+00  0.000000e+00  2.820000e-02  1.240000e-02  0.000000e+00  0.000000e+00  0.000000e+00  0.000000e+00  0.000000e+00
1.954548e-01  3.260000e-02  0.000000e+00  0.000000e+00  0.000000e+00  0.000000e+00  0.000000e+00  0.000000e+00  3.260000e-02  1.340000e-02  0.000000e+00  0.000000e+00  0.000000e+00  0.000000e+00  0.000000e+00
2.041270e-01  3.320000e-02  0.000000e+00  0.000000e+00  0.000000e+00  0.000000e+00  0.000000e+00  0.000000e+00  3.320000e-02  1.040000e-02  0.000000e+00  0.000000e+00  0.000000e+00  0.000000e+00  0.000000e+00
2.131839e-01  3.090000e-02  0.000000e+00  0.000000e+00  0.000000e+00  0.000000e+00  0.000000e+00  0.000000e+00  3.090000e-02  1.100000e-02  0.000000e+00  0.000000e+00  0.000000e+00  0.000000e+00  0.000000e+00
2.226427e-01  3.230000e-02  0.000000e+00  0.000000e+00  0.000000e+00  0.000000e+00  0.000000e+00  0.000000e+00  3.230000e-02  9.800000e-03  0.000000e+00  0.000000e+00  0.000000e+00  0.000000e+00  0.000000e+00
2.325211e-01  3.210000e-02  0.000000e+00  0.000000e+00  0.000000e+00  0.000000e+00  0.000000e+00  0.000000e+00  3.210000e-02  6.100000e-03  0.000000e+00  0.000000e+00  0.000000e+00  0.000000e+00  0.000000e+00
2.428379e-01  3.510000e-02  0.000000e+00  0.000000e+00  0.000000e+00  0.000000e+00  0.000000e+00  0.000000e+00  3.510000e-02  7.000000e-04  0.000000e+00  0.000000e+00  0.000000e+00  0.000000e+00  0.000000e+00
2.536124e-01  3.350000e-02  0.000000e+00  0.000000e+00  0.000000e+00  0.000000e+00  0.000000e+00  0.000000e+00  3.350000e-02  0.000000e+00  0.000000e+00  0.000000e+00  0.000000e+00  0.000000e+00  0.000000e+00
2.648649e-01  3.650000e-02  0.000000e+00  0.000000e+00  0.000000e+00  0.000000e+00  0.000000e+00  0.000000e+00  3.650000e-02  0.000000e+00  0.000000e+00  0.000000e+00  0.000000e+00  0.000000e+00  0.000000e+00
2.766167e-01  3.570000e-02  0.000000e+00  0.000000e+00  0.000000e+00  0.000000e+00  0.000000e+00  0.000000e+00  3.570000e-02  0.000000e+00  0.000000e+00  0.000000e+00  0.000000e+00  0.000000e+00  0.000000e+00
2.888900e-01  3.790000e-02  0.000000e+00  0.000000e+00  0.000000e+00  0.000000e+00  0.000000e+00  0.000000e+00  3.790000e-02  0.000000e+00  0.000000e+00  0.000000e+00  0.000000e+00  0.000000e+00  0.000000e+00
3.017077e-01  3.300000e-02  0.000000e+00  0.000000e+00  0.000000e+00  0.000000e+00  0.000000e+00  0.000000e+00  3.300000e-02  0.000000e+00  0.000000e+00  0.000000e+00  0.000000e+00  0.000000e+00  0.000000e+00
3.150942e-01  3.100000e-02  0.000000e+00  0.000000e+00  0.000000e+00  0.000000e+00  0.000000e+00  0.000000e+00  3.100000e-02  0.000000e+00  0.000000e+00  0.000000e+00  0.000000e+00  0.000000e+00  0.000000e+00
3.290747e-01  3.140000e-02  0.000000e+00  0.000000e+00  0.000000e+00  0.000000e+00  0.000000e+00  0.000000e+00  3.140000e-02  0.000000e+00  0.000000e+00  0.000000e+00  0.000000e+00  0.000000e+00  0.000000e+00
3.436754e-01  2.980000e-02  0.000000e+00  0.000000e+00  0.000000e+00  0.000000e+00  0.000000e+00  0.000000e+00  2.980000e-02  0.000000e+00  0.000000e+00  0.000000e+00  0.000000e+00  0.000000e+00  0.000000e+00
3.589240e-01  2.990000e-02  0.000000e+00  0.000000e+00  0.000000e+00  0.000000e+00  0.000000e+00  0.000000e+00  2.990000e-02  0.000000e+00  0.000000e+00  0.000000e+00  0.000000e+00  0.000000e+00  0.000000e+00
3.748491e-01  2.530000e-02  0.000000e+00  0.000000e+00  0.000000e+00  0.000000e+00  0.000000e+00  0.000000e+00  2.530000e-02  0.000000e+00  0.000000e+00  0.000000e+00  0.000000e+00  0.000000e+00  0.000000e+00
3.914808e-01  2.430000e-02  0.000000e+00  0.000000e+00  0.000000e+00  0.000000e+00  0.000000e+00  0.000000e+00  2.430000e-02  0.000000e+00  0.000000e+00  0.000000e+00  0.000000e+00  0.000000e+00  0.000000e+00
4.088505e-01  2.280000e-02  0.000000e+00  0.000000e+00  0.000000e+00  0.000000e+00  0.000000e+00  0.000000e+00  2.280000e-02  0.000000e+00  0.000000e+00  0.000000e+00  0.000000e+00  0.000000e+00  0.000000e+00
4.269908e-01  1.360000e-02  0.000000e+00  0.000000e+00  0.000000e+00  0.000000e+00  0.000000e+00  0.000000e+00  2.480000e-02  0.000000e+00  0.000000e+00  0.000000e+00  0.000000e+00  0.000000e+00  0.000000e+00
4.459360e-01  0.000000e+00  0.000000e+00  0.000000e+00  0.000000e+00  0.000000e+00  0.000000e+00  0.000000e+00  1.770000e-02  0.000000e+00  0.000000e+00  0.000000e+00  0.000000e+00  0.000000e+00  0.000000e+00
4.657217e-01  0.000000e+00  0.000000e+00  0.000000e+00  0.000000e+00  0.000000e+00  0.000000e+00  0.000000e+00  1.950000e-02  0.000000e+00  0.000000e+00  0.000000e+00  0.000000e+00  0.000000e+00  0.000000e+00
4.863854e-01  0.000000e+00  0.000000e+00  0.000000e+00  0.000000e+00  0.000000e+00  0.000000e+00  0.000000e+00  1.770000e-02  0.000000e+00  0.000000e+00  0.000000e+00  0.000000e+00  0.000000e+00  0.000000e+00
5.079658e-01  0.000000e+00  0.000000e+00  0.000000e+00  0.000000e+00  0.000000e+00  0.000000e+00  0.000000e+00  1.380000e-02  0.000000e+00  0.000000e+00  0.000000e+00  0.000000e+00  0.000000e+00  0.000000e+00
5.305038e-01  0.000000e+00  0.000000e+00  0.000000e+00  0.000000e+00  0.000000e+00  0.000000e+00  0.000000e+00  1.300000e-02  0.000000e+00  0.000000e+00  0.000000e+00  0.000000e+00  0.000000e+00  0.000000e+00
5.540418e-01  0.000000e+00  0.000000e+00  0.000000e+00  0.000000e+00  0.000000e+00  0.000000e+00  0.000000e+00  1.330000e-02  0.000000e+00  0.000000e+00  0.000000e+00  0.000000e+00  0.000000e+00  0.000000e+00
5.786241e-01  0.000000e+00  0.000000e+00  0.000000e+00  0.000000e+00  0.000000e+00  0.000000e+00  0.000000e+00  1.060000e-02  0.000000e+00  0.000000e+00  0.000000e+00  0.000000e+00  0.000000e+00  0.000000e+00
6.042971e-01  0.000000e+00  0.000000e+00  0.000000e+00  0.000000e+00  0.000000e+00  0.000000e+00  0.000000e+00  7.100000e-03  0.000000e+00  0.000000e+00  0.000000e+00  0.000000e+00  0.000000e+00  0.000000e+00
6.311092e-01  0.000000e+00  0.000000e+00  0.000000e+00  0.000000e+00  0.000000e+00  0.000000e+00  0.000000e+00  5.400000e-03  0.000000e+00  0.000000e+00  0.000000e+00  0.000000e+00  0.000000e+00  0.000000e+00
6.591110e-01  0.000000e+00  0.000000e+00  0.000000e+00  0.000000e+00  0.000000e+00  0.000000e+00  0.000000e+00  5.700000e-03  0.000000e+00  0.000000e+00  0.000000e+00  0.000000e+00  0.000000e+00  0.000000e+00
