4.151042e-02  0.000000e+00  0.000000e+00  0.000000e+00  0.000000e+00  0.000000e+00  0.000000e+00  0.000000e+00  0.000000e+00  0.000000e+00  0.000000e+00  0.000000e+00  0.000000e+00  0.000000e+00  0.000000e+00  0.000000e+00  7.500000e-03
4.703114e-02  0.000000e+00  0.000000e+00  0.000000e+00  0.000000e+00  0.000000e+00  0.000000e+00  0.000000e+00  0.000000e+00  0.000000e+00  0.000000e+00  0.000000e+00  0.000000e+00  0.000000e+00  0.000000e+00  0.000000e+00  9.600000e-03
5.328609e-02  0.000000e+00  0.000000e+00  0.000000e+00  0.000000e+00  0.000000e+00  0.000000e+00  0.000000e+00  0.000000e+00  0.000000e+00  0.000000e+00  0.000000e+00  0.000000e+00  0.000000e+00  0.000000e+00  0.000000e+00  9.400000e-03
6.037293e-02  0.000000e+00  0.000000e+00  0.000000e+00  0.000000e+00  0.000000e+00  0.000000e+00  0.000000e+00  0.000000e+00  0.000000e+00  0.000000e+00  0.000000e+00  0.000000e+00  0.000000e+00  0.000000e+00  0.000000e+00  1.020000e-02
6.840229e-02  0.000000e+00  0.000000e+00  0.000000e+00  0.000000e+00  0.000000e+00  0.000000e+00  0.000000e+00  0.000000e+00  0.000000e+00  0.000000e+00  0.000000e+00  0.000000e+00  0.000000e+00  0.000000e+00  0.000000e+00  1.080000e-02
7.749952e-02  0.000000e+00  0.000000e+00  0.000000e+00  0.000000e+00  0.000000e+00  0.000000e+00  0.000000e+00  0.000000e+00  0.000000e+00  0.000000e+00  0.000000e+00  0.000000e+00  0.000000e+00  0.000000e+00  0.000000e+00  1.130000e-02
8.780665e-02  0.000000e+00  0.000000e+00  0.000000e+00  0.000000e+00  0.000000e+00  0.000000e+00  0.000000e+00  0.000000e+00  0.000000e+00  0.000000e+00  0.000000e+00  0.000000e+00  0.000000e+00  0.000000e+00  0.000000e+00  1.190000e-02
9.948459e-02  0.000000e+00  0.000000e+00  0.000000e+00  0.000000e+00  0.000000e+00  0.000000e+00  0.000000e+00  0.000000e+00  0.000000e+00  0.000000e+00  0.000000e+00  0.000000e+00  0.000000e+00  0.000000e+00  0.000000e+00  1.370000e-02
1.127156e-01  0.000000e+00  0.000000e+00  0.000000e+00  0.000000e+00  0.000000e+00  0.000000e+00  0.000000e+00  0.000000e+00  0.000000e+00  0.000000e+00  0.000000e+00  0.000000e+00  0.000000e+00  0.000000e+00  0.000000e+00  1.340000e-02
1.277064e-01  0.000000e+00  0.000000e+00  0.000000e+00  0.000000e+00  0.000000e+00  0.000000e+00  0.000000e+00  0.000000e+00  0.000000e+00  0.000000e+00  0.000000e+00  0.000000e+00  0.000000e+00  0.000000e+00  0.000000e+00  1.380000e-02
1.446908e-01  0.000000e+00  0.000000e+00  0.000000e+00  0.000000e+00  0.000000e+00  0.000000e+00  0.000000e+00  0.000000e+00  0.000000e+00  0.000000e+00  0.000000e+00  0.000000e+00  0.000000e+00  0.000000e+00  0.000000e+00  1.680000e-02
1.639341e-01  0.000000e+00  0.000000e+00  0.000000e+00  0.000000e+00  0.000000e+00  0.000000e+00  0.000000e+00  8.500000e-03  0.000000e+00  0.000000e+00  0.000000e+00  0.000000e+00  0.000000e+00  0.000000e+00  0.000000e+00  1.510000e-02
1.857367e-01  0.000000e+00  0.000000e+00  0.000000e+00  0.000000e+00  0.000000e+00  0.000000e+00  0.000000e+00  1.460000e-02  0.000000e+00  0.000000e+00  0.000000e+00  0.000000e+00  0.000000e+00  0.000000e+00  0.000000e+00  1.460000e-02
2.104390e-01  0.000000e+00  0.000000e+00  0.000000e+00  0.000000e+00  0.000000e+00  0.000000e+00  0.000000e+00  1.420000e-02  0.000000e+00  0.000000e+00  0.000000e+00  0.000000e+00  0.000000e+00  0.000000e+00  0.000000e+00  1.420000e-02
2.384265e-01  0.000000e+00  0.000000e+00  0.000000e+00  0.000000e+00  0.000000e+00  0.000000e+00  0.000000e+00  1.700000e-02  0.000000e+00  0.000000e+00  0.000000e+00  0.000000e+00  0.000000e+00  0.000000e+00  0.000000e+00  1.700000e-02
2.701363e-01  0.000000e+00  0.000000e+00  0.000000e+00  0.000000e+00  0.000000e+00  0.000000e+00  0.000000e+00  1.520000e-02  0.000000e+00  0.000000e+00  0.000000e+00  0.000000e+00  0.000000e+00  0.000000e+00  0.000000e+00  1.520000e-02
3.060633e-01  0.000000e+00  0.000000e+00  0.000000e+00  0.000000e+00  0.000000e+00  0.000000e+00  0.000000e+00  1.740000e-02  0.000000e+00  0.000000e+00  0.000000e+00  0.000000e+00  0.000000e+00  0.000000e+00  0.000000e+00  1.740000e-02
3.467686e-01  0.000000e+00  0.000000e+00  0.000000e+00  0.000000e+00  0.000000e+00  0.000000e+00  0.000000e+00  1.770000e-02  0.000000e+00  0.000000e+00  0.000000e+00  0.000000e+00  0.000000e+00  0.000000e+00  0.000000e+00  1.770000e-02
3.928874e-01  0.000000e+00  0.000000e+00  0.000000e+00  0.000000e+00  0.000000e+00  0.000000e+00  0.000000e+00  1.670000e-02  0.000000e+00  0.000000e+00  0.000000e+00  0.000000e+00  0.000000e+00  0.000000e+00  0.000000e+00  1.670000e-02
4.451399e-01  0.000000e+00  0.000000e+00  0.000000e+00  0.000000e+00  0.000000e+00  0.000000e+00  0.000000e+00  1.700000e-02  0.000000e+00  0.000000e+00  0.000000e+00  0.000000e+00  0.000000e+00  0.000000e+00  0.000000e+00  1.700000e-02
5.043417e-01  0.000000e+00  0.000000e+00  0.000000e+00  0.000000e+00  0.000000e+00  0.000000e+00  0.000000e+00  1.580000e-02  0.000000e+00  0.000000e+00  0.000000e+00  0.000000e+00  0.000000e+00  0.000000e+00  0.000000e+00  1.580000e-02
5.714171e-01  0.000000e+00  0.000000e+00  0.000000e+00  0.000000e+00  0.000000e+00  0.000000e+00  0.000000e+00  1.460000e-02  0.000000e+00  0.000000e+00  0.000000e+00  0.000000e+00  0.000000e+00  0.000000e+00  0.000000e+00  1.460000e-02
6.474134e-01  0.000000e+00  0.000000e+00  0.000000e+00  0.000000e+00  0.000000e+00  0.000000e+00  0.000000e+00  1.830000e-02  0.000000e+00  0.000000e+00  0.000000e+00  0.000000e+00  0.000000e+00  0.000000e+00  0.000000e+00  1.830000e-02
7.335168e-01  0.000000e+00  0.000000e+00  0.000000e+00  0.000000e+00  0.000000e+00  0.000000e+00  0.000000e+00  1.840000e-02  0.000000e+00  0.000000e+00  0.000000e+00  0.000000e+00  0.000000e+00  0.000000e+00  0.000000e+00  1.840000e-02
8.310716e-01  0.000000e+00  0.000000e+00  0.000000e+00  0.000000e+00  0.000000e+00  0.000000e+00  0.000000e+00  1.710000e-02  0.000000e+00  0.000000e+00  0.000000e+00  0.000000e+00  0.000000e+00  0.000000e+00  0.000000e+00  1.710000e-02
9.416008e-01  0.000000e+00  0.000000e+00  0.000000e+00  0.000000e+00  0.000000e+00  0.000000e+00  0.000000e+00  1.640000e-02  0.000000e+00  0.000000e+00  0.000000e+00  0.000000e+00  0.000000e+00  0.000000e+00  0.000000e+00  1.640000e-02
1.066830e+00  0.000000e+00  0.000000e+00  0.000000e+00  0.000000e+00  0.000000e+00  0.000000e+00  0.000000e+00  1.940000e-02  0.000000e+00  0.000000e+00  0.000000e+00  0.000000e+00  0.000000e+00  0.000000e+00  0.000000e+00  1.940000e-02
1.208714e+00  0.000000e+00  0.000000e+00  0.000000e+00  0.000000e+00  0.000000e+00  0.000000e+00  0.000000e+00  1.680000e-02  0.000000e+00  0.000000e+00  0.000000e+00  0.000000e+00  0.000000e+00  0.000000e+00  0.000000e+00  1.680000e-02
1.369468e+00  0.000000e+00  0.000000e+00  0.000000e+00  0.000000e+00  0.000000e+00  0.000000e+00  0.000000e+00  1.740000e-02  0.000000e+00  0.000000e+00  0.000000e+00  0.000000e+00  0.000000e+00  0.000000e+00  0.000000e+00  1.740000e-02
1.551602e+00  0.000000e+00  0.000000e+00  0.000000e+00  0.000000e+00  0.000000e+00  0.000000e+00  0.000000e+00  1.690000e-02  0.000000e+00  0.000000e+00  0.000000e+00  0.000000e+00  0.000000e+00  0.000000e+00  0.000000e+00  1.690000e-02
1.757959e+00  0.000000e+00  0.000000e+00  0.000000e+00  0.000000e+00  0.000000e+00  0.000000e+00  0.000000e+00  1.600000e-02  0.000000e+00  0.000000e+00  0.000000e+00  0.000000e+00  0.000000e+00  0.000000e+00  8.900000e-03  1.600000e-02
1.991761e+00  0.000000e+00  0.000000e+00  0.000000e+00  0.000000e+00  0.000000e+00  0.000000e+00  0.000000e+00  1.600000e-02  0.000000e+00  0.000000e+00  0.000000e+00  0.000000e+00  0.000000e+00  0.000000e+00  1.400000e-02  1.600000e-02
2.256657e+00  0.000000e+00  0.000000e+00  0.000000e+00  0.000000e+00  0.000000e+00  0.000000e+00  0.000000e+00  1.730000e-02  0.000000e+00  0.000000e+00  0.000000e+00  0.000000e+00  0.000000e+00  0.000000e+00  1.470000e-02  1.730000e-02
2.556783e+00  0.000000e+00  0.000000e+00  0.000000e+00  0.000000e+00  0.000000e+00  0.000000e+00  0.000000e+00  1.520000e-02  0.000000e+00  0.000000e+00  0.000000e+00  0.000000e+00  0.000000e+00  0.000000e+00  1.580000e-02  1.520000e-02
2.896825e+00  0.000000e+00  0.000000e+00  0.000000e+00  0.000000e+00  0.000000e+00  0.000000e+00  0.000000e+00  1.430000e-02  0.000000e+00  0.000000e+00  0.000000e+00  0.000000e+00  0.000000e+00  0.000000e+00  1.570000e-02  1.430000e-02
3.282092e+00  0.000000e+00  0.000000e+00  0.000000e+00  0.000000e+00  0.000000e+00  0.000000e+00  0.000000e+00  1.630000e-02  0.000000e+00  0.000000e+00  0.000000e+00  0.000000e+00  0.000000e+00  0.000000e+00  1.560000e-02  1.630000e-02
3.718597e+00  0.000000e+00  0.000000e+00  0.000000e+00  0.000000e+00  0.000000e+00  0.000000e+00  0.000000e+00  1.430000e-02  0.000000e+00  0.000000e+00  0.000000e+00  0.000000e+00  0.000000e+00  0.000000e+00  1.690000e-02  1.430000e-02
4.213156e+00  0.000000e+00  0.000000e+00  0.000000e+00  0.000000e+00  0.000000e+00  0.000000e+00  0.000000e+00  1.460000e-02  0.000000e+00  0.000000e+00  0.000000e+00  0.000000e+00  0.000000e+00  0.000000e+00  1.930000e-02  1.460000e-02
4.773489e+00  0.000000e+00  0.000000e+00  0.000000e+00  0.000000e+00  0.000000e+00  0.000000e+00  2.100000e-03  1.550000e-02  0.000000e+00  0.000000e+00  0.000000e+00  0.000000e+00  0.000000e+00  0.000000e+00  1.620000e-02  1.550000e-02
5.408344e+00  0.000000e+00  0.000000e+00  0.000000e+00  0.000000e+00  0.000000e+00  0.000000e+00  2.040000e-02  1.340000e-02  0.000000e+00  0.000000e+00  0.000000e+00  0.000000e+00  0.000000e+00  9.100000e-03  2.040000e-02  1.340000e-02
6.127632e+00  0.000000e+00  0.000000e+00  0.000000e+00  0.000000e+00  0.000000e+00  0.000000e+00  1.860000e-02  1.480000e-02  0.000000e+00  0.000000e+00  0.000000e+00  0.000000e+00  0.000000e+00  1.370000e-02  1.860000e-02  1.480000e-02
6.942583e+00  0.000000e+00  0.000000e+00  0.000000e+00  0.000000e+00  0.000000e+00  0.000000e+00  1.950000e-02  1.460000e-02  0.000000e+00  0.000000e+00  0.000000e+00  0.000000e+00  0.000000e+00  1.430000e-02  1.950000e-02  1.460000e-02
7.865919e+00  0.000000e+00  0.000000e+00  0.000000e+00  0.000000e+00  0.000000e+00  0.000000e+00  1.860000e-02  1.380000e-02  0.000000e+00  0.000000e+00  0.000000e+00  0.000000e+00  0.000000e+00  1.600000e-02  1.860000e-02  1.380000e-02
8.912055e+00  0.000000e+00  0.000000e+00  0.000000e+00  0.000000e+00  0.000000e+00  0.000000e+00  1.880000e-02  1.160000e-02  0.000000e+00  0.000000e+00  0.000000e+00  0.000000e+00  0.000000e+00  1.600000e-02  1.880000e-02  1.160000e-02
1.009732e+01  0.000000e+00  0.000000e+00  0.000000e+00  0.000000e+00  0.000000e+00  0.000000e+00  1.890000e-02  1.350000e-02  0.000000e+00  0.000000e+00  0.000000e+00  0.000000e+00  0.000000e+00  1.940000e-02  1.890000e-02  1.350000e-02
1.144023e+01  0.000000e+00  0.000000e+00  0.000000e+00  0.000000e+00  0.000000e+00  0.000000e+00  1.710000e-02  1.080000e-02  0.000000e+00  0.000000e+00  0.000000e+00  0.000000e+00  0.000000e+00  2.030000e-02  1.710000e-02  1.080000e-02
1.296173e+01  0.000000e+00  0.000000e+00  0.000000e+00  0.000000e+00  0.000000e+00  0.000000e+00  1.740000e-02  1.230000e-02  0.000000e+00  0.000000e+00  0.000000e+00  0.000000e+00  0.000000e+00  1.800000e-02  1.740000e-02  1.230000e-02
1.468559e+01  0.000000e+00  0.000000e+00  0.000000e+00  0.000000e+00  0.000000e+00  1.050000e-02  1.930000e-02  1.100000e-02  0.000000e+00  0.000000e+00  0.000000e+00  0.000000e+00  7.100000e-03  1.870000e-02  1.930000e-02  1.100000e-02
1.663871e+01  0.000000e+00  0.000000e+00  0.000000e+00  0.000000e+00  0.000000e+00  1.700000e-02  1.710000e-02  1.280000e-02  0.000000e+00  0.000000e+00  0.000000e+00  0.000000e+00  1.200000e-02  1.700000e-02  1.710000e-02  1.280000e-02
1.885160e+01  0.000000e+00  0.000000e+00  0.000000e+00  0.000000e+00  0.000000e+00  1.830000e-02  1.730000e-02  1.160000e-02  0.000000e+00  0.000000e+00  0.000000e+00  0.000000e+00  1.510000e-02  1.830000e-02  1.730000e-02  1.160000e-02
2.135879e+01  0.000000e+00  0.000000e+00  0.000000e+00  0.000000e+00  0.000000e+00  1.790000e-02  1.990000e-02  1.230000e-02  0.000000e+00  0.000000e+00  0.000000e+00  0.000000e+00  1.690000e-02  1.790000e-02  1.990000e-02  1.230000e-02
2.419942e+01  0.000000e+00  0.000000e+00  0.000000e+00  0.000000e+00  0.000000e+00  1.770000e-02  1.750000e-02  1.200000e-02  0.000000e+00  0.000000e+00  0.000000e+00  0.000000e+00  1.630000e-02  1.770000e-02  1.750000e-02  1.200000e-02
2.741785e+01  0.000000e+00  0.000000e+00  0.000000e+00  0.000000e+00  0.000000e+00  1.860000e-02  1.640000e-02  9.400000e-03  0.000000e+00  0.000000e+00  0.000000e+00  0.000000e+00  2.190000e-02  1.860000e-02  1.640000e-02  9.400000e-03
3.106431e+01  0.000000e+00  0.000000e+00  0.000000e+00  0.000000e+00  0.000000e+00  1.730000e-02  1.840000e-02  1.160000e-02  0.000000e+00  0.000000e+00  0.000000e+00  0.000000e+00  1.790000e-02  1.730000e-02  1.840000e-02  1.160000e-02
3.519574e+01  0.000000e+00  0.000000e+00  0.000000e+00  0.000000e+00  0.000000e+00  1.740000e-02  1.510000e-02  1.010000e-02  0.000000e+00  0.000000e+00  0.000000e+00  0.000000e+00  1.680000e-02  1.740000e-02  1.510000e-02  1.010000e-02
3.987664e+01  0.000000e+00  0.000000e+00  0.000000e+00  0.000000e+00  5.300000e-03  1.470000e-02  1.570000e-02  9.900000e-03  0.000000e+00  0.000000e+00  0.000000e+00  0.000000e+00  1.630000e-02  1.470000e-02  1.570000e-02  9.900000e-03
4.518007e+01  0.000000e+00  0.000000e+00  0.000000e+00  0.000000e+00  1.940000e-02  1.790000e-02  1.640000e-02  1.070000e-02  0.000000e+00  0.000000e+00  0.000000e+00  0.000000e+00  1.940000e-02  1.790000e-02  1.640000e-02  1.070000e-02
5.118884e+01  0.000000e+00  0.000000e+00  0.000000e+00  0.000000e+00  1.730000e-02  1.700000e-02  1.510000e-02  1.020000e-02  0.000000e+00  0.000000e+00  0.000000e+00  0.000000e+00  1.730000e-02  1.700000e-02  1.510000e-02  1.020000e-02
5.799675e+01  0.000000e+00  0.000000e+00  0.000000e+00  0.000000e+00  1.940000e-02  1.750000e-02  1.440000e-02  4.700000e-03  0.000000e+00  0.000000e+00  0.000000e+00  5.800000e-03  1.940000e-02  1.750000e-02  1.440000e-02  1.040000e-02
6.571009e+01  0.000000e+00  0.000000e+00  0.000000e+00  0.000000e+00  1.720000e-02  1.660000e-02  1.450000e-02  0.000000e+00  0.000000e+00  0.000000e+00  0.000000e+00  9.200000e-03  1.720000e-02  1.660000e-02  1.450000e-02  1.110000e-02
7.444927e+01  0.000000e+00  0.000000e+00  0.000000e+00  0.000000e+00  1.670000e-02  1.770000e-02  1.430000e-02  0.000000e+00  0.000000e+00  0.000000e+00  0.000000e+00  1.570000e-02  1.670000e-02  1.770000e-02  1.430000e-02  8.100000e-03
8.435073e+01  0.000000e+00  0.000000e+00  0.000000e+00  0.000000e+00  1.690000e-02  1.660000e-02  1.760000e-02  0.000000e+00  0.000000e+00  0.000000e+00  0.000000e+00  1.610000e-02  1.690000e-02  1.660000e-02  1.760000e-02  9.400000e-03
9.556904e+01  0.000000e+00  0.000000e+00  0.000000e+00  0.000000e+00  1.680000e-02  1.840000e-02  1.550000e-02  0.000000e+00  0.000000e+00  0.000000e+00  0.000000e+00  1.700000e-02  1.680000e-02  1.840000e-02  1.550000e-02  8.200000e-03
1.082793e+02  0.000000e+00  0.000000e+00  0.000000e+00  0.000000e+00  1.840000e-02  1.690000e-02  1.370000e-02  0.000000e+00  0.000000e+00  0.000000e+00  0.000000e+00  1.730000e-02  1.840000e-02  1.690000e-02  1.370000e-02  8.000000e-03
1.226801e+02  0.000000e+00  0.000000e+00  0.000000e+00  0.000000e+00  2.000000e-02  1.610000e-02  1.340000e-02  0.000000e+00  0.000000e+00  0.000000e+00  0.000000e+00  1.880000e-02  2.000000e-02  1.610000e-02  1.340000e-02  6.800000e-03
1.389960e+02  0.000000e+00  0.000000e+00  0.000000e+00  0.000000e+00  1.840000e-02  1.590000e-02  1.320000e-02  0.000000e+00  0.000000e+00  0.000000e+00  0.000000e+00  1.600000e-02  1.840000e-02  1.590000e-02  1.320000e-02  5.600000e-03
1.574820e+02  0.000000e+00  0.000000e+00  0.000000e+00  0.000000e+00  1.520000e-02  1.520000e-02  1.470000e-02  0.000000e+00  0.000000e+00  0.000000e+00  0.000000e+00  1.530000e-02  1.520000e-02  1.520000e-02  1.470000e-02  7.000000e-03
1.784264e+02  0.000000e+00  0.000000e+00  0.000000e+00  1.410000e-02  1.630000e-02  1.540000e-02  1.190000e-02  0.000000e+00  0.000000e+00  0.000000e+00  0.000000e+00  1.790000e-02  1.630000e-02  1.540000e-02  1.190000e-02  7.000000e-03
2.021564e+02  0.000000e+00  0.000000e+00  0.000000e+00  1.850000e-02  1.730000e-02  1.620000e-02  1.280000e-02  0.000000e+00  0.000000e+00  0.000000e+00  0.000000e+00  1.850000e-02  1.730000e-02  1.620000e-02  1.280000e-02  6.700000e-03
2.290424e+02  0.000000e+00  0.000000e+00  0.000000e+00  2.050000e-02  1.700000e-02  1.450000e-02  1.310000e-02  0.000000e+00  0.000000e+00  0.000000e+00  0.000000e+00  2.050000e-02  1.700000e-02  1.450000e-02  1.310000e-02  5.000000e-03
2.595042e+02  0.000000e+00  0.000000e+00  0.000000e+00  2.040000e-02  1.580000e-02  1.420000e-02  1.190000e-02  0.000000e+00  0.000000e+00  0.000000e+00  0.000000e+00  2.040000e-02  1.580000e-02  1.420000e-02  1.190000e-02  5.200000e-03
2.940172e+02  0.000000e+00  0.000000e+00  0.000000e+00  1.830000e-02  1.770000e-02  1.420000e-02  1.110000e-02  0.000000e+00  0.000000e+00  0.000000e+00  0.000000e+00  1.830000e-02  1.770000e-02  1.420000e-02  1.110000e-02  5.400000e-03
3.331203e+02  0.000000e+00  0.000000e+00  0.000000e+00  1.720000e-02  1.670000e-02  1.260000e-02  1.110000e-02  0.000000e+00  0.000000e+00  0.000000e+00  0.000000e+00  1.720000e-02  1.670000e-02  1.260000e-02  1.110000e-02  5.000000e-03
3.774240e+02  0.000000e+00  0.000000e+00  0.000000e+00  1.730000e-02  1.580000e-02  1.270000e-02  1.190000e-02  0.000000e+00  0.000000e+00  0.000000e+00  0.000000e+00  1.730000e-02  1.580000e-02  1.270000e-02  1.190000e-02  6.000000e-03
4.276199e+02  0.000000e+00  0.000000e+00  0.000000e+00  1.910000e-02  1.630000e-02  1.230000e-02  1.140000e-02  0.000000e+00  0.000000e+00  0.000000e+00  2.000000e-03  1.910000e-02  1.630000e-02  1.230000e-02  1.140000e-02  4.800000e-03
4.844917e+02  0.000000e+00  0.000000e+00  0.000000e+00  1.840000e-02  1.470000e-02  1.450000e-02  1.210000e-02  0.000000e+00  0.000000e+00  0.000000e+00  1.130000e-02  1.840000e-02  1.470000e-02  1.450000e-02  1.210000e-02  4.200000e-03
5.489271e+02  0.000000e+00  0.000000e+00  0.000000e+00  1.760000e-02  1.590000e-02  1.140000e-02  1.340000e-02  0.000000e+00  0.000000e+00  0.000000e+00  1.380000e-02  1.760000e-02  1.590000e-02  1.140000e-02  1.340000e-02  4.200000e-03
6.219323e+02  0.000000e+00  0.000000e+00  0.000000e+00  1.710000e-02  1.450000e-02  1.380000e-02  1.110000e-02  0.000000e+00  0.000000e+00  0.000000e+00  1.510000e-02  1.710000e-02  1.450000e-02  1.380000e-02  1.110000e-02  3.300000e-03
7.046468e+02  0.000000e+00  0.000000e+00  0.000000e+00  1.990000e-02  1.490000e-02  1.400000e-02  1.220000e-02  0.000000e+00  0.000000e+00  0.000000e+00  1.750000e-02  1.990000e-02  1.490000e-02  1.400000e-02  1.220000e-02  3.900000e-03
7.983620e+02  0.000000e+00  0.000000e+00  0.000000e+00  1.570000e-02  1.730000e-02  1.300000e-02  1.170000e-02  0.000000e+00  0.000000e+00  0.000000e+00  1.770000e-02  1.570000e-02  1.730000e-02  1.300000e-02  1.170000e-02  4.000000e-03
9.045410e+02  0.000000e+00  0.000000e+00  0.000000e+00  1.630000e-02  1.530000e-02  1.280000e-02  1.040000e-02  0.000000e+00  0.000000e+00  0.000000e+00  2.000000e-02  1.630000e-02  1.530000e-02  1.280000e-02  1.040000e-02  4.000000e-04
1.024841e+03  0.000000e+00  0.000000e+00  0.000000e+00  1.710000e-02  1.200000e-02  1.220000e-02  1.170000e-02  0.000000e+00  0.000000e+00  0.000000e+00  1.850000e-02  1.710000e-02  1.200000e-02  1.220000e-02  1.170000e-02  0.000000e+00
1.161141e+03  0.000000e+00  0.000000e+00  3.600000e-03  1.630000e-02  1.360000e-02  1.240000e-02  1.160000e-02  0.000000e+00  0.000000e+00  0.000000e+00  2.270000e-02  1.630000e-02  1.360000e-02  1.240000e-02  1.160000e-02  0.000000e+00
1.315568e+03  0.000000e+00  0.000000e+00  1.560000e-02  1.680000e-02  1.550000e-02  1.030000e-02  8.900000e-03  0.000000e+00  0.000000e+00  0.000000e+00  1.560000e-02  1.680000e-02  1.550000e-02  1.030000e-02  8.900000e-03  0.000000e+00
1.490534e+03  0.000000e+00  0.000000e+00  1.810000e-02  1.520000e-02  1.080000e-02  1.160000e-02  9.600000e-03  0.000000e+00  0.000000e+00  0.000000e+00  1.810000e-02  1.520000e-02  1.080000e-02  1.160000e-02  9.600000e-03  0.000000e+00
1.688769e+03  0.000000e+00  0.000000e+00  1.750000e-02  1.610000e-02  1.230000e-02  1.040000e-02  1.200000e-03  0.000000e+00  0.000000e+00  0.000000e+00  1.750000e-02  1.610000e-02  1.230000e-02  1.040000e-02  9.800000e-03  0.000000e+00
1.913368e+03  0.000000e+00  0.000000e+00  1.960000e-02  1.640000e-02  1.360000e-02  1.200000e-02  0.000000e+00  0.000000e+00  0.000000e+00  0.000000e+00  1.960000e-02  1.640000e-02  1.360000e-02  1.200000e-02  8.500000e-03  0.000000e+00
2.167839e+03  0.000000e+00  0.000000e+00  1.850000e-02  1.640000e-02  1.210000e-02  9.400000e-03  0.000000e+00  0.000000e+00  0.000000e+00  0.000000e+00  1.850000e-02  1.640000e-02  1.210000e-02  9.400000e-03  1.030000e-02  0.000000e+00
2.456153e+03  0.000000e+00  0.000000e+00  1.880000e-02  1.620000e-02  1.140000e-02  1.180000e-02  0.000000e+00  0.000000e+00  0.000000e+00  3.600000e-03  1.880000e-02  1.620000e-02  1.140000e-02  1.180000e-02  8.700000e-03  0.000000e+00
2.782811e+03  0.000000e+00  0.000000e+00  1.970000e-02  1.630000e-02  1.230000e-02  9.800000e-03  0.000000e+00  0.000000e+00  0.000000e+00  1.090000e-02  1.970000e-02  1.630000e-02  1.230000e-02  9.800000e-03  9.700000e-03  0.000000e+00
3.152914e+03  0.000000e+00  0.000000e+00  1.720000e-02  1.730000e-02  1.290000e-02  1.170000e-02  0.000000e+00  0.000000e+00  0.000000e+00  1.360000e-02  1.720000e-02  1.730000e-02  1.290000e-02  1.170000e-02  7.500000e-03  0.000000e+00
3.572239e+03  0.000000e+00  0.000000e+00  2.160000e-02  1.540000e-02  1.230000e-02  1.000000e-02  0.000000e+00  0.000000e+00  0.000000e+00  1.760000e-02  2.160000e-02  1.540000e-02  1.230000e-02  1.000000e-02  7.100000e-03  0.000000e+00
4.047333e+03  0.000000e+00  0.000000e+00  1.690000e-02  1.450000e-02  1.050000e-02  1.180000e-02  0.000000e+00  0.000000e+00  0.000000e+00  1.980000e-02  1.690000e-02  1.450000e-02  1.050000e-02  1.180000e-02  7.800000e-03  0.000000e+00
4.585612e+03  0.000000e+00  0.000000e+00  2.000000e-02  1.400000e-02  1.070000e-02  9.200000e-03  0.000000e+00  0.000000e+00  0.000000e+00  1.730000e-02  2.000000e-02  1.400000e-02  1.070000e-02  9.200000e-03  7.000000e-03  0.000000e+00
5.195480e+03  0.000000e+00  0.000000e+00  1.760000e-02  1.210000e-02  1.160000e-02  1.060000e-02  0.000000e+00  0.000000e+00  0.000000e+00  1.980000e-02  1.760000e-02  1.210000e-02  1.160000e-02  1.100000e-02  7.000000e-03  0.000000e+00
5.886459e+03  0.000000e+00  0.000000e+00  1.690000e-02  1.330000e-02  1.260000e-02  0.000000e+00  0.000000e+00  0.000000e+00  0.000000e+00  2.010000e-02  1.690000e-02  1.330000e-02  1.260000e-02  1.050000e-02  5.200000e-03  0.000000e+00
6.669334e+03  0.000000e+00  5.500000e-03  1.820000e-02  1.530000e-02  1.030000e-02  0.000000e+00  0.000000e+00  0.000000e+00  0.000000e+00  1.780000e-02  1.820000e-02  1.530000e-02  1.030000e-02  8.600000e-03  6.100000e-03  0.000000e+00
7.556329e+03  0.000000e+00  1.960000e-02  1.780000e-02  1.320000e-02  1.240000e-02  0.000000e+00  0.000000e+00  0.000000e+00  0.000000e+00  1.960000e-02  1.780000e-02  1.320000e-02  1.240000e-02  8.700000e-03  6.700000e-03  0.000000e+00
8.561291e+03  0.000000e+00  1.890000e-02  2.080000e-02  1.400000e-02  1.060000e-02  0.000000e+00  0.000000e+00  0.000000e+00  0.000000e+00  1.890000e-02  2.080000e-02  1.400000e-02  1.060000e-02  9.000000e-03  6.300000e-03  0.000000e+00
9.699909e+03  0.000000e+00  2.140000e-02  1.730000e-02  1.390000e-02  1.040000e-02  0.000000e+00  0.000000e+00  0.000000e+00  0.000000e+00  2.140000e-02  1.730000e-02  1.390000e-02  1.040000e-02  9.300000e-03  4.000000e-03  0.000000e+00
1.098996e+04  0.000000e+00  2.160000e-02  1.780000e-02  1.250000e-02  9.600000e-03  0.000000e+00  0.000000e+00  0.000000e+00  0.000000e+00  2.160000e-02  1.780000e-02  1.250000e-02  9.600000e-03  8.100000e-03  5.800000e-03  0.000000e+00
1.245158e+04  0.000000e+00  2.050000e-02  1.810000e-02  1.120000e-02  1.070000e-02  0.000000e+00  0.000000e+00  0.000000e+00  0.000000e+00  2.050000e-02  1.810000e-02  1.120000e-02  1.070000e-02  7.200000e-03  5.300000e-03  0.000000e+00
1.410759e+04  0.000000e+00  1.760000e-02  1.840000e-02  1.340000e-02  5.300000e-03  0.000000e+00  0.000000e+00  0.000000e+00  0.000000e+00  1.760000e-02  1.840000e-02  1.340000e-02  1.060000e-02  8.800000e-03  3.900000e-03  0.000000e+00
1.598384e+04  0.000000e+00  1.950000e-02  1.690000e-02  1.250000e-02  0.000000e+00  0.000000e+00  0.000000e+00  0.000000e+00  0.000000e+00  1.950000e-02  1.690000e-02  1.250000e-02  1.040000e-02  7.800000e-03  4.700000e-03  0.000000e+00
1.810963e+04  0.000000e+00  2.190000e-02  1.700000e-02  1.160000e-02  0.000000e+00  0.000000e+00  0.000000e+00  0.000000e+00  0.000000e+00  2.190000e-02  1.700000e-02  1.160000e-02  8.600000e-03  7.700000e-03  4.000000e-03  0.000000e+00
2.051814e+04  0.000000e+00  2.160000e-02  1.680000e-02  1.120000e-02  0.000000e+00  0.000000e+00  0.000000e+00  0.000000e+00  0.000000e+00  2.160000e-02  1.680000e-02  1.120000e-02  9.400000e-03  6.500000e-03  8.000000e-04  0.000000e+00
2.324697e+04  0.000000e+00  1.980000e-02  1.670000e-02  1.300000e-02  0.000000e+00  0.000000e+00  0.000000e+00  0.000000e+00  0.000000e+00  1.980000e-02  1.670000e-02  1.300000e-02  8.900000e-03  6.700000e-03  0.000000e+00  0.000000e+00
2.633873e+04  0.000000e+00  1.880000e-02  1.630000e-02  1.110000e-02  0.000000e+00  0.000000e+00  0.000000e+00  0.000000e+00  0.000000e+00  1.880000e-02  1.630000e-02  1.110000e-02  1.070000e-02  5.900000e-03  0.000000e+00  0.000000e+00
2.984167e+04  0.000000e+00  2.140000e-02  1.590000e-02  1.220000e-02  0.000000e+00  0.000000e+00  0.000000e+00  0.000000e+00  0.000000e+00  2.140000e-02  1.590000e-02  1.220000e-02  8.900000e-03  6.700000e-03  0.000000e+00  0.000000e+00
3.381050e+04  0.000000e+00  2.090000e-02  1.760000e-02  1.200000e-02  0.000000e+00  0.000000e+00  0.000000e+00  0.000000e+00  0.000000e+00  2.090000e-02  1.760000e-02  1.200000e-02  7.900000e-03  5.600000e-03  0.000000e+00  0.000000e+00
3.830716e+04  0.000000e+00  2.170000e-02  1.750000e-02  1.270000e-02  0.000000e+00  0.000000e+00  0.000000e+00  0.000000e+00  0.000000e+00  2.170000e-02  1.750000e-02  1.270000e-02  9.600000e-03  5.300000e-03  0.000000e+00  0.000000e+00
4.340186e+04  0.000000e+00  2.040000e-02  1.720000e-02  6.400000e-03  0.000000e+00  0.000000e+00  0.000000e+00  0.000000e+00  0.000000e+00  2.040000e-02  1.720000e-02  1.300000e-02  8.900000e-03  4.200000e-03  0.000000e+00  0.000000e+00
4.917413e+04  0.000000e+00  2.450000e-02  1.740000e-02  0.000000e+00  0.000000e+00  0.000000e+00  0.000000e+00  0.000000e+00  0.000000e+00  2.450000e-02  1.740000e-02  1.110000e-02  7.600000e-03  4.900000e-03  0.000000e+00  0.000000e+00
5.571410e+04  0.000000e+00  2.300000e-02  1.610000e-02  0.000000e+00  0.000000e+00  0.000000e+00  0.000000e+00  0.000000e+00  0.000000e+00  2.300000e-02  1.610000e-02  1.180000e-02  8.200000e-03  3.100000e-03  0.000000e+00  0.000000e+00
6.312385e+04  0.000000e+00  1.960000e-02  1.690000e-02  0.000000e+00  0.000000e+00  0.000000e+00  0.000000e+00  0.000000e+00  1.800000e-03  1.960000e-02  1.690000e-02  9.600000e-03  8.200000e-03  0.000000e+00  0.000000e+00  0.000000e+00
7.151907e+04  0.000000e+00  1.960000e-02  1.780000e-02  0.000000e+00  0.000000e+00  0.000000e+00  0.000000e+00  0.000000e+00  1.120000e-02  1.960000e-02  1.780000e-02  1.000000e-02  7.200000e-03  0.000000e+00  0.000000e+00  0.000000e+00
8.103083e+04  0.000000e+00  2.180000e-02  1.560000e-02  0.000000e+00  0.000000e+00  0.000000e+00  0.000000e+00  0.000000e+00  1.380000e-02  2.180000e-02  1.560000e-02  1.460000e-02  6.700000e-03  0.000000e+00  0.000000e+00  0.000000e+00
9.180761e+04  0.000000e+00  2.130000e-02  1.540000e-02  0.000000e+00  0.000000e+00  0.000000e+00  0.000000e+00  0.000000e+00  1.830000e-02  2.130000e-02  1.540000e-02  1.110000e-02  7.300000e-03  0.000000e+00  0.000000e+00  0.000000e+00
1.040177e+05  0.000000e+00  2.400000e-02  1.600000e-02  0.000000e+00  0.000000e+00  0.000000e+00  0.000000e+00  0.000000e+00  2.120000e-02  2.400000e-02  1.600000e-02  1.100000e-02  1.200000e-03  0.000000e+00  0.000000e+00  0.000000e+00
1.178516e+05  0.000000e+00  2.440000e-02  1.310000e-02  0.000000e+00  0.000000e+00  0.000000e+00  0.000000e+00  0.000000e+00  2.050000e-02  2.440000e-02  1.310000e-02  1.070000e-02  0.000000e+00  0.000000e+00  0.000000e+00  0.000000e+00
1.335254e+05  0.000000e+00  2.400000e-02  1.840000e-02  0.000000e+00  0.000000e+00  0.000000e+00  0.000000e+00  0.000000e+00  2.480000e-02  2.400000e-02  1.840000e-02  1.210000e-02  0.000000e+00  0.000000e+00  0.000000e+00  0.000000e+00
1.512837e+05  4.900000e-03  2.350000e-02  1.140000e-02  0.000000e+00  0.000000e+00  0.000000e+00  0.000000e+00  0.000000e+00  2.830000e-02  2.350000e-02  1.740000e-02  1.130000e-02  0.000000e+00  0.000000e+00  0.000000e+00  0.000000e+00
1.714039e+05  2.600000e-02  1.840000e-02  0.000000e+00  0.000000e+00  0.000000e+00  0.000000e+00  0.000000e+00  0.000000e+00  2.600000e-02  1.840000e-02  1.850000e-02  9.500000e-03  0.000000e+00  0.000000e+00  0.000000e+00  0.000000e+00
1.941999e+05  2.740000e-02  2.030000e-02  0.000000e+00  0.000000e+00  0.000000e+00  0.000000e+00  0.000000e+00  0.000000e+00  2.740000e-02  2.030000e-02  1.610000e-02  5.600000e-03  0.000000e+00  0.000000e+00  0.000000e+00  0.000000e+00
2.200277e+05  2.500000e-02  2.330000e-02  0.000000e+00  0.000000e+00  0.000000e+00  0.000000e+00  0.000000e+00  0.000000e+00  2.500000e-02  2.330000e-02  1.360000e-02  0.000000e+00  0.000000e+00  0.000000e+00  0.000000e+00  0.000000e+00
2.492905e+05  2.620000e-02  2.290000e-02  0.000000e+00  0.000000e+00  0.000000e+00  0.000000e+00  0.000000e+00  0.000000e+00  2.620000e-02  2.290000e-02  1.760000e-02  0.000000e+00  0.000000e+00  0.000000e+00  0.000000e+00  0.000000e+00
2.824452e+05  3.150000e-02  2.000000e-02  0.000000e+00  0.000000e+00  0.000000e+00  0.000000e+00  0.000000e+00  0.000000e+00  3.150000e-02  2.000000e-02  1.740000e-02  0.000000e+00  0.000000e+00  0.000000e+00  0.000000e+00  0.000000e+00
3.200093e+05  2.930000e-02  2.300000e-02  0.000000e+00  0.000000e+00  0.000000e+00  0.000000e+00  0.000000e+00  0.000000e+00  2.930000e-02  2.300000e-02  1.420000e-02  0.000000e+00  0.000000e+00  0.000000e+00  0.000000e+00  0.000000e+00
3.625692e+05  3.220000e-02  1.530000e-02  0.000000e+00  0.000000e+00  0.000000e+00  0.000000e+00  0.000000e+00  0.000000e+00  3.220000e-02  1.970000e-02  1.820000e-02  0.000000e+00  0.000000e+00  0.000000e+00  0.000000e+00  0.000000e+00
4.107895e+05  3.200000e-02  0.000000e+00  0.000000e+00  0.000000e+00  0.000000e+00  0.000000e+00  0.000000e+00  0.000000e+00  3.200000e-02  2.200000e-02  1.340000e-02  0.000000e+00  0.000000e+00  0.000000e+00  0.000000e+00  0.000000e+00
4.654229e+05  3.270000e-02  0.000000e+00  0.000000e+00  0.000000e+00  0.000000e+00  0.000000e+00  0.000000e+00  0.000000e+00  3.270000e-02  2.200000e-02  0.000000e+00  0.000000e+00  0.000000e+00  0.000000e+00  0.000000e+00  0.000000e+00
5.273223e+05  3.180000e-02  0.000000e+00  0.000000e+00  0.000000e+00  0.000000e+00  0.000000e+00  0.000000e+00  0.000000e+00  3.180000e-02  2.150000e-02  0.000000e+00  0.000000e+00  0.000000e+00  0.000000e+00  0.000000e+00  0.000000e+00
5.974540e+05  3.460000e-02  0.000000e+00  0.000000e+00  0.000000e+00  0.000000e+00  0.000000e+00  0.000000e+00  0.000000e+00  3.460000e-02  1.880000e-02  0.000000e+00  0.000000e+00  0.000000e+00  0.000000e+00  0.000000e+00  0.000000e+00
6.769131e+05  3.270000e-02  0.000000e+00  0.000000e+00  0.000000e+00  0.000000e+00  0.000000e+00  0.000000e+00  0.000000e+00  3.270000e-02  1.970000e-02  0.000000e+00  0.000000e+00  0.000000e+00  0.000000e+00  0.000000e+00  0.000000e+00
7.669398e+05  3.050000e-02  0.000000e+00  0.000000e+00  0.000000e+00  0.000000e+00  0.000000e+00  0.000000e+00  0.000000e+00  3.050000e-02  2.130000e-02  0.000000e+00  0.000000e+00  0.000000e+00  0.000000e+00  0.000000e+00  0.000000e+00
8.689398e+05  3.420000e-02  0.000000e+00  0.000000e+00  0.000000e+00  0.000000e+00  0.000000e+00  0.000000e+00  0.000000e+00  3.420000e-02  5.300000e-03  0.000000e+00  0.000000e+00  0.000000e+00  0.000000e+00  0.000000e+00  0.000000e+00
9.845053e+05  3.630000e-02  0.000000e+00  0.000000e+00  0.000000e+00  0.000000e+00  0.000000e+00  0.000000e+00  0.000000e+00  3.630000e-02  0.000000e+00  0.000000e+00  0.000000e+00  0.000000e+00  0.000000e+00  0.000000e+00  0.000000e+00
1.115441e+06  3.370000e-02  0.000000e+00  0.000000e+00  0.000000e+00  0.000000e+00  0.000000e+00  0.000000e+00  0.000000e+00  3.370000e-02  0.000000e+00  0.000000e+00  0.000000e+00  0.000000e+00  0.000000e+00  0.000000e+00  0.000000e+00
1.263790e+06  3.270000e-02  0.000000e+00  0.000000e+00  0.000000e+00  0.000000e+00  0.000000e+00  0.000000e+00  0.000000e+00  3.270000e-02  0.000000e+00  0.000000e+00  0.000000e+00  0.000000e+00  0.000000e+00  0.000000e+00  0.000000e+00
1.431869e+06  3.130000e-02  0.000000e+00  0.000000e+00  0.000000e+00  0.000000e+00  0.000000e+00  0.000000e+00  0.000000e+00  3.130000e-02  0.000000e+00  0.000000e+00  0.000000e+00  0.000000e+00  0.000000e+00  0.000000e+00  0.000000e+00
1.622302e+06  3.440000e-02  0.000000e+00  0.000000e+00  0.000000e+00  0.000000e+00  0.000000e+00  0.000000e+00  0.000000e+00  3.440000e-02  0.000000e+00  0.000000e+00  0.000000e+00  0.000000e+00  0.000000e+00  0.000000e+00  0.000000e+00
1.838061e+06  3.480000e-02  0.000000e+00  0.000000e+00  0.000000e+00  0.000000e+00  0.000000e+00  0.000000e+00  0.000000e+00  3.480000e-02  0.000000e+00  0.000000e+00  0.000000e+00  0.000000e+00  0.000000e+00  0.000000e+00  0.000000e+00
2.082516e+06  2.820000e-02  0.000000e+00  0.000000e+00  0.000000e+00  0.000000e+00  0.000000e+00  0.000000e+00  0.000000e+00  2.820000e-02  0.000000e+00  0.000000e+00  0.000000e+00  0.000000e+00  0.000000e+00  0.000000e+00  0.000000e+00
2.359483e+06  1.760000e-02  0.000000e+00  0.000000e+00  0.000000e+00  0.000000e+00  0.000000e+00  0.000000e+00  0.000000e+00  3.050000e-02  0.000000e+00  0.000000e+00  0.000000e+00  0.000000e+00  0.000000e+00  0.000000e+00  0.000000e+00
2.673284e+06  0.000000e+00  0.000000e+00  0.000000e+00  0.000000e+00  0.000000e+00  0.000000e+00  0.000000e+00  0.000000e+00  2.680000e-02  0.000000e+00  0.000000e+00  0.000000e+00  0.000000e+00  0.000000e+00  0.000000e+00  0.000000e+00
3.028821e+06  0.000000e+00  0.000000e+00  0.000000e+00  0.000000e+00  0.000000e+00  0.000000e+00  0.000000e+00  0.000000e+00  2.630000e-02  0.000000e+00  0.000000e+00  0.000000e+00  0.000000e+00  0.000000e+00  0.000000e+00  0.000000e+00
3.431642e+06  0.000000e+00  0.000000e+00  0.000000e+00  0.000000e+00  0.000000e+00  0.000000e+00  0.000000e+00  0.000000e+00  2.760000e-02  0.000000e+00  0.000000e+00  0.000000e+00  0.000000e+00  0.000000e+00  0.000000e+00  0.000000e+00
3.888037e+06  0.000000e+00  0.000000e+00  0.000000e+00  0.000000e+00  0.000000e+00  0.000000e+00  0.000000e+00  0.000000e+00  2.320000e-02  0.000000e+00  0.000000e+00  0.000000e+00  0.000000e+00  0.000000e+00  0.000000e+00  0.000000e+00
4.405130e+06  0.000000e+00  0.000000e+00  0.000000e+00  0.000000e+00  0.000000e+00  0.000000e+00  0.000000e+00  0.000000e+00  1.820000e-02  0.000000e+00  0.000000e+00  0.000000e+00  0.000000e+00  0.000000e+00  0.000000e+00  0.000000e+00
