1.138787e-01  0.000000e+00  0.000000e+00  0.000000e+00  0.000000e+00  0.000000e+00  0.000000e+00  0.000000e+00  0.000000e+00  0.000000e+00  0.000000e+00  0.000000e+00  0.000000e+00  0.000000e+00  0.000000e+00  0.000000e+00  9.400000e-03
1.353349e-01  0.000000e+00  0.000000e+00  0.000000e+00  0.000000e+00  0.000000e+00  0.000000e+00  0.000000e+00  0.000000e+00  0.000000e+00  0.000000e+00  0.000000e+00  0.000000e+00  0.000000e+00  0.000000e+00  0.000000e+00  1.330000e-02
1.608338e-01  0.000000e+00  0.000000e+00  0.000000e+00  0.000000e+00  0.000000e+00  0.000000e+00  0.000000e+00  0.000000e+00  0.000000e+00  0.000000e+00  0.000000e+00  0.000000e+00  0.000000e+00  0.000000e+00  0.000000e+00  1.410000e-02
1.911370e-01  0.000000e+00  0.000000e+00  0.000000e+00  0.000000e+00  0.000000e+00  0.000000e+00  0.000000e+00  0.000000e+00  0.000000e+00  0.000000e+00  0.000000e+00  0.000000e+00  0.000000e+00  0.000000e+00  0.000000e+00  1.700000e-02
2.271498e-01  0.000000e+00  0.000000e+00  0.000000e+00  0.000000e+00  0.000000e+00  0.000000e+00  0.000000e+00  0.000000e+00  0.000000e+00  0.000000e+00  0.000000e+00  0.000000e+00  0.000000e+00  0.000000e+00  0.000000e+00  1.890000e-02
2.699478e-01  0.000000e+00  0.000000e+00  0.000000e+00  0.000000e+00  0.000000e+00  0.000000e+00  0.000000e+00  0.000000e+00  0.000000e+00  0.000000e+00  0.000000e+00  0.000000e+00  0.000000e+00  0.000000e+00  0.000000e+00  1.590000e-02
3.208095e-01  0.000000e+00  0.000000e+00  0.000000e+00  0.000000e+00  0.000000e+00  0.000000e+00  0.000000e+00  0.000000e+00  0.000000e+00  0.000000e+00  0.000000e+00  0.000000e+00  0.000000e+00  0.000000e+00  0.000000e+00  1.950000e-02
3.812542e-01  0.000000e+00  0.000000e+00  0.000000e+00  0.000000e+00  0.000000e+00  0.000000e+00  0.000000e+00  0.000000e+00  0.000000e+00  0.000000e+00  0.000000e+00  0.000000e+00  0.000000e+00  0.000000e+00  0.000000e+00  1.840000e-02
4.530875e-01  0.000000e+00  0.000000e+00  0.000000e+00  0.000000e+00  0.000000e+00  0.000000e+00  0.000000e+00  1.160000e-02  0.000000e+00  0.000000e+00  0.000000e+00  0.000000e+00  0.000000e+00  0.000000e+00  0.000000e+00  2.010000e-02
5.384552e-01  0.000000e+00  0.000000e+00  0.000000e+00  0.000000e+00  0.000000e+00  0.000000e+00  0.000000e+00  1.940000e-02  0.000000e+00  0.000000e+00  0.000000e+00  0.000000e+00  0.000000e+00  0.000000e+00  0.000000e+00  1.940000e-02
6.399072e-01  0.000000e+00  0.000000e+00  0.000000e+00  0.000000e+00  0.000000e+00  0.000000e+00  0.000000e+00  2.140000e-02  0.000000e+00  0.000000e+00  0.000000e+00  0.000000e+00  0.000000e+00  0.000000e+00  0.000000e+00  2.140000e-02
7.604742e-01  0.000000e+00  0.000000e+00  0.000000e+00  0.000000e+00  0.000000e+00  0.000000e+00  0.000000e+00  1.990000e-02  0.000000e+00  0.000000e+00  0.000000e+00  0.000000e+00  0.000000e+00  0.000000e+00  0.000000e+00  1.990000e-02
9.037575e-01  0.000000e+00  0.000000e+00  0.000000e+00  0.000000e+00  0.000000e+00  0.000000e+00  0.000000e+00  2.340000e-02  0.000000e+00  0.000000e+00  0.000000e+00  0.000000e+00  0.000000e+00  0.000000e+00  0.000000e+00  2.340000e-02
1.074037e+00  0.000000e+00  0.000000e+00  0.000000e+00  0.000000e+00  0.000000e+00  0.000000e+00  0.000000e+00  2.270000e-02  0.000000e+00  0.000000e+00  0.000000e+00  0.000000e+00  0.000000e+00  0.000000e+00  0.000000e+00  2.270000e-02
1.276400e+00  0.000000e+00  0.000000e+00  0.000000e+00  0.000000e+00  0.000000e+00  0.000000e+00  0.000000e+00  2.070000e-02  0.000000e+00  0.000000e+00  0.000000e+00  0.000000e+00  0.000000e+00  0.000000e+00  0.000000e+00  2.070000e-02
1.516891e+00  0.000000e+00  0.000000e+00  0.000000e+00  0.000000e+00  0.000000e+00  0.000000e+00  0.000000e+00  2.380000e-02  0.000000e+00  0.000000e+00  0.000000e+00  0.000000e+00  0.000000e+00  0.000000e+00  0.000000e+00  2.380000e-02
1.802693e+00  0.000000e+00  0.000000e+00  0.000000e+00  0.000000e+00  0.000000e+00  0.000000e+00  0.000000e+00  2.270000e-02  0.000000e+00  0.000000e+00  0.000000e+00  0.000000e+00  0.000000e+00  0.000000e+00  0.000000e+00  2.270000e-02
2.142344e+00  0.000000e+00  0.000000e+00  0.000000e+00  0.000000e+00  0.000000e+00  0.000000e+00  0.000000e+00  1.890000e-02  0.000000e+00  0.000000e+00  0.000000e+00  0.000000e+00  0.000000e+00  0.000000e+00  0.000000e+00  1.890000e-02
2.545990e+00  0.000000e+00  0.000000e+00  0.000000e+00  0.000000e+00  0.000000e+00  0.000000e+00  0.000000e+00  2.140000e-02  0.000000e+00  0.000000e+00  0.000000e+00  0.000000e+00  0.000000e+00  0.000000e+00  0.000000e+00  2.140000e-02
3.025688e+00  0.000000e+00  0.000000e+00  0.000000e+00  0.000000e+00  0.000000e+00  0.000000e+00  0.000000e+00  1.950000e-02  0.000000e+00  0.000000e+00  0.000000e+00  0.000000e+00  0.000000e+00  0.000000e+00  0.000000e+00  1.950000e-02
3.595767e+00  0.000000e+00  0.000000e+00  0.000000e+00  0.000000e+00  0.000000e+00  0.000000e+00  0.000000e+00  2.220000e-02  0.000000e+00  0.000000e+00  0.000000e+00  0.000000e+00  0.000000e+00  0.000000e+00  0.000000e+00  2.220000e-02
4.273257e+00  0.000000e+00  0.000000e+00  0.000000e+00  0.000000e+00  0.000000e+00  0.000000e+00  0.000000e+00  2.190000e-02  0.000000e+00  0.000000e+00  0.000000e+00  0.000000e+00  0.000000e+00  0.000000e+00  0.000000e+00  2.190000e-02
5.078395e+00  0.000000e+00  0.000000e+00  0.000000e+00  0.000000e+00  0.000000e+00  0.000000e+00  0.000000e+00  2.130000e-02  0.000000e+00  0.000000e+00  0.000000e+00  0.000000e+00  0.000000e+00  0.000000e+00  0.000000e+00  2.130000e-02
6.035232e+00  0.000000e+00  0.000000e+00  0.000000e+00  0.000000e+00  0.000000e+00  0.000000e+00  0.000000e+00  2.020000e-02  0.000000e+00  0.000000e+00  0.000000e+00  0.000000e+00  0.000000e+00  0.000000e+00  0.000000e+00  2.020000e-02
7.172349e+00  0.000000e+00  0.000000e+00  0.000000e+00  0.000000e+00  0.000000e+00  0.000000e+00  0.000000e+00  2.300000e-02  0.000000e+00  0.000000e+00  0.000000e+00  0.000000e+00  0.000000e+00  0.000000e+00  0.000000e+00  2.300000e-02
8.523714e+00  0.000000e+00  0.000000e+00  0.000000e+00  0.000000e+00  0.000000e+00  0.000000e+00  0.000000e+00  2.110000e-02  0.000000e+00  0.000000e+00  0.000000e+00  0.000000e+00  0.000000e+00  0.000000e+00  0.000000e+00  2.110000e-02
1.012969e+01  0.000000e+00  0.000000e+00  0.000000e+00  0.000000e+00  0.000000e+00  0.000000e+00  0.000000e+00  1.850000e-02  0.000000e+00  0.000000e+00  0.000000e+00  0.000000e+00  0.000000e+00  0.000000e+00  0.000000e+00  1.850000e-02
1.203826e+01  0.000000e+00  0.000000e+00  0.000000e+00  0.000000e+00  0.000000e+00  0.000000e+00  0.000000e+00  1.720000e-02  0.000000e+00  0.000000e+00  0.000000e+00  0.000000e+00  0.000000e+00  0.000000e+00  0.000000e+00  1.720000e-02
1.430643e+01  0.000000e+00  0.000000e+00  0.000000e+00  0.000000e+00  0.000000e+00  0.000000e+00  0.000000e+00  1.840000e-02  0.000000e+00  0.000000e+00  0.000000e+00  0.000000e+00  0.000000e+00  0.000000e+00  0.000000e+00  1.840000e-02
1.700195e+01  0.000000e+00  0.000000e+00  0.000000e+00  0.000000e+00  0.000000e+00  0.000000e+00  0.000000e+00  1.860000e-02  0.000000e+00  0.000000e+00  0.000000e+00  0.000000e+00  0.000000e+00  0.000000e+00  0.000000e+00  1.860000e-02
2.020534e+01  0.000000e+00  0.000000e+00  0.000000e+00  0.000000e+00  0.000000e+00  0.000000e+00  0.000000e+00  1.760000e-02  0.000000e+00  0.000000e+00  0.000000e+00  0.000000e+00  0.000000e+00  0.000000e+00  0.000000e+00  1.760000e-02
2.401229e+01  0.000000e+00  0.000000e+00  0.000000e+00  0.000000e+00  0.000000e+00  0.000000e+00  0.000000e+00  1.740000e-02  0.000000e+00  0.000000e+00  0.000000e+00  0.000000e+00  0.000000e+00  0.000000e+00  0.000000e+00  1.740000e-02
2.853652e+01  0.000000e+00  0.000000e+00  0.000000e+00  0.000000e+00  0.000000e+00  0.000000e+00  0.000000e+00  1.740000e-02  0.000000e+00  0.000000e+00  0.000000e+00  0.000000e+00  0.000000e+00  0.000000e+00  0.000000e+00  1.740000e-02
3.391318e+01  0.000000e+00  0.000000e+00  0.000000e+00  0.000000e+00  0.000000e+00  0.000000e+00  0.000000e+00  1.680000e-02  0.000000e+00  0.000000e+00  0.000000e+00  0.000000e+00  0.000000e+00  0.000000e+00  0.000000e+00  1.680000e-02
4.030287e+01  0.000000e+00  0.000000e+00  0.000000e+00  0.000000e+00  0.000000e+00  0.000000e+00  0.000000e+00  1.520000e-02  0.000000e+00  0.000000e+00  0.000000e+00  0.000000e+00  0.000000e+00  0.000000e+00  0.000000e+00  1.520000e-02
4.789646e+01  0.000000e+00  0.000000e+00  0.000000e+00  0.000000e+00  0.000000e+00  0.000000e+00  0.000000e+00  1.460000e-02  0.000000e+00  0.000000e+00  0.000000e+00  0.000000e+00  0.000000e+00  0.000000e+00  0.000000e+00  1.460000e-02
5.692079e+01  0.000000e+00  0.000000e+00  0.000000e+00  0.000000e+00  0.000000e+00  0.000000e+00  0.000000e+00  1.570000e-02  0.000000e+00  0.000000e+00  0.000000e+00  0.000000e+00  0.000000e+00  0.000000e+00  0.000000e+00  1.570000e-02
6.764542e+01  0.000000e+00  0.000000e+00  0.000000e+00  0.000000e+00  0.000000e+00  0.000000e+00  0.000000e+00  1.550000e-02  0.000000e+00  0.000000e+00  0.000000e+00  0.000000e+00  0.000000e+00  1.740000e-02  1.740000e-02  1.550000e-02
8.039070e+01  0.000000e+00  0.000000e+00  0.000000e+00  0.000000e+00  0.000000e+00  0.000000e+00  0.000000e+00  1.440000e-02  0.000000e+00  0.000000e+00  0.000000e+00  0.000000e+00  0.000000e+00  2.550000e-02  2.550000e-02  1.440000e-02
9.553737e+01  0.000000e+00  0.000000e+00  0.000000e+00  0.000000e+00  0.000000e+00  0.000000e+00  0.000000e+00  1.210000e-02  0.000000e+00  0.000000e+00  0.000000e+00  0.000000e+00  0.000000e+00  2.610000e-02  2.610000e-02  1.210000e-02
1.135379e+02  0.000000e+00  0.000000e+00  0.000000e+00  0.000000e+00  0.000000e+00  0.000000e+00  0.000000e+00  1.100000e-02  0.000000e+00  0.000000e+00  0.000000e+00  0.000000e+00  1.500000e-03  2.640000e-02  2.640000e-02  1.100000e-02
1.349299e+02  0.000000e+00  0.000000e+00  0.000000e+00  0.000000e+00  0.000000e+00  0.000000e+00  0.000000e+00  1.260000e-02  0.000000e+00  0.000000e+00  0.000000e+00  0.000000e+00  1.230000e-02  2.960000e-02  2.960000e-02  1.260000e-02
1.603525e+02  0.000000e+00  0.000000e+00  0.000000e+00  0.000000e+00  0.000000e+00  1.900000e-02  1.900000e-02  1.250000e-02  0.000000e+00  0.000000e+00  0.000000e+00  0.000000e+00  1.460000e-02  2.900000e-02  2.900000e-02  1.250000e-02
1.905650e+02  0.000000e+00  0.000000e+00  0.000000e+00  0.000000e+00  0.000000e+00  2.600000e-02  2.600000e-02  1.120000e-02  0.000000e+00  0.000000e+00  0.000000e+00  0.000000e+00  1.920000e-02  2.600000e-02  2.600000e-02  1.120000e-02
2.264699e+02  0.000000e+00  0.000000e+00  0.000000e+00  0.000000e+00  0.000000e+00  2.750000e-02  2.750000e-02  1.040000e-02  0.000000e+00  0.000000e+00  0.000000e+00  0.000000e+00  2.040000e-02  2.750000e-02  2.750000e-02  1.040000e-02
2.691399e+02  0.000000e+00  0.000000e+00  0.000000e+00  0.000000e+00  0.000000e+00  2.910000e-02  2.910000e-02  1.050000e-02  0.000000e+00  0.000000e+00  0.000000e+00  0.000000e+00  2.730000e-02  2.910000e-02  2.910000e-02  1.050000e-02
3.198494e+02  0.000000e+00  0.000000e+00  0.000000e+00  0.000000e+00  0.000000e+00  2.490000e-02  2.490000e-02  7.300000e-03  0.000000e+00  0.000000e+00  0.000000e+00  0.000000e+00  2.330000e-02  2.490000e-02  2.490000e-02  1.050000e-02
3.801132e+02  0.000000e+00  0.000000e+00  0.000000e+00  0.000000e+00  8.400000e-03  2.250000e-02  2.250000e-02  0.000000e+00  0.000000e+00  0.000000e+00  0.000000e+00  0.000000e+00  2.480000e-02  2.250000e-02  2.250000e-02  7.600000e-03
4.517315e+02  0.000000e+00  0.000000e+00  0.000000e+00  0.000000e+00  2.790000e-02  2.390000e-02  2.390000e-02  0.000000e+00  0.000000e+00  0.000000e+00  0.000000e+00  0.000000e+00  2.790000e-02  2.390000e-02  2.390000e-02  8.700000e-03
5.368437e+02  0.000000e+00  0.000000e+00  0.000000e+00  0.000000e+00  2.880000e-02  2.350000e-02  2.350000e-02  0.000000e+00  0.000000e+00  0.000000e+00  0.000000e+00  0.000000e+00  2.880000e-02  2.350000e-02  2.350000e-02  9.900000e-03
6.379921e+02  0.000000e+00  0.000000e+00  0.000000e+00  0.000000e+00  2.500000e-02  2.270000e-02  2.270000e-02  0.000000e+00  0.000000e+00  0.000000e+00  0.000000e+00  0.000000e+00  2.500000e-02  2.270000e-02  2.270000e-02  7.900000e-03
7.581982e+02  0.000000e+00  0.000000e+00  0.000000e+00  0.000000e+00  2.300000e-02  2.110000e-02  2.110000e-02  0.000000e+00  0.000000e+00  0.000000e+00  0.000000e+00  0.000000e+00  2.300000e-02  2.110000e-02  2.110000e-02  7.400000e-03
9.010528e+02  0.000000e+00  0.000000e+00  0.000000e+00  0.000000e+00  2.360000e-02  2.160000e-02  2.160000e-02  0.000000e+00  0.000000e+00  0.000000e+00  0.000000e+00  7.700000e-03  2.360000e-02  2.160000e-02  2.160000e-02  9.100000e-03
1.070823e+03  0.000000e+00  0.000000e+00  0.000000e+00  0.000000e+00  2.340000e-02  2.310000e-02  2.310000e-02  0.000000e+00  0.000000e+00  0.000000e+00  0.000000e+00  1.220000e-02  2.340000e-02  2.310000e-02  2.310000e-02  7.300000e-03
1.272580e+03  0.000000e+00  0.000000e+00  0.000000e+00  0.000000e+00  2.640000e-02  2.210000e-02  2.210000e-02  0.000000e+00  0.000000e+00  0.000000e+00  0.000000e+00  1.790000e-02  2.640000e-02  2.210000e-02  2.210000e-02  6.900000e-03
1.512351e+03  0.000000e+00  0.000000e+00  0.000000e+00  0.000000e+00  2.200000e-02  1.930000e-02  1.930000e-02  0.000000e+00  0.000000e+00  0.000000e+00  0.000000e+00  2.000000e-02  2.200000e-02  1.930000e-02  1.930000e-02  7.800000e-03
1.797298e+03  0.000000e+00  0.000000e+00  0.000000e+00  0.000000e+00  2.400000e-02  1.960000e-02  1.960000e-02  0.000000e+00  0.000000e+00  0.000000e+00  0.000000e+00  2.350000e-02  2.400000e-02  1.960000e-02  1.960000e-02  6.800000e-03
2.135932e+03  0.000000e+00  0.000000e+00  0.000000e+00  0.000000e+00  2.090000e-02  2.070000e-02  2.070000e-02  0.000000e+00  0.000000e+00  0.000000e+00  0.000000e+00  2.750000e-02  2.090000e-02  2.070000e-02  2.070000e-02  6.300000e-03
2.538370e+03  0.000000e+00  0.000000e+00  0.000000e+00  0.000000e+00  2.200000e-02  2.010000e-02  2.010000e-02  0.000000e+00  0.000000e+00  0.000000e+00  0.000000e+00  2.460000e-02  2.200000e-02  2.010000e-02  2.010000e-02  6.900000e-03
3.016633e+03  0.000000e+00  0.000000e+00  0.000000e+00  2.420000e-02  2.030000e-02  2.180000e-02  2.180000e-02  0.000000e+00  0.000000e+00  0.000000e+00  0.000000e+00  2.580000e-02  2.030000e-02  2.180000e-02  2.180000e-02  8.400000e-03
3.585006e+03  0.000000e+00  0.000000e+00  0.000000e+00  2.760000e-02  2.150000e-02  2.050000e-02  2.050000e-02  0.000000e+00  0.000000e+00  0.000000e+00  0.000000e+00  2.760000e-02  2.150000e-02  2.050000e-02  2.050000e-02  5.100000e-03
4.260468e+03  0.000000e+00  0.000000e+00  0.000000e+00  2.810000e-02  2.160000e-02  1.760000e-02  1.760000e-02  0.000000e+00  0.000000e+00  0.000000e+00  0.000000e+00  2.810000e-02  2.160000e-02  1.760000e-02  1.760000e-02  6.100000e-03
5.063197e+03  0.000000e+00  0.000000e+00  0.000000e+00  2.590000e-02  1.960000e-02  1.660000e-02  1.660000e-02  0.000000e+00  0.000000e+00  0.000000e+00  0.000000e+00  2.590000e-02  1.960000e-02  1.660000e-02  1.660000e-02  7.500000e-03
6.017170e+03  0.000000e+00  0.000000e+00  0.000000e+00  2.280000e-02  2.110000e-02  1.700000e-02  1.700000e-02  0.000000e+00  0.000000e+00  0.000000e+00  0.000000e+00  2.280000e-02  2.110000e-02  1.700000e-02  1.700000e-02  6.100000e-03
7.150884e+03  0.000000e+00  0.000000e+00  0.000000e+00  2.760000e-02  1.730000e-02  1.610000e-02  1.610000e-02  0.000000e+00  0.000000e+00  0.000000e+00  0.000000e+00  2.760000e-02  1.730000e-02  1.610000e-02  1.610000e-02  5.700000e-03
8.498204e+03  0.000000e+00  0.000000e+00  0.000000e+00  2.380000e-02  1.980000e-02  1.510000e-02  1.510000e-02  0.000000e+00  0.000000e+00  0.000000e+00  0.000000e+00  2.380000e-02  1.980000e-02  1.510000e-02  1.510000e-02  3.000000e-04
1.009938e+04  0.000000e+00  0.000000e+00  0.000000e+00  2.300000e-02  2.170000e-02  1.510000e-02  1.510000e-02  0.000000e+00  0.000000e+00  0.000000e+00  9.700000e-03  2.300000e-02  2.170000e-02  1.510000e-02  1.510000e-02  0.000000e+00
1.200223e+04  0.000000e+00  0.000000e+00  0.000000e+00  2.270000e-02  1.850000e-02  1.620000e-02  1.620000e-02  0.000000e+00  0.000000e+00  0.000000e+00  1.320000e-02  2.270000e-02  1.850000e-02  1.620000e-02  1.620000e-02  0.000000e+00
1.426361e+04  0.000000e+00  0.000000e+00  0.000000e+00  2.010000e-02  1.610000e-02  1.620000e-02  1.620000e-02  0.000000e+00  0.000000e+00  0.000000e+00  1.950000e-02  2.010000e-02  1.610000e-02  1.620000e-02  1.620000e-02  0.000000e+00
1.695107e+04  0.000000e+00  0.000000e+00  0.000000e+00  2.100000e-02  1.580000e-02  1.270000e-02  1.270000e-02  0.000000e+00  0.000000e+00  0.000000e+00  2.340000e-02  2.100000e-02  1.580000e-02  1.270000e-02  1.270000e-02  0.000000e+00
2.014487e+04  0.000000e+00  0.000000e+00  0.000000e+00  2.150000e-02  1.630000e-02  1.450000e-02  1.450000e-02  0.000000e+00  0.000000e+00  0.000000e+00  2.560000e-02  2.150000e-02  1.630000e-02  1.450000e-02  1.450000e-02  0.000000e+00
2.394043e+04  0.000000e+00  0.000000e+00  0.000000e+00  2.470000e-02  1.560000e-02  1.400000e-02  1.400000e-02  0.000000e+00  0.000000e+00  0.000000e+00  2.340000e-02  2.470000e-02  1.560000e-02  1.400000e-02  1.400000e-02  0.000000e+00
2.845112e+04  0.000000e+00  0.000000e+00  7.800000e-03  2.250000e-02  1.620000e-02  1.460000e-02  1.460000e-02  0.000000e+00  0.000000e+00  0.000000e+00  2.800000e-02  2.250000e-02  1.620000e-02  1.460000e-02  1.460000e-02  0.000000e+00
3.381169e+04  0.000000e+00  0.000000e+00  2.890000e-02  1.960000e-02  1.460000e-02  1.020000e-02  1.020000e-02  0.000000e+00  0.000000e+00  0.000000e+00  2.890000e-02  1.960000e-02  1.460000e-02  1.020000e-02  1.020000e-02  0.000000e+00
4.018225e+04  0.000000e+00  0.000000e+00  2.730000e-02  2.210000e-02  1.500000e-02  1.110000e-02  1.110000e-02  0.000000e+00  0.000000e+00  0.000000e+00  2.730000e-02  2.210000e-02  1.500000e-02  1.110000e-02  1.110000e-02  0.000000e+00
4.775312e+04  0.000000e+00  0.000000e+00  2.480000e-02  1.920000e-02  1.300000e-02  1.200000e-02  1.200000e-02  0.000000e+00  0.000000e+00  0.000000e+00  2.480000e-02  1.920000e-02  1.300000e-02  1.200000e-02  1.200000e-02  0.000000e+00
5.675044e+04  0.000000e+00  0.000000e+00  2.530000e-02  2.200000e-02  1.380000e-02  1.230000e-02  1.230000e-02  0.000000e+00  0.000000e+00  0.000000e+00  2.530000e-02  2.200000e-02  1.380000e-02  1.230000e-02  1.230000e-02  0.000000e+00
6.744297e+04  0.000000e+00  0.000000e+00  2.440000e-02  1.990000e-02  1.340000e-02  9.300000e-03  9.300000e-03  0.000000e+00  0.000000e+00  8.800000e-03  2.440000e-02  1.990000e-02  1.340000e-02  9.300000e-03  9.300000e-03  0.000000e+00
8.015011e+04  0.000000e+00  0.000000e+00  2.740000e-02  1.920000e-02  1.370000e-02  9.200000e-03  9.200000e-03  0.000000e+00  0.000000e+00  1.410000e-02  2.740000e-02  1.920000e-02  1.370000e-02  9.200000e-03  9.200000e-03  0.000000e+00
9.525144e+04  0.000000e+00  0.000000e+00  2.370000e-02  1.660000e-02  1.100000e-02  1.200000e-03  1.200000e-03  0.000000e+00  0.000000e+00  1.880000e-02  2.370000e-02  1.660000e-02  1.100000e-02  1.090000e-02  1.090000e-02  0.000000e+00
1.131981e+05  0.000000e+00  0.000000e+00  2.370000e-02  1.840000e-02  9.800000e-03  0.000000e+00  0.000000e+00  0.000000e+00  0.000000e+00  2.520000e-02  2.370000e-02  1.840000e-02  9.800000e-03  7.600000e-03  7.600000e-03  0.000000e+00
1.345261e+05  0.000000e+00  0.000000e+00  2.250000e-02  1.630000e-02  1.200000e-02  0.000000e+00  0.000000e+00  0.000000e+00  0.000000e+00  2.480000e-02  2.250000e-02  1.630000e-02  1.200000e-02  8.700000e-03  8.700000e-03  0.000000e+00
1.598726e+05  0.000000e+00  0.000000e+00  2.270000e-02  1.690000e-02  1.080000e-02  0.000000e+00  0.000000e+00  0.000000e+00  0.000000e+00  2.760000e-02  2.270000e-02  1.690000e-02  1.080000e-02  7.800000e-03  7.800000e-03  0.000000e+00
1.899947e+05  0.000000e+00  9.700000e-03  2.410000e-02  1.720000e-02  1.070000e-02  0.000000e+00  0.000000e+00  0.000000e+00  0.000000e+00  2.540000e-02  2.410000e-02  1.720000e-02  1.070000e-02  8.200000e-03  8.200000e-03  0.000000e+00
2.257922e+05  0.000000e+00  2.690000e-02  2.230000e-02  1.630000e-02  5.400000e-03  0.000000e+00  0.000000e+00  0.000000e+00  0.000000e+00  2.690000e-02  2.230000e-02  1.630000e-02  1.010000e-02  7.400000e-03  7.400000e-03  0.000000e+00
2.683344e+05  0.000000e+00  2.900000e-02  2.300000e-02  1.370000e-02  0.000000e+00  0.000000e+00  0.000000e+00  0.000000e+00  0.000000e+00  2.900000e-02  2.300000e-02  1.370000e-02  9.100000e-03  6.800000e-03  6.800000e-03  0.000000e+00
3.188921e+05  0.000000e+00  2.520000e-02  2.250000e-02  1.430000e-02  0.000000e+00  0.000000e+00  0.000000e+00  0.000000e+00  0.000000e+00  2.520000e-02  2.250000e-02  1.430000e-02  1.120000e-02  8.100000e-03  8.100000e-03  0.000000e+00
3.789756e+05  0.000000e+00  2.430000e-02  2.310000e-02  1.480000e-02  0.000000e+00  0.000000e+00  0.000000e+00  0.000000e+00  0.000000e+00  2.430000e-02  2.310000e-02  1.480000e-02  8.400000e-03  6.900000e-03  6.900000e-03  0.000000e+00
4.503796e+05  0.000000e+00  2.950000e-02  2.380000e-02  1.420000e-02  0.000000e+00  0.000000e+00  0.000000e+00  0.000000e+00  0.000000e+00  2.950000e-02  2.380000e-02  1.420000e-02  1.160000e-02  9.400000e-03  9.400000e-03  0.000000e+00
5.352370e+05  0.000000e+00  2.540000e-02  1.990000e-02  1.410000e-02  0.000000e+00  0.000000e+00  0.000000e+00  0.000000e+00  0.000000e+00  2.540000e-02  1.990000e-02  1.410000e-02  7.900000e-03  6.300000e-03  6.300000e-03  0.000000e+00
6.360827e+05  0.000000e+00  2.550000e-02  2.340000e-02  1.150000e-02  0.000000e+00  0.000000e+00  0.000000e+00  0.000000e+00  0.000000e+00  2.550000e-02  2.340000e-02  1.150000e-02  7.800000e-03  6.800000e-03  6.800000e-03  0.000000e+00
7.559291e+05  0.000000e+00  2.510000e-02  2.060000e-02  1.410000e-02  0.000000e+00  0.000000e+00  0.000000e+00  0.000000e+00  0.000000e+00  2.510000e-02  2.060000e-02  1.410000e-02  7.800000e-03  8.000000e-03  8.000000e-03  0.000000e+00
8.983561e+05  0.000000e+00  2.530000e-02  1.970000e-02  1.340000e-02  0.000000e+00  0.000000e+00  0.000000e+00  0.000000e+00  0.000000e+00  2.530000e-02  1.970000e-02  1.340000e-02  7.700000e-03  7.200000e-03  7.200000e-03  0.000000e+00
1.067618e+06  0.000000e+00  2.490000e-02  1.850000e-02  1.070000e-02  0.000000e+00  0.000000e+00  0.000000e+00  0.000000e+00  0.000000e+00  2.490000e-02  1.850000e-02  1.140000e-02  9.200000e-03  7.700000e-03  7.700000e-03  0.000000e+00
1.268772e+06  0.000000e+00  2.250000e-02  1.980000e-02  0.000000e+00  0.000000e+00  0.000000e+00  0.000000e+00  0.000000e+00  0.000000e+00  2.250000e-02  1.980000e-02  9.600000e-03  8.100000e-03  5.700000e-03  5.700000e-03  0.000000e+00
1.507825e+06  0.000000e+00  2.570000e-02  2.000000e-02  0.000000e+00  0.000000e+00  0.000000e+00  0.000000e+00  0.000000e+00  0.000000e+00  2.570000e-02  2.000000e-02  1.380000e-02  5.500000e-03  8.400000e-03  8.400000e-03  0.000000e+00
1.791919e+06  0.000000e+00  2.460000e-02  1.900000e-02  0.000000e+00  0.000000e+00  0.000000e+00  0.000000e+00  0.000000e+00  0.000000e+00  2.460000e-02  1.900000e-02  1.000000e-02  6.500000e-03  4.300000e-03  4.300000e-03  0.000000e+00
2.129540e+06  0.000000e+00  2.420000e-02  1.740000e-02  0.000000e+00  0.000000e+00  0.000000e+00  0.000000e+00  0.000000e+00  0.000000e+00  2.420000e-02  1.740000e-02  1.240000e-02  6.200000e-03  0.000000e+00  0.000000e+00  0.000000e+00
2.530773e+06  0.000000e+00  2.130000e-02  1.720000e-02  0.000000e+00  0.000000e+00  0.000000e+00  0.000000e+00  0.000000e+00  0.000000e+00  2.130000e-02  1.720000e-02  1.070000e-02  6.900000e-03  0.000000e+00  0.000000e+00  0.000000e+00
3.007604e+06  0.000000e+00  2.430000e-02  1.510000e-02  0.000000e+00  0.000000e+00  0.000000e+00  0.000000e+00  0.000000e+00  7.200000e-03  2.430000e-02  1.510000e-02  1.060000e-02  6.800000e-03  0.000000e+00  0.000000e+00  0.000000e+00
3.574277e+06  0.000000e+00  2.360000e-02  1.790000e-02  0.000000e+00  0.000000e+00  0.000000e+00  0.000000e+00  0.000000e+00  6.400000e-03  2.360000e-02  1.790000e-02  1.020000e-02  7.900000e-03  0.000000e+00  0.000000e+00  0.000000e+00
4.247718e+06  0.000000e+00  2.300000e-02  1.610000e-02  0.000000e+00  0.000000e+00  0.000000e+00  0.000000e+00  0.000000e+00  7.700000e-03  2.300000e-02  1.610000e-02  1.030000e-02  1.700000e-03  0.000000e+00  0.000000e+00  0.000000e+00
5.048043e+06  0.000000e+00  2.040000e-02  1.800000e-02  0.000000e+00  0.000000e+00  0.000000e+00  0.000000e+00  0.000000e+00  9.400000e-03  2.040000e-02  1.800000e-02  9.100000e-03  0.000000e+00  0.000000e+00  0.000000e+00  0.000000e+00
5.999161e+06  0.000000e+00  2.350000e-02  1.470000e-02  0.000000e+00  0.000000e+00  0.000000e+00  0.000000e+00  0.000000e+00  9.800000e-03  2.350000e-02  1.470000e-02  8.500000e-03  0.000000e+00  0.000000e+00  0.000000e+00  0.000000e+00
7.129482e+06  0.000000e+00  1.890000e-02  5.400000e-03  0.000000e+00  0.000000e+00  0.000000e+00  0.000000e+00  0.000000e+00  1.000000e-02  1.890000e-02  1.570000e-02  8.200000e-03  0.000000e+00  0.000000e+00  0.000000e+00  0.000000e+00
8.472771e+06  0.000000e+00  2.060000e-02  0.000000e+00  0.000000e+00  0.000000e+00  0.000000e+00  0.000000e+00  0.000000e+00  1.100000e-02  2.060000e-02  1.570000e-02  9.700000e-03  0.000000e+00  0.000000e+00  0.000000e+00  0.000000e+00
1.006915e+07  0.000000e+00  1.960000e-02  0.000000e+00  0.000000e+00  0.000000e+00  0.000000e+00  0.000000e+00  0.000000e+00  1.310000e-02  1.960000e-02  1.440000e-02  9.800000e-03  0.000000e+00  0.000000e+00  0.000000e+00  0.000000e+00
1.196631e+07  0.000000e+00  1.870000e-02  0.000000e+00  0.000000e+00  0.000000e+00  0.000000e+00  0.000000e+00  0.000000e+00  1.150000e-02  1.870000e-02  1.580000e-02  1.400000e-03  0.000000e+00  0.000000e+00  0.000000e+00  0.000000e+00
1.422092e+07  0.000000e+00  1.970000e-02  0.000000e+00  0.000000e+00  0.000000e+00  0.000000e+00  0.000000e+00  0.000000e+00  1.370000e-02  1.970000e-02  1.220000e-02  0.000000e+00  0.000000e+00  0.000000e+00  0.000000e+00  0.000000e+00
1.690033e+07  0.000000e+00  1.960000e-02  0.000000e+00  0.000000e+00  0.000000e+00  0.000000e+00  0.000000e+00  0.000000e+00  1.200000e-02  1.960000e-02  1.340000e-02  0.000000e+00  0.000000e+00  0.000000e+00  0.000000e+00  0.000000e+00
2.008458e+07  0.000000e+00  1.870000e-02  0.000000e+00  0.000000e+00  0.000000e+00  0.000000e+00  0.000000e+00  0.000000e+00  1.460000e-02  1.870000e-02  1.200000e-02  0.000000e+00  0.000000e+00  0.000000e+00  0.000000e+00  0.000000e+00
2.386878e+07  5.600000e-03  1.740000e-02  0.000000e+00  0.000000e+00  0.000000e+00  0.000000e+00  0.000000e+00  0.000000e+00  1.420000e-02  1.740000e-02  9.300000e-03  0.000000e+00  0.000000e+00  0.000000e+00  0.000000e+00  0.000000e+00
2.836597e+07  1.490000e-02  1.750000e-02  0.000000e+00  0.000000e+00  0.000000e+00  0.000000e+00  0.000000e+00  0.000000e+00  1.490000e-02  1.750000e-02  1.120000e-02  0.000000e+00  0.000000e+00  0.000000e+00  0.000000e+00  0.000000e+00
3.371049e+07  1.660000e-02  5.400000e-03  0.000000e+00  0.000000e+00  0.000000e+00  0.000000e+00  0.000000e+00  0.000000e+00  1.660000e-02  1.670000e-02  1.190000e-02  0.000000e+00  0.000000e+00  0.000000e+00  0.000000e+00  0.000000e+00
4.006200e+07  1.910000e-02  0.000000e+00  0.000000e+00  0.000000e+00  0.000000e+00  0.000000e+00  0.000000e+00  0.000000e+00  1.910000e-02  1.520000e-02  8.800000e-03  0.000000e+00  0.000000e+00  0.000000e+00  0.000000e+00  0.000000e+00
4.761020e+07  1.940000e-02  0.000000e+00  0.000000e+00  0.000000e+00  0.000000e+00  0.000000e+00  0.000000e+00  0.000000e+00  1.940000e-02  1.500000e-02  0.000000e+00  0.000000e+00  0.000000e+00  0.000000e+00  0.000000e+00  0.000000e+00
5.658059e+07  1.940000e-02  0.000000e+00  0.000000e+00  0.000000e+00  0.000000e+00  0.000000e+00  0.000000e+00  0.000000e+00  1.940000e-02  1.320000e-02  0.000000e+00  0.000000e+00  0.000000e+00  0.000000e+00  0.000000e+00  0.000000e+00
6.724112e+07  1.960000e-02  0.000000e+00  0.000000e+00  0.000000e+00  0.000000e+00  0.000000e+00  0.000000e+00  0.000000e+00  1.960000e-02  1.330000e-02  0.000000e+00  0.000000e+00  0.000000e+00  0.000000e+00  0.000000e+00  0.000000e+00
7.991023e+07  2.020000e-02  0.000000e+00  0.000000e+00  0.000000e+00  0.000000e+00  0.000000e+00  0.000000e+00  0.000000e+00  2.020000e-02  1.080000e-02  0.000000e+00  0.000000e+00  0.000000e+00  0.000000e+00  0.000000e+00  0.000000e+00
9.496638e+07  2.560000e-02  0.000000e+00  0.000000e+00  0.000000e+00  0.000000e+00  0.000000e+00  0.000000e+00  0.000000e+00  2.560000e-02  1.140000e-02  0.000000e+00  0.000000e+00  0.000000e+00  0.000000e+00  0.000000e+00  0.000000e+00
1.128593e+08  2.270000e-02  0.000000e+00  0.000000e+00  0.000000e+00  0.000000e+00  0.000000e+00  0.000000e+00  0.000000e+00  2.270000e-02  1.260000e-02  0.000000e+00  0.000000e+00  0.000000e+00  0.000000e+00  0.000000e+00  0.000000e+00
1.341235e+08  2.530000e-02  0.000000e+00  0.000000e+00  0.000000e+00  0.000000e+00  0.000000e+00  0.000000e+00  0.000000e+00  2.530000e-02  1.310000e-02  0.000000e+00  0.000000e+00  0.000000e+00  0.000000e+00  0.000000e+00  0.000000e+00
1.593941e+08  2.390000e-02  0.000000e+00  0.000000e+00  0.000000e+00  0.000000e+00  0.000000e+00  0.000000e+00  0.000000e+00  2.390000e-02  1.030000e-02  0.000000e+00  0.000000e+00  0.000000e+00  0.000000e+00  0.000000e+00  0.000000e+00
1.894260e+08  2.530000e-02  0.000000e+00  0.000000e+00  0.000000e+00  0.000000e+00  0.000000e+00  0.000000e+00  0.000000e+00  2.530000e-02  8.800000e-03  0.000000e+00  0.000000e+00  0.000000e+00  0.000000e+00  0.000000e+00  0.000000e+00
2.251164e+08  2.530000e-02  0.000000e+00  0.000000e+00  0.000000e+00  0.000000e+00  0.000000e+00  0.000000e+00  0.000000e+00  2.530000e-02  0.000000e+00  0.000000e+00  0.000000e+00  0.000000e+00  0.000000e+00  0.000000e+00  0.000000e+00
2.675313e+08  2.880000e-02  0.000000e+00  0.000000e+00  0.000000e+00  0.000000e+00  0.000000e+00  0.000000e+00  0.000000e+00  2.880000e-02  0.000000e+00  0.000000e+00  0.000000e+00  0.000000e+00  0.000000e+00  0.000000e+00  0.000000e+00
3.179377e+08  2.830000e-02  0.000000e+00  0.000000e+00  0.000000e+00  0.000000e+00  0.000000e+00  0.000000e+00  0.000000e+00  2.830000e-02  0.000000e+00  0.000000e+00  0.000000e+00  0.000000e+00  0.000000e+00  0.000000e+00  0.000000e+00
3.778414e+08  2.880000e-02  0.000000e+00  0.000000e+00  0.000000e+00  0.000000e+00  0.000000e+00  0.000000e+00  0.000000e+00  2.880000e-02  0.000000e+00  0.000000e+00  0.000000e+00  0.000000e+00  0.000000e+00  0.000000e+00  0.000000e+00
4.490317e+08  2.940000e-02  0.000000e+00  0.000000e+00  0.000000e+00  0.000000e+00  0.000000e+00  0.000000e+00  0.000000e+00  2.940000e-02  0.000000e+00  0.000000e+00  0.000000e+00  0.000000e+00  0.000000e+00  0.000000e+00  0.000000e+00
5.336352e+08  2.920000e-02  0.000000e+00  0.000000e+00  0.000000e+00  0.000000e+00  0.000000e+00  0.000000e+00  0.000000e+00  2.920000e-02  0.000000e+00  0.000000e+00  0.000000e+00  0.000000e+00  0.000000e+00  0.000000e+00  0.000000e+00
6.341790e+08  3.140000e-02  0.000000e+00  0.000000e+00  0.000000e+00  0.000000e+00  0.000000e+00  0.000000e+00  0.000000e+00  3.140000e-02  0.000000e+00  0.000000e+00  0.000000e+00  0.000000e+00  0.000000e+00  0.000000e+00  0.000000e+00
7.536667e+08  2.900000e-02  0.000000e+00  0.000000e+00  0.000000e+00  0.000000e+00  0.000000e+00  0.000000e+00  0.000000e+00  2.900000e-02  0.000000e+00  0.000000e+00  0.000000e+00  0.000000e+00  0.000000e+00  0.000000e+00  0.000000e+00
8.956675e+08  2.870000e-02  0.000000e+00  0.000000e+00  0.000000e+00  0.000000e+00  0.000000e+00  0.000000e+00  0.000000e+00  2.870000e-02  0.000000e+00  0.000000e+00  0.000000e+00  0.000000e+00  0.000000e+00  0.000000e+00  0.000000e+00
1.064423e+09  2.950000e-02  0.000000e+00  0.000000e+00  0.000000e+00  0.000000e+00  0.000000e+00  0.000000e+00  0.000000e+00  2.950000e-02  0.000000e+00  0.000000e+00  0.000000e+00  0.000000e+00  0.000000e+00  0.000000e+00  0.000000e+00
1.264974e+09  2.680000e-02  0.000000e+00  0.000000e+00  0.000000e+00  0.000000e+00  0.000000e+00  0.000000e+00  0.000000e+00  2.680000e-02  0.000000e+00  0.000000e+00  0.000000e+00  0.000000e+00  0.000000e+00  0.000000e+00  0.000000e+00
1.503312e+09  2.350000e-02  0.000000e+00  0.000000e+00  0.000000e+00  0.000000e+00  0.000000e+00  0.000000e+00  0.000000e+00  2.350000e-02  0.000000e+00  0.000000e+00  0.000000e+00  0.000000e+00  0.000000e+00  0.000000e+00  0.000000e+00
1.786556e+09  2.340000e-02  0.000000e+00  0.000000e+00  0.000000e+00  0.000000e+00  0.000000e+00  0.000000e+00  0.000000e+00  2.340000e-02  0.000000e+00  0.000000e+00  0.000000e+00  0.000000e+00  0.000000e+00  0.000000e+00  0.000000e+00
2.123167e+09  2.450000e-02  0.000000e+00  0.000000e+00  0.000000e+00  0.000000e+00  0.000000e+00  0.000000e+00  0.000000e+00  2.450000e-02  0.000000e+00  0.000000e+00  0.000000e+00  0.000000e+00  0.000000e+00  0.000000e+00  0.000000e+00
2.523199e+09  2.260000e-02  0.000000e+00  0.000000e+00  0.000000e+00  0.000000e+00  0.000000e+00  0.000000e+00  0.000000e+00  2.260000e-02  0.000000e+00  0.000000e+00  0.000000e+00  0.000000e+00  0.000000e+00  0.000000e+00  0.000000e+00
2.998603e+09  1.320000e-02  0.000000e+00  0.000000e+00  0.000000e+00  0.000000e+00  0.000000e+00  0.000000e+00  0.000000e+00  2.250000e-02  0.000000e+00  0.000000e+00  0.000000e+00  0.000000e+00  0.000000e+00  0.000000e+00  0.000000e+00
3.563580e+09  0.000000e+00  0.000000e+00  0.000000e+00  0.000000e+00  0.000000e+00  0.000000e+00  0.000000e+00  0.000000e+00  2.880000e-02  0.000000e+00  0.000000e+00  0.000000e+00  0.000000e+00  0.000000e+00  0.000000e+00  0.000000e+00
4.235005e+09  0.000000e+00  0.000000e+00  0.000000e+00  0.000000e+00  0.000000e+00  0.000000e+00  0.000000e+00  0.000000e+00  2.410000e-02  0.000000e+00  0.000000e+00  0.000000e+00  0.000000e+00  0.000000e+00  0.000000e+00  0.000000e+00
5.032936e+09  0.000000e+00  0.000000e+00  0.000000e+00  0.000000e+00  0.000000e+00  0.000000e+00  0.000000e+00  0.000000e+00  2.110000e-02  0.000000e+00  0.000000e+00  0.000000e+00  0.000000e+00  0.000000e+00  0.000000e+00  0.000000e+00
5.981207e+09  0.000000e+00  0.000000e+00  0.000000e+00  0.000000e+00  0.000000e+00  0.000000e+00  0.000000e+00  0.000000e+00  1.620000e-02  0.000000e+00  0.000000e+00  0.000000e+00  0.000000e+00  0.000000e+00  0.000000e+00  0.000000e+00
7.108145e+09  0.000000e+00  0.000000e+00  0.000000e+00  0.000000e+00  0.000000e+00  0.000000e+00  0.000000e+00  0.000000e+00  1.080000e-02  0.000000e+00  0.000000e+00  0.000000e+00  0.000000e+00  0.000000e+00  0.000000e+00  0.000000e+00
8.447413e+09  0.000000e+00  0.000000e+00  0.000000e+00  0.000000e+00  0.000000e+00  0.000000e+00  0.000000e+00  0.000000e+00  8.500000e-03  0.000000e+00  0.000000e+00  0.000000e+00  0.000000e+00  0.000000e+00  0.000000e+00  0.000000e+00
1.003902e+10  0.000000e+00  0.000000e+00  0.000000e+00  0.000000e+00  0.000000e+00  0.000000e+00  0.000000e+00  0.000000e+00  6.900000e-03  0.000000e+00  0.000000e+00  0.000000e+00  0.000000e+00  0.000000e+00  0.000000e+00  0.000000e+00
1.193050e+10  0.000000e+00  0.000000e+00  0.000000e+00  0.000000e+00  0.000000e+00  0.000000e+00  0.000000e+00  0.000000e+00  4.800000e-03  0.000000e+00  0.000000e+00  0.000000e+00  0.000000e+00  0.000000e+00  0.000000e+00  0.000000e+00
1.417836e+10  0.000000e+00  0.000000e+00  0.000000e+00  0.000000e+00  0.000000e+00  0.000000e+00  0.000000e+00  0.000000e+00  4.500000e-03  0.000000e+00  0.000000e+00  0.000000e+00  0.000000e+00  0.000000e+00  0.000000e+00  0.000000e+00
