1.605719e-04  0.000000e+00  0.000000e+00  0.000000e+00  0.000000e+00  0.000000e+00  0.000000e+00  0.000000e+00  0.000000e+00  0.000000e+00  0.000000e+00  0.000000e+00  0.000000e+00  0.000000e+00  0.000000e+00  0.000000e+00  8.500000e-03
1.823079e-04  0.000000e+00  0.000000e+00  0.000000e+00  0.000000e+00  0.000000e+00  0.000000e+00  0.000000e+00  0.000000e+00  0.000000e+00  0.000000e+00  0.000000e+00  0.000000e+00  0.000000e+00  0.000000e+00  0.000000e+00  8.600000e-03
2.069861e-04  0.000000e+00  0.000000e+00  0.000000e+00  0.000000e+00  0.000000e+00  0.000000e+00  0.000000e+00  0.000000e+00  0.000000e+00  0.000000e+00  0.000000e+00  0.000000e+00  0.000000e+00  0.000000e+00  0.000000e+00  9.200000e-03
2.350049e-04  0.000000e+00  0.000000e+00  0.000000e+00  0.000000e+00  0.000000e+00  0.000000e+00  0.000000e+00  0.000000e+00  0.000000e+00  0.000000e+00  0.000000e+00  0.000000e+00  0.000000e+00  0.000000e+00  0.000000e+00  1.060000e-02
2.668166e-04  0.000000e+00  0.000000e+00  0.000000e+00  0.000000e+00  0.000000e+00  0.000000e+00  0.000000e+00  0.000000e+00  0.000000e+00  0.000000e+00  0.000000e+00  0.000000e+00  0.000000e+00  0.000000e+00  0.000000e+00  1.260000e-02
3.029344e-04  0.000000e+00  0.000000e+00  0.000000e+00  0.000000e+00  0.000000e+00  0.000000e+00  0.000000e+00  0.000000e+00  0.000000e+00  0.000000e+00  0.000000e+00  0.000000e+00  0.000000e+00  0.000000e+00  0.000000e+00  1.250000e-02
3.439414e-04  0.000000e+00  0.000000e+00  0.000000e+00  0.000000e+00  0.000000e+00  0.000000e+00  0.000000e+00  0.000000e+00  0.000000e+00  0.000000e+00  0.000000e+00  0.000000e+00  0.000000e+00  0.000000e+00  0.000000e+00  1.200000e-02
3.904993e-04  0.000000e+00  0.000000e+00  0.000000e+00  0.000000e+00  0.000000e+00  0.000000e+00  0.000000e+00  0.000000e+00  0.000000e+00  0.000000e+00  0.000000e+00  0.000000e+00  0.000000e+00  0.000000e+00  0.000000e+00  1.360000e-02
4.433595e-04  0.000000e+00  0.000000e+00  0.000000e+00  0.000000e+00  0.000000e+00  0.000000e+00  0.000000e+00  0.000000e+00  0.000000e+00  0.000000e+00  0.000000e+00  0.000000e+00  0.000000e+00  0.000000e+00  0.000000e+00  1.320000e-02
5.033752e-04  0.000000e+00  0.000000e+00  0.000000e+00  0.000000e+00  0.000000e+00  0.000000e+00  0.000000e+00  0.000000e+00  0.000000e+00  0.000000e+00  0.000000e+00  0.000000e+00  0.000000e+00  0.000000e+00  0.000000e+00  1.330000e-02
5.715150e-04  0.000000e+00  0.000000e+00  0.000000e+00  0.000000e+00  0.000000e+00  0.000000e+00  0.000000e+00  0.000000e+00  0.000000e+00  0.000000e+00  0.000000e+00  0.000000e+00  0.000000e+00  0.000000e+00  0.000000e+00  1.430000e-02
6.488786e-04  0.000000e+00  0.000000e+00  0.000000e+00  0.000000e+00  0.000000e+00  0.000000e+00  0.000000e+00  7.700000e-03  0.000000e+00  0.000000e+00  0.000000e+00  0.000000e+00  0.000000e+00  0.000000e+00  0.000000e+00  1.430000e-02
7.367146e-04  0.000000e+00  0.000000e+00  0.000000e+00  0.000000e+00  0.000000e+00  0.000000e+00  0.000000e+00  1.380000e-02  0.000000e+00  0.000000e+00  0.000000e+00  0.000000e+00  0.000000e+00  0.000000e+00  0.000000e+00  1.380000e-02
8.364405e-04  0.000000e+00  0.000000e+00  0.000000e+00  0.000000e+00  0.000000e+00  0.000000e+00  0.000000e+00  1.770000e-02  0.000000e+00  0.000000e+00  0.000000e+00  0.000000e+00  0.000000e+00  0.000000e+00  0.000000e+00  1.770000e-02
9.496660e-04  0.000000e+00  0.000000e+00  0.000000e+00  0.000000e+00  0.000000e+00  0.000000e+00  0.000000e+00  1.630000e-02  0.000000e+00  0.000000e+00  0.000000e+00  0.000000e+00  0.000000e+00  0.000000e+00  0.000000e+00  1.630000e-02
1.078218e-03  0.000000e+00  0.000000e+00  0.000000e+00  0.000000e+00  0.000000e+00  0.000000e+00  0.000000e+00  1.550000e-02  0.000000e+00  0.000000e+00  0.000000e+00  0.000000e+00  0.000000e+00  0.000000e+00  0.000000e+00  1.550000e-02
1.224172e-03  0.000000e+00  0.000000e+00  0.000000e+00  0.000000e+00  0.000000e+00  0.000000e+00  0.000000e+00  1.900000e-02  0.000000e+00  0.000000e+00  0.000000e+00  0.000000e+00  0.000000e+00  0.000000e+00  0.000000e+00  1.900000e-02
1.389883e-03  0.000000e+00  0.000000e+00  0.000000e+00  0.000000e+00  0.000000e+00  0.000000e+00  0.000000e+00  1.710000e-02  0.000000e+00  0.000000e+00  0.000000e+00  0.000000e+00  0.000000e+00  0.000000e+00  0.000000e+00  1.710000e-02
1.578026e-03  0.000000e+00  0.000000e+00  0.000000e+00  0.000000e+00  0.000000e+00  0.000000e+00  0.000000e+00  1.800000e-02  0.000000e+00  0.000000e+00  0.000000e+00  0.000000e+00  0.000000e+00  0.000000e+00  0.000000e+00  1.800000e-02
1.791637e-03  0.000000e+00  0.000000e+00  0.000000e+00  0.000000e+00  0.000000e+00  0.000000e+00  0.000000e+00  1.600000e-02  0.000000e+00  0.000000e+00  0.000000e+00  0.000000e+00  0.000000e+00  0.000000e+00  0.000000e+00  1.600000e-02
2.034163e-03  0.000000e+00  0.000000e+00  0.000000e+00  0.000000e+00  0.000000e+00  0.000000e+00  0.000000e+00  1.460000e-02  0.000000e+00  0.000000e+00  0.000000e+00  0.000000e+00  0.000000e+00  0.000000e+00  0.000000e+00  1.460000e-02
2.309519e-03  0.000000e+00  0.000000e+00  0.000000e+00  0.000000e+00  0.000000e+00  0.000000e+00  0.000000e+00  1.790000e-02  0.000000e+00  0.000000e+00  0.000000e+00  0.000000e+00  0.000000e+00  0.000000e+00  0.000000e+00  1.790000e-02
2.622149e-03  0.000000e+00  0.000000e+00  0.000000e+00  0.000000e+00  0.000000e+00  0.000000e+00  0.000000e+00  1.580000e-02  0.000000e+00  0.000000e+00  0.000000e+00  0.000000e+00  0.000000e+00  0.000000e+00  0.000000e+00  1.580000e-02
2.977098e-03  0.000000e+00  0.000000e+00  0.000000e+00  0.000000e+00  0.000000e+00  0.000000e+00  0.000000e+00  1.700000e-02  0.000000e+00  0.000000e+00  0.000000e+00  0.000000e+00  0.000000e+00  0.000000e+00  0.000000e+00  1.700000e-02
3.380095e-03  0.000000e+00  0.000000e+00  0.000000e+00  0.000000e+00  0.000000e+00  0.000000e+00  0.000000e+00  1.560000e-02  0.000000e+00  0.000000e+00  0.000000e+00  0.000000e+00  0.000000e+00  0.000000e+00  0.000000e+00  1.560000e-02
3.837645e-03  0.000000e+00  0.000000e+00  0.000000e+00  0.000000e+00  0.000000e+00  0.000000e+00  0.000000e+00  1.900000e-02  0.000000e+00  0.000000e+00  0.000000e+00  0.000000e+00  0.000000e+00  0.000000e+00  0.000000e+00  1.900000e-02
4.357130e-03  0.000000e+00  0.000000e+00  0.000000e+00  0.000000e+00  0.000000e+00  0.000000e+00  0.000000e+00  1.690000e-02  0.000000e+00  0.000000e+00  0.000000e+00  0.000000e+00  0.000000e+00  0.000000e+00  0.000000e+00  1.690000e-02
4.946937e-03  0.000000e+00  0.000000e+00  0.000000e+00  0.000000e+00  0.000000e+00  0.000000e+00  0.000000e+00  1.890000e-02  0.000000e+00  0.000000e+00  0.000000e+00  0.000000e+00  0.000000e+00  0.000000e+00  0.000000e+00  1.890000e-02
5.616583e-03  0.000000e+00  0.000000e+00  0.000000e+00  0.000000e+00  0.000000e+00  0.000000e+00  0.000000e+00  1.620000e-02  0.000000e+00  0.000000e+00  0.000000e+00  0.000000e+00  0.000000e+00  0.000000e+00  0.000000e+00  1.620000e-02
6.376876e-03  0.000000e+00  0.000000e+00  0.000000e+00  0.000000e+00  0.000000e+00  0.000000e+00  0.000000e+00  1.630000e-02  0.000000e+00  0.000000e+00  0.000000e+00  0.000000e+00  0.000000e+00  0.000000e+00  0.000000e+00  1.630000e-02
7.240087e-03  0.000000e+00  0.000000e+00  0.000000e+00  0.000000e+00  0.000000e+00  0.000000e+00  0.000000e+00  1.640000e-02  0.000000e+00  0.000000e+00  0.000000e+00  0.000000e+00  0.000000e+00  0.000000e+00  6.100000e-03  1.640000e-02
8.220147e-03  0.000000e+00  0.000000e+00  0.000000e+00  0.000000e+00  0.000000e+00  0.000000e+00  0.000000e+00  1.510000e-02  0.000000e+00  0.000000e+00  0.000000e+00  0.000000e+00  0.000000e+00  0.000000e+00  1.230000e-02  1.510000e-02
9.332874e-03  0.000000e+00  0.000000e+00  0.000000e+00  0.000000e+00  0.000000e+00  0.000000e+00  0.000000e+00  1.600000e-02  0.000000e+00  0.000000e+00  0.000000e+00  0.000000e+00  0.000000e+00  0.000000e+00  1.170000e-02  1.600000e-02
1.059623e-02  0.000000e+00  0.000000e+00  0.000000e+00  0.000000e+00  0.000000e+00  0.000000e+00  0.000000e+00  1.540000e-02  0.000000e+00  0.000000e+00  0.000000e+00  0.000000e+00  0.000000e+00  0.000000e+00  1.700000e-02  1.540000e-02
1.203059e-02  0.000000e+00  0.000000e+00  0.000000e+00  0.000000e+00  0.000000e+00  0.000000e+00  0.000000e+00  1.520000e-02  0.000000e+00  0.000000e+00  0.000000e+00  0.000000e+00  0.000000e+00  0.000000e+00  1.870000e-02  1.520000e-02
1.365912e-02  0.000000e+00  0.000000e+00  0.000000e+00  0.000000e+00  0.000000e+00  0.000000e+00  0.000000e+00  1.510000e-02  0.000000e+00  0.000000e+00  0.000000e+00  0.000000e+00  0.000000e+00  0.000000e+00  1.750000e-02  1.510000e-02
1.550810e-02  0.000000e+00  0.000000e+00  0.000000e+00  0.000000e+00  0.000000e+00  0.000000e+00  0.000000e+00  1.490000e-02  0.000000e+00  0.000000e+00  0.000000e+00  0.000000e+00  0.000000e+00  0.000000e+00  1.660000e-02  1.490000e-02
1.760737e-02  0.000000e+00  0.000000e+00  0.000000e+00  0.000000e+00  0.000000e+00  0.000000e+00  0.000000e+00  1.450000e-02  0.000000e+00  0.000000e+00  0.000000e+00  0.000000e+00  0.000000e+00  0.000000e+00  1.990000e-02  1.450000e-02
1.999080e-02  0.000000e+00  0.000000e+00  0.000000e+00  0.000000e+00  0.000000e+00  0.000000e+00  4.100000e-03  1.410000e-02  0.000000e+00  0.000000e+00  0.000000e+00  0.000000e+00  0.000000e+00  2.100000e-03  1.930000e-02  1.410000e-02
2.269687e-02  0.000000e+00  0.000000e+00  0.000000e+00  0.000000e+00  0.000000e+00  0.000000e+00  1.930000e-02  1.320000e-02  0.000000e+00  0.000000e+00  0.000000e+00  0.000000e+00  0.000000e+00  1.140000e-02  1.930000e-02  1.320000e-02
2.576925e-02  0.000000e+00  0.000000e+00  0.000000e+00  0.000000e+00  0.000000e+00  0.000000e+00  1.740000e-02  1.410000e-02  0.000000e+00  0.000000e+00  0.000000e+00  0.000000e+00  0.000000e+00  1.400000e-02  1.740000e-02  1.410000e-02
2.925753e-02  0.000000e+00  0.000000e+00  0.000000e+00  0.000000e+00  0.000000e+00  0.000000e+00  1.750000e-02  1.370000e-02  0.000000e+00  0.000000e+00  0.000000e+00  0.000000e+00  0.000000e+00  1.460000e-02  1.750000e-02  1.370000e-02
3.321800e-02  0.000000e+00  0.000000e+00  0.000000e+00  0.000000e+00  0.000000e+00  0.000000e+00  2.200000e-02  1.240000e-02  0.000000e+00  0.000000e+00  0.000000e+00  0.000000e+00  0.000000e+00  1.700000e-02  2.200000e-02  1.240000e-02
3.771458e-02  0.000000e+00  0.000000e+00  0.000000e+00  0.000000e+00  0.000000e+00  0.000000e+00  1.760000e-02  1.130000e-02  0.000000e+00  0.000000e+00  0.000000e+00  0.000000e+00  0.000000e+00  1.830000e-02  1.760000e-02  1.130000e-02
4.281984e-02  0.000000e+00  0.000000e+00  0.000000e+00  0.000000e+00  0.000000e+00  0.000000e+00  2.090000e-02  1.310000e-02  0.000000e+00  0.000000e+00  0.000000e+00  0.000000e+00  0.000000e+00  1.860000e-02  2.090000e-02  1.310000e-02
4.861619e-02  0.000000e+00  0.000000e+00  0.000000e+00  0.000000e+00  0.000000e+00  0.000000e+00  1.660000e-02  1.040000e-02  0.000000e+00  0.000000e+00  0.000000e+00  0.000000e+00  0.000000e+00  1.780000e-02  1.660000e-02  1.040000e-02
5.519716e-02  0.000000e+00  0.000000e+00  0.000000e+00  0.000000e+00  0.000000e+00  0.000000e+00  1.650000e-02  1.360000e-02  0.000000e+00  0.000000e+00  0.000000e+00  0.000000e+00  0.000000e+00  2.070000e-02  1.650000e-02  1.360000e-02
6.266896e-02  0.000000e+00  0.000000e+00  0.000000e+00  0.000000e+00  0.000000e+00  1.880000e-02  1.820000e-02  1.290000e-02  0.000000e+00  0.000000e+00  0.000000e+00  0.000000e+00  1.000000e-02  1.930000e-02  1.820000e-02  1.290000e-02
7.115220e-02  0.000000e+00  0.000000e+00  0.000000e+00  0.000000e+00  0.000000e+00  1.920000e-02  1.700000e-02  1.110000e-02  0.000000e+00  0.000000e+00  0.000000e+00  0.000000e+00  1.330000e-02  1.920000e-02  1.700000e-02  1.110000e-02
8.078377e-02  0.000000e+00  0.000000e+00  0.000000e+00  0.000000e+00  0.000000e+00  1.580000e-02  1.720000e-02  1.000000e-02  0.000000e+00  0.000000e+00  0.000000e+00  0.000000e+00  1.430000e-02  1.580000e-02  1.720000e-02  1.000000e-02
9.171913e-02  0.000000e+00  0.000000e+00  0.000000e+00  0.000000e+00  0.000000e+00  1.790000e-02  1.760000e-02  1.200000e-02  0.000000e+00  0.000000e+00  0.000000e+00  0.000000e+00  1.630000e-02  1.790000e-02  1.760000e-02  1.200000e-02
1.041348e-01  0.000000e+00  0.000000e+00  0.000000e+00  0.000000e+00  0.000000e+00  1.840000e-02  1.720000e-02  1.050000e-02  0.000000e+00  0.000000e+00  0.000000e+00  0.000000e+00  1.800000e-02  1.840000e-02  1.720000e-02  1.050000e-02
1.182310e-01  0.000000e+00  0.000000e+00  0.000000e+00  0.000000e+00  0.000000e+00  1.780000e-02  1.510000e-02  1.060000e-02  0.000000e+00  0.000000e+00  0.000000e+00  0.000000e+00  1.670000e-02  1.780000e-02  1.510000e-02  1.060000e-02
1.342355e-01  0.000000e+00  0.000000e+00  0.000000e+00  0.000000e+00  0.000000e+00  1.640000e-02  1.760000e-02  1.140000e-02  0.000000e+00  0.000000e+00  0.000000e+00  0.000000e+00  2.090000e-02  1.640000e-02  1.760000e-02  1.140000e-02
1.524064e-01  0.000000e+00  0.000000e+00  0.000000e+00  0.000000e+00  0.000000e+00  1.940000e-02  1.780000e-02  7.100000e-03  0.000000e+00  0.000000e+00  0.000000e+00  0.000000e+00  1.840000e-02  1.940000e-02  1.780000e-02  7.100000e-03
1.730370e-01  0.000000e+00  0.000000e+00  0.000000e+00  0.000000e+00  1.360000e-02  1.800000e-02  1.500000e-02  9.700000e-03  0.000000e+00  0.000000e+00  0.000000e+00  0.000000e+00  2.070000e-02  1.800000e-02  1.500000e-02  9.700000e-03
1.964603e-01  0.000000e+00  0.000000e+00  0.000000e+00  0.000000e+00  1.800000e-02  1.590000e-02  1.500000e-02  7.400000e-03  0.000000e+00  0.000000e+00  0.000000e+00  0.000000e+00  1.800000e-02  1.590000e-02  1.500000e-02  7.400000e-03
2.230543e-01  0.000000e+00  0.000000e+00  0.000000e+00  0.000000e+00  1.640000e-02  1.650000e-02  1.460000e-02  9.800000e-03  0.000000e+00  0.000000e+00  0.000000e+00  0.000000e+00  1.640000e-02  1.650000e-02  1.460000e-02  9.800000e-03
2.532482e-01  0.000000e+00  0.000000e+00  0.000000e+00  0.000000e+00  1.890000e-02  1.540000e-02  1.470000e-02  8.200000e-03  0.000000e+00  0.000000e+00  0.000000e+00  4.400000e-03  1.890000e-02  1.540000e-02  1.470000e-02  8.200000e-03
2.875294e-01  0.000000e+00  0.000000e+00  0.000000e+00  0.000000e+00  1.660000e-02  1.570000e-02  1.510000e-02  6.200000e-03  0.000000e+00  0.000000e+00  0.000000e+00  1.260000e-02  1.660000e-02  1.570000e-02  1.510000e-02  6.200000e-03
3.264510e-01  0.000000e+00  0.000000e+00  0.000000e+00  0.000000e+00  2.000000e-02  1.660000e-02  1.520000e-02  5.300000e-03  0.000000e+00  0.000000e+00  0.000000e+00  1.340000e-02  2.000000e-02  1.660000e-02  1.520000e-02  9.300000e-03
3.706413e-01  0.000000e+00  0.000000e+00  0.000000e+00  0.000000e+00  1.860000e-02  1.980000e-02  1.680000e-02  0.000000e+00  0.000000e+00  0.000000e+00  0.000000e+00  1.660000e-02  1.860000e-02  1.980000e-02  1.680000e-02  9.800000e-03
4.208134e-01  0.000000e+00  0.000000e+00  0.000000e+00  0.000000e+00  1.360000e-02  1.590000e-02  1.430000e-02  0.000000e+00  0.000000e+00  0.000000e+00  0.000000e+00  1.870000e-02  1.360000e-02  1.590000e-02  1.430000e-02  7.100000e-03
4.777772e-01  0.000000e+00  0.000000e+00  0.000000e+00  0.000000e+00  1.980000e-02  1.610000e-02  1.300000e-02  0.000000e+00  0.000000e+00  0.000000e+00  0.000000e+00  1.880000e-02  1.980000e-02  1.610000e-02  1.300000e-02  5.800000e-03
5.424519e-01  0.000000e+00  0.000000e+00  0.000000e+00  0.000000e+00  1.800000e-02  1.490000e-02  1.400000e-02  0.000000e+00  0.000000e+00  0.000000e+00  0.000000e+00  1.840000e-02  1.800000e-02  1.490000e-02  1.400000e-02  8.300000e-03
6.158813e-01  0.000000e+00  0.000000e+00  0.000000e+00  0.000000e+00  1.450000e-02  1.630000e-02  1.370000e-02  0.000000e+00  0.000000e+00  0.000000e+00  0.000000e+00  2.040000e-02  1.450000e-02  1.630000e-02  1.370000e-02  7.200000e-03
6.992506e-01  0.000000e+00  0.000000e+00  0.000000e+00  7.200000e-03  1.770000e-02  1.500000e-02  1.330000e-02  0.000000e+00  0.000000e+00  0.000000e+00  0.000000e+00  1.890000e-02  1.770000e-02  1.500000e-02  1.330000e-02  7.300000e-03
7.939052e-01  0.000000e+00  0.000000e+00  0.000000e+00  1.980000e-02  1.570000e-02  1.550000e-02  1.190000e-02  0.000000e+00  0.000000e+00  0.000000e+00  0.000000e+00  1.980000e-02  1.570000e-02  1.550000e-02  1.190000e-02  6.400000e-03
9.013728e-01  0.000000e+00  0.000000e+00  0.000000e+00  1.690000e-02  1.820000e-02  1.560000e-02  1.320000e-02  0.000000e+00  0.000000e+00  0.000000e+00  0.000000e+00  1.690000e-02  1.820000e-02  1.560000e-02  1.320000e-02  6.100000e-03
1.023388e+00  0.000000e+00  0.000000e+00  0.000000e+00  1.870000e-02  1.600000e-02  1.440000e-02  1.460000e-02  0.000000e+00  0.000000e+00  0.000000e+00  0.000000e+00  1.870000e-02  1.600000e-02  1.440000e-02  1.460000e-02  5.300000e-03
1.161920e+00  0.000000e+00  0.000000e+00  0.000000e+00  1.660000e-02  1.820000e-02  1.470000e-02  1.050000e-02  0.000000e+00  0.000000e+00  0.000000e+00  0.000000e+00  1.660000e-02  1.820000e-02  1.470000e-02  1.050000e-02  5.900000e-03
1.319204e+00  0.000000e+00  0.000000e+00  0.000000e+00  1.780000e-02  1.710000e-02  1.560000e-02  1.010000e-02  0.000000e+00  0.000000e+00  0.000000e+00  0.000000e+00  1.780000e-02  1.710000e-02  1.560000e-02  1.010000e-02  5.000000e-03
1.497779e+00  0.000000e+00  0.000000e+00  0.000000e+00  1.690000e-02  1.430000e-02  1.310000e-02  1.090000e-02  0.000000e+00  0.000000e+00  0.000000e+00  0.000000e+00  1.690000e-02  1.430000e-02  1.310000e-02  1.090000e-02  6.400000e-03
1.700527e+00  0.000000e+00  0.000000e+00  0.000000e+00  1.720000e-02  1.570000e-02  1.330000e-02  1.170000e-02  0.000000e+00  0.000000e+00  0.000000e+00  0.000000e+00  1.720000e-02  1.570000e-02  1.330000e-02  1.170000e-02  5.000000e-03
1.930720e+00  0.000000e+00  0.000000e+00  0.000000e+00  1.680000e-02  1.540000e-02  1.350000e-02  1.070000e-02  0.000000e+00  0.000000e+00  0.000000e+00  3.400000e-03  1.680000e-02  1.540000e-02  1.350000e-02  1.070000e-02  4.500000e-03
2.192073e+00  0.000000e+00  0.000000e+00  0.000000e+00  1.750000e-02  1.660000e-02  1.400000e-02  1.070000e-02  0.000000e+00  0.000000e+00  0.000000e+00  1.090000e-02  1.750000e-02  1.660000e-02  1.400000e-02  1.070000e-02  5.900000e-03
2.488805e+00  0.000000e+00  0.000000e+00  0.000000e+00  1.950000e-02  1.440000e-02  1.320000e-02  1.160000e-02  0.000000e+00  0.000000e+00  0.000000e+00  1.360000e-02  1.950000e-02  1.440000e-02  1.320000e-02  1.160000e-02  5.500000e-03
2.825704e+00  0.000000e+00  0.000000e+00  0.000000e+00  1.530000e-02  1.530000e-02  1.050000e-02  1.140000e-02  0.000000e+00  0.000000e+00  0.000000e+00  1.680000e-02  1.530000e-02  1.530000e-02  1.050000e-02  1.140000e-02  5.700000e-03
3.208208e+00  0.000000e+00  0.000000e+00  0.000000e+00  1.890000e-02  1.740000e-02  1.260000e-02  8.500000e-03  0.000000e+00  0.000000e+00  0.000000e+00  1.760000e-02  1.890000e-02  1.740000e-02  1.260000e-02  8.500000e-03  3.700000e-03
3.642490e+00  0.000000e+00  0.000000e+00  0.000000e+00  2.050000e-02  1.360000e-02  1.130000e-02  1.020000e-02  0.000000e+00  0.000000e+00  0.000000e+00  1.950000e-02  2.050000e-02  1.360000e-02  1.130000e-02  1.020000e-02  5.100000e-03
4.135558e+00  0.000000e+00  0.000000e+00  0.000000e+00  1.680000e-02  1.540000e-02  1.180000e-02  1.020000e-02  0.000000e+00  0.000000e+00  0.000000e+00  1.930000e-02  1.680000e-02  1.540000e-02  1.180000e-02  1.020000e-02  5.000000e-03
4.695371e+00  0.000000e+00  0.000000e+00  0.000000e+00  1.660000e-02  1.200000e-02  1.150000e-02  9.400000e-03  0.000000e+00  0.000000e+00  0.000000e+00  1.820000e-02  1.660000e-02  1.200000e-02  1.150000e-02  9.400000e-03  4.300000e-03
5.330964e+00  0.000000e+00  0.000000e+00  4.800000e-03  1.700000e-02  1.460000e-02  1.030000e-02  8.400000e-03  0.000000e+00  0.000000e+00  0.000000e+00  2.050000e-02  1.700000e-02  1.460000e-02  1.030000e-02  8.400000e-03  4.200000e-03
6.052594e+00  0.000000e+00  0.000000e+00  1.820000e-02  1.610000e-02  1.350000e-02  1.050000e-02  8.900000e-03  0.000000e+00  0.000000e+00  0.000000e+00  1.820000e-02  1.610000e-02  1.350000e-02  1.050000e-02  8.900000e-03  1.500000e-03
6.871908e+00  0.000000e+00  0.000000e+00  1.720000e-02  1.510000e-02  1.440000e-02  1.050000e-02  9.500000e-03  0.000000e+00  0.000000e+00  0.000000e+00  1.720000e-02  1.510000e-02  1.440000e-02  1.050000e-02  9.500000e-03  0.000000e+00
7.802130e+00  0.000000e+00  0.000000e+00  2.040000e-02  1.560000e-02  1.100000e-02  1.050000e-02  8.900000e-03  0.000000e+00  0.000000e+00  0.000000e+00  2.040000e-02  1.560000e-02  1.100000e-02  1.050000e-02  8.900000e-03  0.000000e+00
8.858271e+00  0.000000e+00  0.000000e+00  1.550000e-02  1.690000e-02  1.040000e-02  1.080000e-02  6.800000e-03  0.000000e+00  0.000000e+00  0.000000e+00  1.550000e-02  1.690000e-02  1.040000e-02  1.080000e-02  6.800000e-03  0.000000e+00
1.005738e+01  0.000000e+00  0.000000e+00  1.940000e-02  1.590000e-02  1.190000e-02  8.800000e-03  7.600000e-03  0.000000e+00  0.000000e+00  0.000000e+00  1.940000e-02  1.590000e-02  1.190000e-02  8.800000e-03  9.300000e-03  0.000000e+00
1.141880e+01  0.000000e+00  0.000000e+00  1.990000e-02  1.570000e-02  1.130000e-02  8.400000e-03  0.000000e+00  0.000000e+00  0.000000e+00  6.300000e-03  1.990000e-02  1.570000e-02  1.130000e-02  8.400000e-03  8.500000e-03  0.000000e+00
1.296452e+01  0.000000e+00  0.000000e+00  2.010000e-02  1.460000e-02  1.100000e-02  9.900000e-03  0.000000e+00  0.000000e+00  0.000000e+00  1.160000e-02  2.010000e-02  1.460000e-02  1.100000e-02  9.900000e-03  7.000000e-03  0.000000e+00
1.471947e+01  0.000000e+00  0.000000e+00  1.950000e-02  1.550000e-02  1.120000e-02  9.400000e-03  0.000000e+00  0.000000e+00  0.000000e+00  1.410000e-02  1.950000e-02  1.550000e-02  1.120000e-02  9.400000e-03  6.000000e-03  0.000000e+00
1.671198e+01  0.000000e+00  0.000000e+00  2.080000e-02  1.650000e-02  1.130000e-02  8.200000e-03  0.000000e+00  0.000000e+00  0.000000e+00  1.580000e-02  2.080000e-02  1.650000e-02  1.130000e-02  8.200000e-03  7.400000e-03  0.000000e+00
1.897421e+01  0.000000e+00  0.000000e+00  1.850000e-02  1.440000e-02  1.140000e-02  1.030000e-02  0.000000e+00  0.000000e+00  0.000000e+00  1.770000e-02  1.850000e-02  1.440000e-02  1.140000e-02  1.030000e-02  8.600000e-03  0.000000e+00
2.154267e+01  0.000000e+00  0.000000e+00  1.900000e-02  1.390000e-02  9.900000e-03  8.600000e-03  0.000000e+00  0.000000e+00  0.000000e+00  1.800000e-02  1.900000e-02  1.390000e-02  9.900000e-03  8.600000e-03  7.300000e-03  0.000000e+00
2.445882e+01  0.000000e+00  0.000000e+00  1.830000e-02  1.320000e-02  9.800000e-03  7.100000e-03  0.000000e+00  0.000000e+00  0.000000e+00  2.030000e-02  1.830000e-02  1.320000e-02  9.800000e-03  7.100000e-03  6.100000e-03  0.000000e+00
2.776970e+01  0.000000e+00  0.000000e+00  1.760000e-02  1.350000e-02  1.210000e-02  9.700000e-03  0.000000e+00  0.000000e+00  0.000000e+00  2.150000e-02  1.760000e-02  1.350000e-02  1.210000e-02  9.700000e-03  6.800000e-03  0.000000e+00
3.152877e+01  0.000000e+00  1.100000e-02  1.650000e-02  1.380000e-02  9.600000e-03  6.600000e-03  0.000000e+00  0.000000e+00  0.000000e+00  2.070000e-02  1.650000e-02  1.380000e-02  9.600000e-03  7.600000e-03  6.500000e-03  0.000000e+00
3.579669e+01  0.000000e+00  2.120000e-02  1.870000e-02  1.290000e-02  1.110000e-02  0.000000e+00  0.000000e+00  0.000000e+00  0.000000e+00  2.120000e-02  1.870000e-02  1.290000e-02  1.110000e-02  7.700000e-03  6.600000e-03  0.000000e+00
4.064234e+01  0.000000e+00  1.910000e-02  1.850000e-02  1.280000e-02  1.120000e-02  0.000000e+00  0.000000e+00  0.000000e+00  0.000000e+00  1.910000e-02  1.850000e-02  1.280000e-02  1.120000e-02  7.400000e-03  6.500000e-03  0.000000e+00
4.614392e+01  0.000000e+00  2.240000e-02  1.760000e-02  1.220000e-02  1.010000e-02  0.000000e+00  0.000000e+00  0.000000e+00  0.000000e+00  2.240000e-02  1.760000e-02  1.220000e-02  1.010000e-02  7.700000e-03  7.200000e-03  0.000000e+00
5.239023e+01  0.000000e+00  1.910000e-02  1.630000e-02  1.120000e-02  8.100000e-03  0.000000e+00  0.000000e+00  0.000000e+00  0.000000e+00  1.910000e-02  1.630000e-02  1.120000e-02  8.100000e-03  8.400000e-03  7.400000e-03  0.000000e+00
5.948207e+01  0.000000e+00  1.900000e-02  1.670000e-02  1.120000e-02  9.400000e-03  0.000000e+00  0.000000e+00  0.000000e+00  0.000000e+00  1.900000e-02  1.670000e-02  1.120000e-02  9.400000e-03  7.100000e-03  5.000000e-03  0.000000e+00
6.753391e+01  0.000000e+00  1.950000e-02  1.920000e-02  1.180000e-02  9.000000e-03  0.000000e+00  0.000000e+00  0.000000e+00  0.000000e+00  1.950000e-02  1.920000e-02  1.180000e-02  9.000000e-03  6.300000e-03  6.200000e-03  0.000000e+00
7.667569e+01  0.000000e+00  1.890000e-02  1.830000e-02  1.180000e-02  6.700000e-03  0.000000e+00  0.000000e+00  0.000000e+00  0.000000e+00  1.890000e-02  1.830000e-02  1.180000e-02  9.300000e-03  8.000000e-03  5.900000e-03  0.000000e+00
8.705496e+01  0.000000e+00  1.930000e-02  1.680000e-02  1.140000e-02  0.000000e+00  0.000000e+00  0.000000e+00  0.000000e+00  0.000000e+00  1.930000e-02  1.680000e-02  1.140000e-02  9.400000e-03  7.000000e-03  6.500000e-03  0.000000e+00
9.883922e+01  0.000000e+00  2.320000e-02  1.950000e-02  1.300000e-02  0.000000e+00  0.000000e+00  0.000000e+00  0.000000e+00  0.000000e+00  2.320000e-02  1.950000e-02  1.300000e-02  7.700000e-03  6.100000e-03  5.500000e-03  0.000000e+00
1.122187e+02  0.000000e+00  2.340000e-02  1.760000e-02  1.310000e-02  0.000000e+00  0.000000e+00  0.000000e+00  0.000000e+00  0.000000e+00  2.340000e-02  1.760000e-02  1.310000e-02  7.300000e-03  8.200000e-03  5.400000e-03  0.000000e+00
1.274092e+02  0.000000e+00  2.410000e-02  1.400000e-02  1.190000e-02  0.000000e+00  0.000000e+00  0.000000e+00  0.000000e+00  0.000000e+00  2.410000e-02  1.400000e-02  1.190000e-02  8.500000e-03  6.300000e-03  4.600000e-03  0.000000e+00
1.446561e+02  0.000000e+00  2.120000e-02  1.550000e-02  1.100000e-02  0.000000e+00  0.000000e+00  0.000000e+00  0.000000e+00  0.000000e+00  2.120000e-02  1.550000e-02  1.100000e-02  8.700000e-03  6.200000e-03  2.300000e-03  0.000000e+00
1.642376e+02  0.000000e+00  2.200000e-02  1.710000e-02  1.130000e-02  0.000000e+00  0.000000e+00  0.000000e+00  0.000000e+00  0.000000e+00  2.200000e-02  1.710000e-02  1.130000e-02  8.300000e-03  8.100000e-03  0.000000e+00  0.000000e+00
1.864697e+02  0.000000e+00  2.280000e-02  1.410000e-02  1.160000e-02  0.000000e+00  0.000000e+00  0.000000e+00  0.000000e+00  0.000000e+00  2.280000e-02  1.410000e-02  1.160000e-02  7.600000e-03  7.500000e-03  0.000000e+00  0.000000e+00
2.117114e+02  0.000000e+00  2.110000e-02  1.850000e-02  1.140000e-02  0.000000e+00  0.000000e+00  0.000000e+00  0.000000e+00  0.000000e+00  2.110000e-02  1.850000e-02  1.140000e-02  8.500000e-03  6.900000e-03  0.000000e+00  0.000000e+00
2.403698e+02  0.000000e+00  2.030000e-02  1.720000e-02  7.000000e-04  0.000000e+00  0.000000e+00  0.000000e+00  0.000000e+00  0.000000e+00  2.030000e-02  1.720000e-02  1.240000e-02  8.700000e-03  7.300000e-03  0.000000e+00  0.000000e+00
2.729077e+02  0.000000e+00  1.990000e-02  1.680000e-02  0.000000e+00  0.000000e+00  0.000000e+00  0.000000e+00  0.000000e+00  0.000000e+00  1.990000e-02  1.680000e-02  1.060000e-02  7.900000e-03  7.200000e-03  0.000000e+00  0.000000e+00
3.098500e+02  0.000000e+00  2.040000e-02  1.530000e-02  0.000000e+00  0.000000e+00  0.000000e+00  0.000000e+00  0.000000e+00  8.400000e-03  2.040000e-02  1.530000e-02  1.130000e-02  6.100000e-03  8.200000e-03  0.000000e+00  0.000000e+00
3.517931e+02  0.000000e+00  2.110000e-02  1.820000e-02  0.000000e+00  0.000000e+00  0.000000e+00  0.000000e+00  0.000000e+00  1.230000e-02  2.110000e-02  1.820000e-02  9.800000e-03  8.000000e-03  2.400000e-03  0.000000e+00  0.000000e+00
3.994139e+02  0.000000e+00  2.070000e-02  1.620000e-02  0.000000e+00  0.000000e+00  0.000000e+00  0.000000e+00  0.000000e+00  1.640000e-02  2.070000e-02  1.620000e-02  1.220000e-02  9.700000e-03  0.000000e+00  0.000000e+00  0.000000e+00
4.534809e+02  0.000000e+00  1.900000e-02  1.440000e-02  0.000000e+00  0.000000e+00  0.000000e+00  0.000000e+00  0.000000e+00  2.000000e-02  1.900000e-02  1.440000e-02  1.030000e-02  9.500000e-03  0.000000e+00  0.000000e+00  0.000000e+00
5.148667e+02  0.000000e+00  2.120000e-02  1.620000e-02  0.000000e+00  0.000000e+00  0.000000e+00  0.000000e+00  0.000000e+00  1.880000e-02  2.120000e-02  1.620000e-02  9.500000e-03  7.500000e-03  0.000000e+00  0.000000e+00  0.000000e+00
5.845620e+02  0.000000e+00  2.090000e-02  1.710000e-02  0.000000e+00  0.000000e+00  0.000000e+00  0.000000e+00  0.000000e+00  2.490000e-02  2.090000e-02  1.710000e-02  1.180000e-02  7.500000e-03  0.000000e+00  0.000000e+00  0.000000e+00
6.636917e+02  0.000000e+00  2.230000e-02  1.810000e-02  0.000000e+00  0.000000e+00  0.000000e+00  0.000000e+00  0.000000e+00  2.410000e-02  2.230000e-02  1.810000e-02  1.100000e-02  1.500000e-03  0.000000e+00  0.000000e+00  0.000000e+00
7.535329e+02  1.330000e-02  2.250000e-02  6.400000e-03  0.000000e+00  0.000000e+00  0.000000e+00  0.000000e+00  0.000000e+00  2.340000e-02  2.250000e-02  1.570000e-02  1.180000e-02  0.000000e+00  0.000000e+00  0.000000e+00  0.000000e+00
8.555355e+02  2.650000e-02  2.430000e-02  0.000000e+00  0.000000e+00  0.000000e+00  0.000000e+00  0.000000e+00  0.000000e+00  2.650000e-02  2.430000e-02  1.500000e-02  1.060000e-02  0.000000e+00  0.000000e+00  0.000000e+00  0.000000e+00
9.713457e+02  2.790000e-02  2.430000e-02  0.000000e+00  0.000000e+00  0.000000e+00  0.000000e+00  0.000000e+00  0.000000e+00  2.790000e-02  2.430000e-02  1.700000e-02  1.250000e-02  0.000000e+00  0.000000e+00  0.000000e+00  0.000000e+00
1.102833e+03  2.620000e-02  2.270000e-02  0.000000e+00  0.000000e+00  0.000000e+00  0.000000e+00  0.000000e+00  0.000000e+00  2.620000e-02  2.270000e-02  1.880000e-02  1.900000e-03  0.000000e+00  0.000000e+00  0.000000e+00  0.000000e+00
1.252119e+03  2.980000e-02  2.300000e-02  0.000000e+00  0.000000e+00  0.000000e+00  0.000000e+00  0.000000e+00  0.000000e+00  2.980000e-02  2.300000e-02  1.600000e-02  0.000000e+00  0.000000e+00  0.000000e+00  0.000000e+00  0.000000e+00
1.421613e+03  3.100000e-02  2.000000e-02  0.000000e+00  0.000000e+00  0.000000e+00  0.000000e+00  0.000000e+00  0.000000e+00  3.100000e-02  2.000000e-02  1.740000e-02  0.000000e+00  0.000000e+00  0.000000e+00  0.000000e+00  0.000000e+00
1.614050e+03  2.880000e-02  2.090000e-02  0.000000e+00  0.000000e+00  0.000000e+00  0.000000e+00  0.000000e+00  0.000000e+00  2.880000e-02  2.090000e-02  1.720000e-02  0.000000e+00  0.000000e+00  0.000000e+00  0.000000e+00  0.000000e+00
1.832537e+03  3.060000e-02  9.200000e-03  0.000000e+00  0.000000e+00  0.000000e+00  0.000000e+00  0.000000e+00  0.000000e+00  3.060000e-02  2.140000e-02  1.650000e-02  0.000000e+00  0.000000e+00  0.000000e+00  0.000000e+00  0.000000e+00
2.080600e+03  3.250000e-02  0.000000e+00  0.000000e+00  0.000000e+00  0.000000e+00  0.000000e+00  0.000000e+00  0.000000e+00  3.250000e-02  2.320000e-02  7.800000e-03  0.000000e+00  0.000000e+00  0.000000e+00  0.000000e+00  0.000000e+00
2.362242e+03  3.170000e-02  0.000000e+00  0.000000e+00  0.000000e+00  0.000000e+00  0.000000e+00  0.000000e+00  0.000000e+00  3.170000e-02  2.130000e-02  0.000000e+00  0.000000e+00  0.000000e+00  0.000000e+00  0.000000e+00  0.000000e+00
2.682009e+03  3.130000e-02  0.000000e+00  0.000000e+00  0.000000e+00  0.000000e+00  0.000000e+00  0.000000e+00  0.000000e+00  3.130000e-02  2.020000e-02  0.000000e+00  0.000000e+00  0.000000e+00  0.000000e+00  0.000000e+00  0.000000e+00
3.045062e+03  3.600000e-02  0.000000e+00  0.000000e+00  0.000000e+00  0.000000e+00  0.000000e+00  0.000000e+00  0.000000e+00  3.600000e-02  2.180000e-02  0.000000e+00  0.000000e+00  0.000000e+00  0.000000e+00  0.000000e+00  0.000000e+00
3.457259e+03  3.360000e-02  0.000000e+00  0.000000e+00  0.000000e+00  0.000000e+00  0.000000e+00  0.000000e+00  0.000000e+00  3.360000e-02  2.080000e-02  0.000000e+00  0.000000e+00  0.000000e+00  0.000000e+00  0.000000e+00  0.000000e+00
3.925253e+03  3.570000e-02  0.000000e+00  0.000000e+00  0.000000e+00  0.000000e+00  0.000000e+00  0.000000e+00  0.000000e+00  3.570000e-02  1.550000e-02  0.000000e+00  0.000000e+00  0.000000e+00  0.000000e+00  0.000000e+00  0.000000e+00
4.456598e+03  3.490000e-02  0.000000e+00  0.000000e+00  0.000000e+00  0.000000e+00  0.000000e+00  0.000000e+00  0.000000e+00  3.490000e-02  0.000000e+00  0.000000e+00  0.000000e+00  0.000000e+00  0.000000e+00  0.000000e+00  0.000000e+00
5.059869e+03  3.370000e-02  0.000000e+00  0.000000e+00  0.000000e+00  0.000000e+00  0.000000e+00  0.000000e+00  0.000000e+00  3.370000e-02  0.000000e+00  0.000000e+00  0.000000e+00  0.000000e+00  0.000000e+00  0.000000e+00  0.000000e+00
5.744803e+03  3.250000e-02  0.000000e+00  0.000000e+00  0.000000e+00  0.000000e+00  0.000000e+00  0.000000e+00  0.000000e+00  3.250000e-02  0.000000e+00  0.000000e+00  0.000000e+00  0.000000e+00  0.000000e+00  0.000000e+00  0.000000e+00
6.522453e+03  3.300000e-02  0.000000e+00  0.000000e+00  0.000000e+00  0.000000e+00  0.000000e+00  0.000000e+00  0.000000e+00  3.300000e-02  0.000000e+00  0.000000e+00  0.000000e+00  0.000000e+00  0.000000e+00  0.000000e+00  0.000000e+00
7.405370e+03  2.660000e-02  0.000000e+00  0.000000e+00  0.000000e+00  0.000000e+00  0.000000e+00  0.000000e+00  0.000000e+00  2.660000e-02  0.000000e+00  0.000000e+00  0.000000e+00  0.000000e+00  0.000000e+00  0.000000e+00  0.000000e+00
8.407803e+03  3.220000e-02  0.000000e+00  0.000000e+00  0.000000e+00  0.000000e+00  0.000000e+00  0.000000e+00  0.000000e+00  3.220000e-02  0.000000e+00  0.000000e+00  0.000000e+00  0.000000e+00  0.000000e+00  0.000000e+00  0.000000e+00
9.545932e+03  2.800000e-02  0.000000e+00  0.000000e+00  0.000000e+00  0.000000e+00  0.000000e+00  0.000000e+00  0.000000e+00  2.800000e-02  0.000000e+00  0.000000e+00  0.000000e+00  0.000000e+00  0.000000e+00  0.000000e+00  0.000000e+00
1.083813e+04  2.760000e-02  0.000000e+00  0.000000e+00  0.000000e+00  0.000000e+00  0.000000e+00  0.000000e+00  0.000000e+00  2.760000e-02  0.000000e+00  0.000000e+00  0.000000e+00  0.000000e+00  0.000000e+00  0.000000e+00  0.000000e+00
1.230524e+04  1.660000e-02  0.000000e+00  0.000000e+00  0.000000e+00  0.000000e+00  0.000000e+00  0.000000e+00  0.000000e+00  2.700000e-02  0.000000e+00  0.000000e+00  0.000000e+00  0.000000e+00  0.000000e+00  0.000000e+00  0.000000e+00
1.397094e+04  0.000000e+00  0.000000e+00  0.000000e+00  0.000000e+00  0.000000e+00  0.000000e+00  0.000000e+00  0.000000e+00  2.540000e-02  0.000000e+00  0.000000e+00  0.000000e+00  0.000000e+00  0.000000e+00  0.000000e+00  0.000000e+00
1.586213e+04  0.000000e+00  0.000000e+00  0.000000e+00  0.000000e+00  0.000000e+00  0.000000e+00  0.000000e+00  0.000000e+00  2.430000e-02  0.000000e+00  0.000000e+00  0.000000e+00  0.000000e+00  0.000000e+00  0.000000e+00  0.000000e+00
1.800932e+04  0.000000e+00  0.000000e+00  0.000000e+00  0.000000e+00  0.000000e+00  0.000000e+00  0.000000e+00  0.000000e+00  2.750000e-02  0.000000e+00  0.000000e+00  0.000000e+00  0.000000e+00  0.000000e+00  0.000000e+00  0.000000e+00
2.044717e+04  0.000000e+00  0.000000e+00  0.000000e+00  0.000000e+00  0.000000e+00  0.000000e+00  0.000000e+00  0.000000e+00  2.350000e-02  0.000000e+00  0.000000e+00  0.000000e+00  0.000000e+00  0.000000e+00  0.000000e+00  0.000000e+00
2.321502e+04  0.000000e+00  0.000000e+00  0.000000e+00  0.000000e+00  0.000000e+00  0.000000e+00  0.000000e+00  0.000000e+00  2.390000e-02  0.000000e+00  0.000000e+00  0.000000e+00  0.000000e+00  0.000000e+00  0.000000e+00  0.000000e+00
