8.878713e-03  0.000000e+00  0.000000e+00  0.000000e+00  0.000000e+00  0.000000e+00  0.000000e+00  0.000000e+00  0.000000e+00  0.000000e+00  0.000000e+00  0.000000e+00  0.000000e+00  0.000000e+00  0.000000e+00  0.000000e+00  7.400000e-03
1.001182e-02  0.000000e+00  0.000000e+00  0.000000e+00  0.000000e+00  0.000000e+00  0.000000e+00  0.000000e+00  0.000000e+00  0.000000e+00  0.000000e+00  0.000000e+00  0.000000e+00  0.000000e+00  0.000000e+00  0.000000e+00  8.100000e-03
1.128954e-02  0.000000e+00  0.000000e+00  0.000000e+00  0.000000e+00  0.000000e+00  0.000000e+00  0.000000e+00  0.000000e+00  0.000000e+00  0.000000e+00  0.000000e+00  0.000000e+00  0.000000e+00  0.000000e+00  0.000000e+00  9.600000e-03
1.273032e-02  0.000000e+00  0.000000e+00  0.000000e+00  0.000000e+00  0.000000e+00  0.000000e+00  0.000000e+00  0.000000e+00  0.000000e+00  0.000000e+00  0.000000e+00  0.000000e+00  0.000000e+00  0.000000e+00  0.000000e+00  8.200000e-03
1.435498e-02  0.000000e+00  0.000000e+00  0.000000e+00  0.000000e+00  0.000000e+00  0.000000e+00  0.000000e+00  0.000000e+00  0.000000e+00  0.000000e+00  0.000000e+00  0.000000e+00  0.000000e+00  0.000000e+00  0.000000e+00  8.800000e-03
1.618697e-02  0.000000e+00  0.000000e+00  0.000000e+00  0.000000e+00  0.000000e+00  0.000000e+00  0.000000e+00  0.000000e+00  0.000000e+00  0.000000e+00  0.000000e+00  0.000000e+00  0.000000e+00  0.000000e+00  0.000000e+00  1.050000e-02
1.825277e-02  0.000000e+00  0.000000e+00  0.000000e+00  0.000000e+00  0.000000e+00  0.000000e+00  0.000000e+00  0.000000e+00  0.000000e+00  0.000000e+00  0.000000e+00  0.000000e+00  0.000000e+00  0.000000e+00  0.000000e+00  1.260000e-02
2.058221e-02  0.000000e+00  0.000000e+00  0.000000e+00  0.000000e+00  0.000000e+00  0.000000e+00  0.000000e+00  0.000000e+00  0.000000e+00  0.000000e+00  0.000000e+00  0.000000e+00  0.000000e+00  0.000000e+00  0.000000e+00  1.060000e-02
2.320893e-02  0.000000e+00  0.000000e+00  0.000000e+00  0.000000e+00  0.000000e+00  0.000000e+00  0.000000e+00  0.000000e+00  0.000000e+00  0.000000e+00  0.000000e+00  0.000000e+00  0.000000e+00  0.000000e+00  0.000000e+00  1.320000e-02
2.617088e-02  0.000000e+00  0.000000e+00  0.000000e+00  0.000000e+00  0.000000e+00  0.000000e+00  0.000000e+00  0.000000e+00  0.000000e+00  0.000000e+00  0.000000e+00  0.000000e+00  0.000000e+00  0.000000e+00  0.000000e+00  1.070000e-02
2.951083e-02  0.000000e+00  0.000000e+00  0.000000e+00  0.000000e+00  0.000000e+00  0.000000e+00  0.000000e+00  0.000000e+00  0.000000e+00  0.000000e+00  0.000000e+00  0.000000e+00  0.000000e+00  0.000000e+00  0.000000e+00  1.100000e-02
3.327703e-02  0.000000e+00  0.000000e+00  0.000000e+00  0.000000e+00  0.000000e+00  0.000000e+00  0.000000e+00  0.000000e+00  0.000000e+00  0.000000e+00  0.000000e+00  0.000000e+00  0.000000e+00  0.000000e+00  0.000000e+00  1.470000e-02
3.752387e-02  0.000000e+00  0.000000e+00  0.000000e+00  0.000000e+00  0.000000e+00  0.000000e+00  0.000000e+00  1.900000e-03  0.000000e+00  0.000000e+00  0.000000e+00  0.000000e+00  0.000000e+00  0.000000e+00  0.000000e+00  1.150000e-02
4.231271e-02  0.000000e+00  0.000000e+00  0.000000e+00  0.000000e+00  0.000000e+00  0.000000e+00  0.000000e+00  1.570000e-02  0.000000e+00  0.000000e+00  0.000000e+00  0.000000e+00  0.000000e+00  0.000000e+00  0.000000e+00  1.570000e-02
4.771269e-02  0.000000e+00  0.000000e+00  0.000000e+00  0.000000e+00  0.000000e+00  0.000000e+00  0.000000e+00  1.590000e-02  0.000000e+00  0.000000e+00  0.000000e+00  0.000000e+00  0.000000e+00  0.000000e+00  0.000000e+00  1.590000e-02
5.380183e-02  0.000000e+00  0.000000e+00  0.000000e+00  0.000000e+00  0.000000e+00  0.000000e+00  0.000000e+00  1.470000e-02  0.000000e+00  0.000000e+00  0.000000e+00  0.000000e+00  0.000000e+00  0.000000e+00  0.000000e+00  1.470000e-02
6.066808e-02  0.000000e+00  0.000000e+00  0.000000e+00  0.000000e+00  0.000000e+00  0.000000e+00  0.000000e+00  1.690000e-02  0.000000e+00  0.000000e+00  0.000000e+00  0.000000e+00  0.000000e+00  0.000000e+00  0.000000e+00  1.690000e-02
6.841059e-02  0.000000e+00  0.000000e+00  0.000000e+00  0.000000e+00  0.000000e+00  0.000000e+00  0.000000e+00  1.630000e-02  0.000000e+00  0.000000e+00  0.000000e+00  0.000000e+00  0.000000e+00  0.000000e+00  0.000000e+00  1.630000e-02
7.714122e-02  0.000000e+00  0.000000e+00  0.000000e+00  0.000000e+00  0.000000e+00  0.000000e+00  0.000000e+00  1.550000e-02  0.000000e+00  0.000000e+00  0.000000e+00  0.000000e+00  0.000000e+00  0.000000e+00  0.000000e+00  1.550000e-02
8.698606e-02  0.000000e+00  0.000000e+00  0.000000e+00  0.000000e+00  0.000000e+00  0.000000e+00  0.000000e+00  1.880000e-02  0.000000e+00  0.000000e+00  0.000000e+00  0.000000e+00  0.000000e+00  0.000000e+00  0.000000e+00  1.880000e-02
9.808730e-02  0.000000e+00  0.000000e+00  0.000000e+00  0.000000e+00  0.000000e+00  0.000000e+00  0.000000e+00  1.820000e-02  0.000000e+00  0.000000e+00  0.000000e+00  0.000000e+00  0.000000e+00  0.000000e+00  0.000000e+00  1.820000e-02
1.106053e-01  0.000000e+00  0.000000e+00  0.000000e+00  0.000000e+00  0.000000e+00  0.000000e+00  0.000000e+00  1.670000e-02  0.000000e+00  0.000000e+00  0.000000e+00  0.000000e+00  0.000000e+00  0.000000e+00  0.000000e+00  1.670000e-02
1.247208e-01  0.000000e+00  0.000000e+00  0.000000e+00  0.000000e+00  0.000000e+00  0.000000e+00  0.000000e+00  1.840000e-02  0.000000e+00  0.000000e+00  0.000000e+00  0.000000e+00  0.000000e+00  0.000000e+00  0.000000e+00  1.840000e-02
1.406378e-01  0.000000e+00  0.000000e+00  0.000000e+00  0.000000e+00  0.000000e+00  0.000000e+00  0.000000e+00  1.760000e-02  0.000000e+00  0.000000e+00  0.000000e+00  0.000000e+00  0.000000e+00  0.000000e+00  0.000000e+00  1.760000e-02
1.585862e-01  0.000000e+00  0.000000e+00  0.000000e+00  0.000000e+00  0.000000e+00  0.000000e+00  0.000000e+00  1.590000e-02  0.000000e+00  0.000000e+00  0.000000e+00  0.000000e+00  0.000000e+00  0.000000e+00  0.000000e+00  1.590000e-02
1.788251e-01  0.000000e+00  0.000000e+00  0.000000e+00  0.000000e+00  0.000000e+00  0.000000e+00  0.000000e+00  1.730000e-02  0.000000e+00  0.000000e+00  0.000000e+00  0.000000e+00  0.000000e+00  0.000000e+00  0.000000e+00  1.730000e-02
2.016469e-01  0.000000e+00  0.000000e+00  0.000000e+00  0.000000e+00  0.000000e+00  0.000000e+00  0.000000e+00  1.710000e-02  0.000000e+00  0.000000e+00  0.000000e+00  0.000000e+00  0.000000e+00  0.000000e+00  0.000000e+00  1.710000e-02
2.273813e-01  0.000000e+00  0.000000e+00  0.000000e+00  0.000000e+00  0.000000e+00  0.000000e+00  0.000000e+00  1.920000e-02  0.000000e+00  0.000000e+00  0.000000e+00  0.000000e+00  0.000000e+00  0.000000e+00  0.000000e+00  1.920000e-02
2.563999e-01  0.000000e+00  0.000000e+00  0.000000e+00  0.000000e+00  0.000000e+00  0.000000e+00  0.000000e+00  1.640000e-02  0.000000e+00  0.000000e+00  0.000000e+00  0.000000e+00  0.000000e+00  0.000000e+00  0.000000e+00  1.640000e-02
2.891219e-01  0.000000e+00  0.000000e+00  0.000000e+00  0.000000e+00  0.000000e+00  0.000000e+00  0.000000e+00  1.870000e-02  0.000000e+00  0.000000e+00  0.000000e+00  0.000000e+00  0.000000e+00  0.000000e+00  0.000000e+00  1.870000e-02
3.260199e-01  0.000000e+00  0.000000e+00  0.000000e+00  0.000000e+00  0.000000e+00  0.000000e+00  0.000000e+00  1.800000e-02  0.000000e+00  0.000000e+00  0.000000e+00  0.000000e+00  0.000000e+00  0.000000e+00  0.000000e+00  1.800000e-02
3.676269e-01  0.000000e+00  0.000000e+00  0.000000e+00  0.000000e+00  0.000000e+00  0.000000e+00  0.000000e+00  2.140000e-02  0.000000e+00  0.000000e+00  0.000000e+00  0.000000e+00  0.000000e+00  0.000000e+00  0.000000e+00  2.140000e-02
4.145438e-01  0.000000e+00  0.000000e+00  0.000000e+00  0.000000e+00  0.000000e+00  0.000000e+00  0.000000e+00  1.700000e-02  0.000000e+00  0.000000e+00  0.000000e+00  0.000000e+00  0.000000e+00  0.000000e+00  0.000000e+00  1.700000e-02
4.674483e-01  0.000000e+00  0.000000e+00  0.000000e+00  0.000000e+00  0.000000e+00  0.000000e+00  0.000000e+00  1.610000e-02  0.000000e+00  0.000000e+00  0.000000e+00  0.000000e+00  0.000000e+00  0.000000e+00  0.000000e+00  1.610000e-02
5.271045e-01  0.000000e+00  0.000000e+00  0.000000e+00  0.000000e+00  0.000000e+00  0.000000e+00  0.000000e+00  1.770000e-02  0.000000e+00  0.000000e+00  0.000000e+00  0.000000e+00  0.000000e+00  0.000000e+00  0.000000e+00  1.770000e-02
5.943741e-01  0.000000e+00  0.000000e+00  0.000000e+00  0.000000e+00  0.000000e+00  0.000000e+00  0.000000e+00  1.690000e-02  0.000000e+00  0.000000e+00  0.000000e+00  0.000000e+00  0.000000e+00  0.000000e+00  0.000000e+00  1.690000e-02
6.702287e-01  0.000000e+00  0.000000e+00  0.000000e+00  0.000000e+00  0.000000e+00  0.000000e+00  0.000000e+00  1.860000e-02  0.000000e+00  0.000000e+00  0.000000e+00  0.000000e+00  0.000000e+00  0.000000e+00  0.000000e+00  1.860000e-02
7.557639e-01  0.000000e+00  0.000000e+00  0.000000e+00  0.000000e+00  0.000000e+00  0.000000e+00  0.000000e+00  1.700000e-02  0.000000e+00  0.000000e+00  0.000000e+00  0.000000e+00  0.000000e+00  0.000000e+00  0.000000e+00  1.700000e-02
8.522152e-01  0.000000e+00  0.000000e+00  0.000000e+00  0.000000e+00  0.000000e+00  0.000000e+00  0.000000e+00  1.950000e-02  0.000000e+00  0.000000e+00  0.000000e+00  0.000000e+00  0.000000e+00  0.000000e+00  0.000000e+00  1.950000e-02
9.609757e-01  0.000000e+00  0.000000e+00  0.000000e+00  0.000000e+00  0.000000e+00  0.000000e+00  0.000000e+00  1.730000e-02  0.000000e+00  0.000000e+00  0.000000e+00  0.000000e+00  0.000000e+00  0.000000e+00  0.000000e+00  1.730000e-02
1.083616e+00  0.000000e+00  0.000000e+00  0.000000e+00  0.000000e+00  0.000000e+00  0.000000e+00  0.000000e+00  1.600000e-02  0.000000e+00  0.000000e+00  0.000000e+00  0.000000e+00  0.000000e+00  0.000000e+00  0.000000e+00  1.600000e-02
1.221909e+00  0.000000e+00  0.000000e+00  0.000000e+00  0.000000e+00  0.000000e+00  0.000000e+00  0.000000e+00  1.480000e-02  0.000000e+00  0.000000e+00  0.000000e+00  0.000000e+00  0.000000e+00  0.000000e+00  0.000000e+00  1.480000e-02
1.377850e+00  0.000000e+00  0.000000e+00  0.000000e+00  0.000000e+00  0.000000e+00  0.000000e+00  0.000000e+00  1.640000e-02  0.000000e+00  0.000000e+00  0.000000e+00  0.000000e+00  0.000000e+00  0.000000e+00  0.000000e+00  1.640000e-02
1.553692e+00  0.000000e+00  0.000000e+00  0.000000e+00  0.000000e+00  0.000000e+00  0.000000e+00  0.000000e+00  1.290000e-02  0.000000e+00  0.000000e+00  0.000000e+00  0.000000e+00  0.000000e+00  0.000000e+00  0.000000e+00  1.290000e-02
1.751976e+00  0.000000e+00  0.000000e+00  0.000000e+00  0.000000e+00  0.000000e+00  0.000000e+00  0.000000e+00  1.690000e-02  0.000000e+00  0.000000e+00  0.000000e+00  0.000000e+00  0.000000e+00  0.000000e+00  0.000000e+00  1.690000e-02
1.975565e+00  0.000000e+00  0.000000e+00  0.000000e+00  0.000000e+00  0.000000e+00  0.000000e+00  0.000000e+00  1.450000e-02  0.000000e+00  0.000000e+00  0.000000e+00  0.000000e+00  0.000000e+00  0.000000e+00  0.000000e+00  1.450000e-02
2.227688e+00  0.000000e+00  0.000000e+00  0.000000e+00  0.000000e+00  0.000000e+00  0.000000e+00  0.000000e+00  1.470000e-02  0.000000e+00  0.000000e+00  0.000000e+00  0.000000e+00  0.000000e+00  0.000000e+00  3.200000e-03  1.470000e-02
2.511988e+00  0.000000e+00  0.000000e+00  0.000000e+00  0.000000e+00  0.000000e+00  0.000000e+00  0.000000e+00  1.590000e-02  0.000000e+00  0.000000e+00  0.000000e+00  0.000000e+00  0.000000e+00  0.000000e+00  1.000000e-02  1.590000e-02
2.832570e+00  0.000000e+00  0.000000e+00  0.000000e+00  0.000000e+00  0.000000e+00  0.000000e+00  0.000000e+00  1.410000e-02  0.000000e+00  0.000000e+00  0.000000e+00  0.000000e+00  0.000000e+00  0.000000e+00  1.190000e-02  1.410000e-02
3.194065e+00  0.000000e+00  0.000000e+00  0.000000e+00  0.000000e+00  0.000000e+00  0.000000e+00  0.000000e+00  1.190000e-02  0.000000e+00  0.000000e+00  0.000000e+00  0.000000e+00  0.000000e+00  0.000000e+00  1.590000e-02  1.190000e-02
3.601695e+00  0.000000e+00  0.000000e+00  0.000000e+00  0.000000e+00  0.000000e+00  0.000000e+00  0.000000e+00  1.290000e-02  0.000000e+00  0.000000e+00  0.000000e+00  0.000000e+00  0.000000e+00  0.000000e+00  1.720000e-02  1.290000e-02
4.061347e+00  0.000000e+00  0.000000e+00  0.000000e+00  0.000000e+00  0.000000e+00  0.000000e+00  0.000000e+00  1.240000e-02  0.000000e+00  0.000000e+00  0.000000e+00  0.000000e+00  0.000000e+00  0.000000e+00  1.550000e-02  1.240000e-02
4.579660e+00  0.000000e+00  0.000000e+00  0.000000e+00  0.000000e+00  0.000000e+00  0.000000e+00  0.000000e+00  1.050000e-02  0.000000e+00  0.000000e+00  0.000000e+00  0.000000e+00  0.000000e+00  0.000000e+00  1.900000e-02  1.050000e-02
5.164120e+00  0.000000e+00  0.000000e+00  0.000000e+00  0.000000e+00  0.000000e+00  0.000000e+00  0.000000e+00  1.110000e-02  0.000000e+00  0.000000e+00  0.000000e+00  0.000000e+00  0.000000e+00  0.000000e+00  1.810000e-02  1.110000e-02
5.823170e+00  0.000000e+00  0.000000e+00  0.000000e+00  0.000000e+00  0.000000e+00  0.000000e+00  0.000000e+00  9.800000e-03  0.000000e+00  0.000000e+00  0.000000e+00  0.000000e+00  0.000000e+00  0.000000e+00  1.870000e-02  9.800000e-03
6.566329e+00  0.000000e+00  0.000000e+00  0.000000e+00  0.000000e+00  0.000000e+00  0.000000e+00  1.180000e-02  4.500000e-03  0.000000e+00  0.000000e+00  0.000000e+00  0.000000e+00  0.000000e+00  0.000000e+00  1.730000e-02  9.000000e-03
7.404330e+00  0.000000e+00  0.000000e+00  0.000000e+00  0.000000e+00  0.000000e+00  0.000000e+00  1.890000e-02  0.000000e+00  0.000000e+00  0.000000e+00  0.000000e+00  0.000000e+00  0.000000e+00  6.600000e-03  1.890000e-02  1.200000e-02
8.349278e+00  0.000000e+00  0.000000e+00  0.000000e+00  0.000000e+00  0.000000e+00  0.000000e+00  1.800000e-02  0.000000e+00  0.000000e+00  0.000000e+00  0.000000e+00  0.000000e+00  0.000000e+00  1.010000e-02  1.800000e-02  1.110000e-02
9.414821e+00  0.000000e+00  0.000000e+00  0.000000e+00  0.000000e+00  0.000000e+00  0.000000e+00  1.930000e-02  0.000000e+00  0.000000e+00  0.000000e+00  0.000000e+00  0.000000e+00  0.000000e+00  1.280000e-02  1.930000e-02  8.900000e-03
1.061635e+01  0.000000e+00  0.000000e+00  0.000000e+00  0.000000e+00  0.000000e+00  0.000000e+00  1.990000e-02  0.000000e+00  0.000000e+00  0.000000e+00  0.000000e+00  0.000000e+00  0.000000e+00  1.520000e-02  1.990000e-02  9.700000e-03
1.197122e+01  0.000000e+00  0.000000e+00  0.000000e+00  0.000000e+00  0.000000e+00  0.000000e+00  1.900000e-02  0.000000e+00  0.000000e+00  0.000000e+00  0.000000e+00  0.000000e+00  0.000000e+00  1.310000e-02  1.900000e-02  9.000000e-03
1.349900e+01  0.000000e+00  0.000000e+00  0.000000e+00  0.000000e+00  0.000000e+00  0.000000e+00  1.890000e-02  0.000000e+00  0.000000e+00  0.000000e+00  0.000000e+00  0.000000e+00  7.600000e-03  1.500000e-02  1.890000e-02  7.100000e-03
1.522175e+01  0.000000e+00  0.000000e+00  0.000000e+00  0.000000e+00  0.000000e+00  0.000000e+00  1.730000e-02  0.000000e+00  0.000000e+00  0.000000e+00  0.000000e+00  0.000000e+00  1.240000e-02  1.640000e-02  1.730000e-02  8.600000e-03
1.716437e+01  0.000000e+00  0.000000e+00  0.000000e+00  0.000000e+00  0.000000e+00  0.000000e+00  1.880000e-02  0.000000e+00  0.000000e+00  0.000000e+00  0.000000e+00  0.000000e+00  1.030000e-02  1.800000e-02  1.880000e-02  6.000000e-03
1.935490e+01  0.000000e+00  0.000000e+00  0.000000e+00  0.000000e+00  0.000000e+00  0.000000e+00  1.850000e-02  0.000000e+00  0.000000e+00  0.000000e+00  0.000000e+00  0.000000e+00  1.370000e-02  1.750000e-02  1.850000e-02  7.400000e-03
2.182499e+01  0.000000e+00  0.000000e+00  0.000000e+00  0.000000e+00  0.000000e+00  7.700000e-03  1.770000e-02  0.000000e+00  0.000000e+00  0.000000e+00  0.000000e+00  0.000000e+00  1.580000e-02  1.800000e-02  1.770000e-02  8.800000e-03
2.461031e+01  0.000000e+00  0.000000e+00  0.000000e+00  0.000000e+00  0.000000e+00  1.830000e-02  1.640000e-02  0.000000e+00  0.000000e+00  0.000000e+00  0.000000e+00  0.000000e+00  1.550000e-02  1.830000e-02  1.640000e-02  7.100000e-03
2.775111e+01  0.000000e+00  0.000000e+00  0.000000e+00  0.000000e+00  0.000000e+00  1.620000e-02  1.710000e-02  0.000000e+00  0.000000e+00  0.000000e+00  0.000000e+00  0.000000e+00  1.680000e-02  1.620000e-02  1.710000e-02  6.000000e-03
3.129273e+01  0.000000e+00  0.000000e+00  0.000000e+00  0.000000e+00  0.000000e+00  1.900000e-02  1.400000e-02  0.000000e+00  0.000000e+00  0.000000e+00  0.000000e+00  0.000000e+00  1.790000e-02  1.900000e-02  1.400000e-02  6.100000e-03
3.528634e+01  0.000000e+00  0.000000e+00  0.000000e+00  0.000000e+00  0.000000e+00  1.880000e-02  1.700000e-02  0.000000e+00  0.000000e+00  0.000000e+00  0.000000e+00  1.140000e-02  1.550000e-02  1.880000e-02  1.700000e-02  4.900000e-03
3.978961e+01  0.000000e+00  0.000000e+00  0.000000e+00  0.000000e+00  8.700000e-03  1.670000e-02  1.700000e-02  0.000000e+00  0.000000e+00  0.000000e+00  0.000000e+00  1.210000e-02  1.820000e-02  1.670000e-02  1.700000e-02  4.900000e-03
4.486760e+01  0.000000e+00  0.000000e+00  0.000000e+00  0.000000e+00  1.850000e-02  1.750000e-02  1.750000e-02  0.000000e+00  0.000000e+00  0.000000e+00  0.000000e+00  1.300000e-02  1.850000e-02  1.750000e-02  1.750000e-02  3.800000e-03
5.059365e+01  0.000000e+00  0.000000e+00  0.000000e+00  0.000000e+00  1.770000e-02  1.740000e-02  1.820000e-02  0.000000e+00  0.000000e+00  0.000000e+00  0.000000e+00  1.520000e-02  1.770000e-02  1.740000e-02  1.820000e-02  4.000000e-03
5.705046e+01  0.000000e+00  0.000000e+00  0.000000e+00  0.000000e+00  1.330000e-02  1.730000e-02  1.600000e-02  0.000000e+00  0.000000e+00  0.000000e+00  0.000000e+00  1.660000e-02  1.330000e-02  1.730000e-02  1.600000e-02  4.400000e-03
6.433129e+01  0.000000e+00  0.000000e+00  0.000000e+00  0.000000e+00  1.840000e-02  1.820000e-02  1.540000e-02  0.000000e+00  0.000000e+00  0.000000e+00  0.000000e+00  1.570000e-02  1.840000e-02  1.820000e-02  1.540000e-02  7.000000e-04
7.254131e+01  0.000000e+00  0.000000e+00  0.000000e+00  0.000000e+00  1.770000e-02  1.770000e-02  1.660000e-02  0.000000e+00  0.000000e+00  0.000000e+00  0.000000e+00  1.580000e-02  1.770000e-02  1.770000e-02  1.660000e-02  0.000000e+00
8.179911e+01  0.000000e+00  0.000000e+00  0.000000e+00  0.000000e+00  1.760000e-02  1.800000e-02  1.540000e-02  0.000000e+00  0.000000e+00  0.000000e+00  0.000000e+00  1.730000e-02  1.760000e-02  1.800000e-02  1.540000e-02  0.000000e+00
9.223839e+01  0.000000e+00  0.000000e+00  0.000000e+00  0.000000e+00  1.930000e-02  1.550000e-02  1.790000e-02  0.000000e+00  0.000000e+00  0.000000e+00  0.000000e+00  1.650000e-02  1.930000e-02  1.550000e-02  1.790000e-02  0.000000e+00
1.040099e+02  0.000000e+00  0.000000e+00  0.000000e+00  1.540000e-02  1.720000e-02  1.760000e-02  1.600000e-02  0.000000e+00  0.000000e+00  0.000000e+00  0.000000e+00  1.680000e-02  1.720000e-02  1.760000e-02  1.600000e-02  0.000000e+00
1.172838e+02  0.000000e+00  0.000000e+00  0.000000e+00  1.600000e-02  1.820000e-02  1.700000e-02  1.840000e-02  0.000000e+00  0.000000e+00  0.000000e+00  0.000000e+00  1.600000e-02  1.820000e-02  1.700000e-02  1.840000e-02  0.000000e+00
1.322517e+02  0.000000e+00  0.000000e+00  0.000000e+00  1.630000e-02  1.640000e-02  1.620000e-02  1.470000e-02  0.000000e+00  0.000000e+00  0.000000e+00  0.000000e+00  1.630000e-02  1.640000e-02  1.620000e-02  1.470000e-02  0.000000e+00
1.491297e+02  0.000000e+00  0.000000e+00  0.000000e+00  1.880000e-02  1.930000e-02  1.710000e-02  1.650000e-02  0.000000e+00  0.000000e+00  0.000000e+00  6.000000e-03  1.880000e-02  1.930000e-02  1.710000e-02  1.650000e-02  0.000000e+00
1.681618e+02  0.000000e+00  0.000000e+00  0.000000e+00  1.880000e-02  1.440000e-02  1.530000e-02  1.500000e-02  0.000000e+00  0.000000e+00  0.000000e+00  1.350000e-02  1.880000e-02  1.440000e-02  1.530000e-02  1.500000e-02  0.000000e+00
1.896228e+02  0.000000e+00  0.000000e+00  0.000000e+00  1.750000e-02  1.800000e-02  1.680000e-02  1.670000e-02  0.000000e+00  0.000000e+00  0.000000e+00  1.340000e-02  1.750000e-02  1.800000e-02  1.680000e-02  1.670000e-02  0.000000e+00
2.138226e+02  0.000000e+00  0.000000e+00  0.000000e+00  1.680000e-02  1.600000e-02  1.800000e-02  1.510000e-02  0.000000e+00  0.000000e+00  0.000000e+00  1.380000e-02  1.680000e-02  1.600000e-02  1.800000e-02  1.510000e-02  0.000000e+00
2.411109e+02  0.000000e+00  0.000000e+00  0.000000e+00  1.790000e-02  1.570000e-02  1.470000e-02  1.640000e-02  0.000000e+00  0.000000e+00  0.000000e+00  1.630000e-02  1.790000e-02  1.570000e-02  1.470000e-02  1.640000e-02  0.000000e+00
2.718817e+02  0.000000e+00  0.000000e+00  0.000000e+00  1.550000e-02  1.520000e-02  1.410000e-02  1.670000e-02  0.000000e+00  0.000000e+00  0.000000e+00  1.650000e-02  1.550000e-02  1.520000e-02  1.410000e-02  1.670000e-02  0.000000e+00
3.065795e+02  0.000000e+00  0.000000e+00  0.000000e+00  1.940000e-02  1.730000e-02  1.290000e-02  1.610000e-02  0.000000e+00  0.000000e+00  0.000000e+00  1.560000e-02  1.940000e-02  1.730000e-02  1.290000e-02  1.610000e-02  0.000000e+00
3.457054e+02  0.000000e+00  0.000000e+00  0.000000e+00  1.720000e-02  1.700000e-02  1.340000e-02  1.570000e-02  0.000000e+00  0.000000e+00  0.000000e+00  1.530000e-02  1.720000e-02  1.700000e-02  1.340000e-02  1.570000e-02  0.000000e+00
3.898247e+02  0.000000e+00  0.000000e+00  0.000000e+00  1.690000e-02  1.650000e-02  1.500000e-02  1.350000e-02  0.000000e+00  0.000000e+00  0.000000e+00  1.880000e-02  1.690000e-02  1.650000e-02  1.500000e-02  1.350000e-02  0.000000e+00
4.395745e+02  0.000000e+00  0.000000e+00  1.140000e-02  1.810000e-02  1.590000e-02  1.600000e-02  1.480000e-02  0.000000e+00  0.000000e+00  0.000000e+00  1.720000e-02  1.810000e-02  1.590000e-02  1.600000e-02  1.480000e-02  0.000000e+00
4.956734e+02  0.000000e+00  0.000000e+00  1.850000e-02  1.680000e-02  1.380000e-02  1.600000e-02  1.260000e-02  0.000000e+00  0.000000e+00  0.000000e+00  1.850000e-02  1.680000e-02  1.380000e-02  1.600000e-02  1.260000e-02  0.000000e+00
5.589317e+02  0.000000e+00  0.000000e+00  1.500000e-02  1.740000e-02  1.440000e-02  1.530000e-02  1.290000e-02  0.000000e+00  0.000000e+00  0.000000e+00  1.500000e-02  1.740000e-02  1.440000e-02  1.530000e-02  1.290000e-02  0.000000e+00
6.302631e+02  0.000000e+00  0.000000e+00  1.700000e-02  1.630000e-02  1.340000e-02  1.710000e-02  1.560000e-02  0.000000e+00  0.000000e+00  7.900000e-03  1.700000e-02  1.630000e-02  1.340000e-02  1.710000e-02  1.560000e-02  0.000000e+00
7.106979e+02  0.000000e+00  0.000000e+00  2.070000e-02  1.510000e-02  1.610000e-02  1.490000e-02  1.430000e-02  0.000000e+00  0.000000e+00  1.340000e-02  2.070000e-02  1.510000e-02  1.610000e-02  1.490000e-02  1.430000e-02  0.000000e+00
8.013979e+02  0.000000e+00  0.000000e+00  1.930000e-02  1.730000e-02  1.320000e-02  1.510000e-02  1.230000e-02  0.000000e+00  0.000000e+00  1.510000e-02  1.930000e-02  1.730000e-02  1.320000e-02  1.510000e-02  1.230000e-02  0.000000e+00
9.036731e+02  0.000000e+00  0.000000e+00  1.810000e-02  1.650000e-02  1.700000e-02  1.550000e-02  1.010000e-02  0.000000e+00  0.000000e+00  1.420000e-02  1.810000e-02  1.650000e-02  1.700000e-02  1.550000e-02  1.110000e-02  0.000000e+00
1.019001e+03  0.000000e+00  0.000000e+00  1.740000e-02  1.510000e-02  1.590000e-02  1.600000e-02  0.000000e+00  0.000000e+00  0.000000e+00  1.710000e-02  1.740000e-02  1.510000e-02  1.590000e-02  1.600000e-02  1.000000e-02  0.000000e+00
1.149047e+03  0.000000e+00  0.000000e+00  1.890000e-02  1.720000e-02  1.670000e-02  1.290000e-02  0.000000e+00  0.000000e+00  0.000000e+00  1.700000e-02  1.890000e-02  1.720000e-02  1.670000e-02  1.290000e-02  8.900000e-03  0.000000e+00
1.295689e+03  0.000000e+00  0.000000e+00  2.020000e-02  1.530000e-02  1.520000e-02  1.640000e-02  0.000000e+00  0.000000e+00  0.000000e+00  1.630000e-02  2.020000e-02  1.530000e-02  1.520000e-02  1.640000e-02  1.160000e-02  0.000000e+00
1.461046e+03  0.000000e+00  0.000000e+00  1.830000e-02  1.490000e-02  1.530000e-02  1.370000e-02  0.000000e+00  0.000000e+00  0.000000e+00  1.880000e-02  1.830000e-02  1.490000e-02  1.530000e-02  1.370000e-02  8.200000e-03  0.000000e+00
1.647506e+03  0.000000e+00  3.300000e-03  1.880000e-02  1.490000e-02  1.650000e-02  1.340000e-02  0.000000e+00  0.000000e+00  0.000000e+00  1.850000e-02  1.880000e-02  1.490000e-02  1.650000e-02  1.340000e-02  1.000000e-02  0.000000e+00
1.857762e+03  0.000000e+00  1.940000e-02  1.610000e-02  1.670000e-02  1.480000e-02  1.490000e-02  0.000000e+00  0.000000e+00  0.000000e+00  1.940000e-02  1.610000e-02  1.670000e-02  1.480000e-02  1.490000e-02  9.500000e-03  0.000000e+00
2.094852e+03  0.000000e+00  1.910000e-02  1.860000e-02  1.440000e-02  1.520000e-02  1.230000e-02  0.000000e+00  0.000000e+00  0.000000e+00  1.910000e-02  1.860000e-02  1.440000e-02  1.520000e-02  1.230000e-02  9.100000e-03  0.000000e+00
2.362199e+03  0.000000e+00  1.840000e-02  1.860000e-02  1.710000e-02  1.400000e-02  1.460000e-02  0.000000e+00  0.000000e+00  0.000000e+00  1.840000e-02  1.860000e-02  1.710000e-02  1.400000e-02  1.460000e-02  8.200000e-03  0.000000e+00
2.663665e+03  0.000000e+00  2.060000e-02  1.790000e-02  1.750000e-02  1.550000e-02  1.270000e-02  0.000000e+00  0.000000e+00  0.000000e+00  2.060000e-02  1.790000e-02  1.750000e-02  1.550000e-02  1.270000e-02  7.600000e-03  0.000000e+00
3.003604e+03  0.000000e+00  1.960000e-02  1.730000e-02  1.700000e-02  1.400000e-02  1.330000e-02  0.000000e+00  0.000000e+00  0.000000e+00  1.960000e-02  1.730000e-02  1.700000e-02  1.400000e-02  1.330000e-02  5.800000e-03  0.000000e+00
3.386927e+03  0.000000e+00  2.150000e-02  1.910000e-02  1.550000e-02  1.450000e-02  1.380000e-02  0.000000e+00  0.000000e+00  0.000000e+00  2.150000e-02  1.910000e-02  1.550000e-02  1.450000e-02  1.380000e-02  6.900000e-03  0.000000e+00
3.819170e+03  0.000000e+00  1.810000e-02  1.990000e-02  1.630000e-02  1.500000e-02  9.700000e-03  0.000000e+00  0.000000e+00  0.000000e+00  1.810000e-02  1.990000e-02  1.630000e-02  1.500000e-02  1.430000e-02  6.300000e-03  0.000000e+00
4.306576e+03  0.000000e+00  2.050000e-02  1.910000e-02  1.420000e-02  1.470000e-02  0.000000e+00  0.000000e+00  0.000000e+00  0.000000e+00  2.050000e-02  1.910000e-02  1.420000e-02  1.470000e-02  1.210000e-02  5.400000e-03  0.000000e+00
4.856186e+03  0.000000e+00  2.270000e-02  1.840000e-02  1.750000e-02  1.500000e-02  0.000000e+00  0.000000e+00  0.000000e+00  0.000000e+00  2.270000e-02  1.840000e-02  1.750000e-02  1.500000e-02  1.280000e-02  6.700000e-03  0.000000e+00
5.475937e+03  0.000000e+00  2.100000e-02  1.910000e-02  1.690000e-02  1.360000e-02  0.000000e+00  0.000000e+00  0.000000e+00  0.000000e+00  2.100000e-02  1.910000e-02  1.690000e-02  1.360000e-02  1.120000e-02  5.700000e-03  0.000000e+00
6.174781e+03  0.000000e+00  2.370000e-02  1.820000e-02  1.630000e-02  1.440000e-02  0.000000e+00  0.000000e+00  0.000000e+00  0.000000e+00  2.370000e-02  1.820000e-02  1.630000e-02  1.440000e-02  1.180000e-02  5.700000e-03  0.000000e+00
6.962812e+03  0.000000e+00  2.190000e-02  1.770000e-02  1.900000e-02  3.500000e-03  0.000000e+00  0.000000e+00  0.000000e+00  0.000000e+00  2.190000e-02  1.770000e-02  1.900000e-02  1.450000e-02  1.060000e-02  4.500000e-03  0.000000e+00
7.851413e+03  0.000000e+00  1.990000e-02  1.850000e-02  1.760000e-02  0.000000e+00  0.000000e+00  0.000000e+00  0.000000e+00  0.000000e+00  1.990000e-02  1.850000e-02  1.760000e-02  1.480000e-02  1.020000e-02  3.800000e-03  0.000000e+00
8.853418e+03  0.000000e+00  2.420000e-02  1.980000e-02  1.630000e-02  0.000000e+00  0.000000e+00  0.000000e+00  0.000000e+00  0.000000e+00  2.420000e-02  1.980000e-02  1.630000e-02  1.380000e-02  1.040000e-02  1.000000e-04  0.000000e+00
9.983300e+03  0.000000e+00  2.180000e-02  2.070000e-02  1.470000e-02  0.000000e+00  0.000000e+00  0.000000e+00  0.000000e+00  0.000000e+00  2.180000e-02  2.070000e-02  1.470000e-02  1.450000e-02  1.000000e-02  0.000000e+00  0.000000e+00
1.125738e+04  0.000000e+00  1.930000e-02  2.280000e-02  1.600000e-02  0.000000e+00  0.000000e+00  0.000000e+00  0.000000e+00  8.200000e-03  1.930000e-02  2.280000e-02  1.600000e-02  1.130000e-02  1.050000e-02  0.000000e+00  0.000000e+00
1.269406e+04  0.000000e+00  2.270000e-02  2.090000e-02  1.560000e-02  0.000000e+00  0.000000e+00  0.000000e+00  0.000000e+00  1.470000e-02  2.270000e-02  2.090000e-02  1.630000e-02  1.250000e-02  8.300000e-03  0.000000e+00  0.000000e+00
1.431408e+04  0.000000e+00  2.560000e-02  2.110000e-02  0.000000e+00  0.000000e+00  0.000000e+00  0.000000e+00  0.000000e+00  1.810000e-02  2.560000e-02  2.110000e-02  1.720000e-02  1.280000e-02  7.400000e-03  0.000000e+00  0.000000e+00
1.614086e+04  0.000000e+00  2.680000e-02  1.880000e-02  0.000000e+00  0.000000e+00  0.000000e+00  0.000000e+00  0.000000e+00  1.910000e-02  2.680000e-02  1.880000e-02  1.770000e-02  1.160000e-02  8.000000e-03  0.000000e+00  0.000000e+00
1.820077e+04  0.000000e+00  2.490000e-02  2.190000e-02  0.000000e+00  0.000000e+00  0.000000e+00  0.000000e+00  0.000000e+00  2.110000e-02  2.490000e-02  2.190000e-02  1.880000e-02  9.500000e-03  7.000000e-03  0.000000e+00  0.000000e+00
2.052357e+04  0.000000e+00  2.480000e-02  2.110000e-02  0.000000e+00  0.000000e+00  0.000000e+00  0.000000e+00  0.000000e+00  2.400000e-02  2.480000e-02  2.110000e-02  1.680000e-02  1.050000e-02  1.000000e-04  0.000000e+00  0.000000e+00
2.314281e+04  0.000000e+00  2.360000e-02  2.060000e-02  0.000000e+00  0.000000e+00  0.000000e+00  0.000000e+00  0.000000e+00  2.360000e-02  2.360000e-02  2.060000e-02  1.520000e-02  8.600000e-03  0.000000e+00  0.000000e+00  0.000000e+00
2.609632e+04  1.810000e-02  2.660000e-02  2.090000e-02  0.000000e+00  0.000000e+00  0.000000e+00  0.000000e+00  0.000000e+00  2.430000e-02  2.660000e-02  2.090000e-02  1.380000e-02  4.100000e-03  0.000000e+00  0.000000e+00  0.000000e+00
2.942675e+04  2.720000e-02  2.710000e-02  1.930000e-02  0.000000e+00  0.000000e+00  0.000000e+00  0.000000e+00  0.000000e+00  2.720000e-02  2.710000e-02  2.210000e-02  1.410000e-02  0.000000e+00  0.000000e+00  0.000000e+00  0.000000e+00
3.318222e+04  2.740000e-02  2.630000e-02  0.000000e+00  0.000000e+00  0.000000e+00  0.000000e+00  0.000000e+00  0.000000e+00  2.740000e-02  2.630000e-02  2.050000e-02  1.170000e-02  0.000000e+00  0.000000e+00  0.000000e+00  0.000000e+00
3.741697e+04  2.880000e-02  2.590000e-02  0.000000e+00  0.000000e+00  0.000000e+00  0.000000e+00  0.000000e+00  0.000000e+00  2.880000e-02  2.590000e-02  2.250000e-02  9.000000e-03  0.000000e+00  0.000000e+00  0.000000e+00  0.000000e+00
4.219216e+04  3.080000e-02  3.050000e-02  0.000000e+00  0.000000e+00  0.000000e+00  0.000000e+00  0.000000e+00  0.000000e+00  3.080000e-02  3.050000e-02  2.270000e-02  0.000000e+00  0.000000e+00  0.000000e+00  0.000000e+00  0.000000e+00
4.757677e+04  3.280000e-02  2.240000e-02  0.000000e+00  0.000000e+00  0.000000e+00  0.000000e+00  0.000000e+00  0.000000e+00  3.280000e-02  2.240000e-02  2.120000e-02  0.000000e+00  0.000000e+00  0.000000e+00  0.000000e+00  0.000000e+00
5.364856e+04  3.180000e-02  2.490000e-02  0.000000e+00  0.000000e+00  0.000000e+00  0.000000e+00  0.000000e+00  0.000000e+00  3.180000e-02  2.490000e-02  2.070000e-02  0.000000e+00  0.000000e+00  0.000000e+00  0.000000e+00  0.000000e+00
6.049524e+04  3.540000e-02  1.290000e-02  0.000000e+00  0.000000e+00  0.000000e+00  0.000000e+00  0.000000e+00  0.000000e+00  3.540000e-02  2.470000e-02  2.010000e-02  0.000000e+00  0.000000e+00  0.000000e+00  0.000000e+00  0.000000e+00
6.821570e+04  3.410000e-02  0.000000e+00  0.000000e+00  0.000000e+00  0.000000e+00  0.000000e+00  0.000000e+00  0.000000e+00  3.410000e-02  2.530000e-02  4.500000e-03  0.000000e+00  0.000000e+00  0.000000e+00  0.000000e+00  0.000000e+00
7.692145e+04  3.670000e-02  0.000000e+00  0.000000e+00  0.000000e+00  0.000000e+00  0.000000e+00  0.000000e+00  0.000000e+00  3.670000e-02  2.560000e-02  0.000000e+00  0.000000e+00  0.000000e+00  0.000000e+00  0.000000e+00  0.000000e+00
8.673824e+04  3.600000e-02  0.000000e+00  0.000000e+00  0.000000e+00  0.000000e+00  0.000000e+00  0.000000e+00  0.000000e+00  3.600000e-02  2.780000e-02  0.000000e+00  0.000000e+00  0.000000e+00  0.000000e+00  0.000000e+00  0.000000e+00
9.780786e+04  4.410000e-02  0.000000e+00  0.000000e+00  0.000000e+00  0.000000e+00  0.000000e+00  0.000000e+00  0.000000e+00  4.410000e-02  2.320000e-02  0.000000e+00  0.000000e+00  0.000000e+00  0.000000e+00  0.000000e+00  0.000000e+00
1.102902e+05  3.910000e-02  0.000000e+00  0.000000e+00  0.000000e+00  0.000000e+00  0.000000e+00  0.000000e+00  0.000000e+00  3.910000e-02  2.080000e-02  0.000000e+00  0.000000e+00  0.000000e+00  0.000000e+00  0.000000e+00  0.000000e+00
1.243655e+05  4.060000e-02  0.000000e+00  0.000000e+00  0.000000e+00  0.000000e+00  0.000000e+00  0.000000e+00  0.000000e+00  4.060000e-02  5.000000e-04  0.000000e+00  0.000000e+00  0.000000e+00  0.000000e+00  0.000000e+00  0.000000e+00
1.402372e+05  4.290000e-02  0.000000e+00  0.000000e+00  0.000000e+00  0.000000e+00  0.000000e+00  0.000000e+00  0.000000e+00  4.290000e-02  0.000000e+00  0.000000e+00  0.000000e+00  0.000000e+00  0.000000e+00  0.000000e+00  0.000000e+00
1.581344e+05  3.750000e-02  0.000000e+00  0.000000e+00  0.000000e+00  0.000000e+00  0.000000e+00  0.000000e+00  0.000000e+00  3.750000e-02  0.000000e+00  0.000000e+00  0.000000e+00  0.000000e+00  0.000000e+00  0.000000e+00  0.000000e+00
1.783156e+05  3.830000e-02  0.000000e+00  0.000000e+00  0.000000e+00  0.000000e+00  0.000000e+00  0.000000e+00  0.000000e+00  3.830000e-02  0.000000e+00  0.000000e+00  0.000000e+00  0.000000e+00  0.000000e+00  0.000000e+00  0.000000e+00
2.010725e+05  3.580000e-02  0.000000e+00  0.000000e+00  0.000000e+00  0.000000e+00  0.000000e+00  0.000000e+00  0.000000e+00  3.580000e-02  0.000000e+00  0.000000e+00  0.000000e+00  0.000000e+00  0.000000e+00  0.000000e+00  0.000000e+00
2.267335e+05  3.140000e-02  0.000000e+00  0.000000e+00  0.000000e+00  0.000000e+00  0.000000e+00  0.000000e+00  0.000000e+00  3.140000e-02  0.000000e+00  0.000000e+00  0.000000e+00  0.000000e+00  0.000000e+00  0.000000e+00  0.000000e+00
2.556695e+05  2.930000e-02  0.000000e+00  0.000000e+00  0.000000e+00  0.000000e+00  0.000000e+00  0.000000e+00  0.000000e+00  2.930000e-02  0.000000e+00  0.000000e+00  0.000000e+00  0.000000e+00  0.000000e+00  0.000000e+00  0.000000e+00
2.882982e+05  1.900000e-03  0.000000e+00  0.000000e+00  0.000000e+00  0.000000e+00  0.000000e+00  0.000000e+00  0.000000e+00  3.050000e-02  0.000000e+00  0.000000e+00  0.000000e+00  0.000000e+00  0.000000e+00  0.000000e+00  0.000000e+00
3.250911e+05  0.000000e+00  0.000000e+00  0.000000e+00  0.000000e+00  0.000000e+00  0.000000e+00  0.000000e+00  0.000000e+00  3.160000e-02  0.000000e+00  0.000000e+00  0.000000e+00  0.000000e+00  0.000000e+00  0.000000e+00  0.000000e+00
3.665796e+05  0.000000e+00  0.000000e+00  0.000000e+00  0.000000e+00  0.000000e+00  0.000000e+00  0.000000e+00  0.000000e+00  2.710000e-02  0.000000e+00  0.000000e+00  0.000000e+00  0.000000e+00  0.000000e+00  0.000000e+00  0.000000e+00
4.133628e+05  0.000000e+00  0.000000e+00  0.000000e+00  0.000000e+00  0.000000e+00  0.000000e+00  0.000000e+00  0.000000e+00  2.690000e-02  0.000000e+00  0.000000e+00  0.000000e+00  0.000000e+00  0.000000e+00  0.000000e+00  0.000000e+00
4.661166e+05  0.000000e+00  0.000000e+00  0.000000e+00  0.000000e+00  0.000000e+00  0.000000e+00  0.000000e+00  0.000000e+00  2.080000e-02  0.000000e+00  0.000000e+00  0.000000e+00  0.000000e+00  0.000000e+00  0.000000e+00  0.000000e+00
