3.425475e-03  0.000000e+00  0.000000e+00  0.000000e+00  0.000000e+00  0.000000e+00  0.000000e+00  0.000000e+00  0.000000e+00  0.000000e+00  0.000000e+00  0.000000e+00  0.000000e+00  0.000000e+00  0.000000e+00  0.000000e+00  5.800000e-03
3.716933e-03  0.000000e+00  0.000000e+00  0.000000e+00  0.000000e+00  0.000000e+00  0.000000e+00  0.000000e+00  0.000000e+00  0.000000e+00  0.000000e+00  0.000000e+00  0.000000e+00  0.000000e+00  0.000000e+00  0.000000e+00  7.500000e-03
4.033190e-03  0.000000e+00  0.000000e+00  0.000000e+00  0.000000e+00  0.000000e+00  0.000000e+00  0.000000e+00  0.000000e+00  0.000000e+00  0.000000e+00  0.000000e+00  0.000000e+00  0.000000e+00  0.000000e+00  0.000000e+00  6.400000e-03
4.376356e-03  0.000000e+00  0.000000e+00  0.000000e+00  0.000000e+00  0.000000e+00  0.000000e+00  0.000000e+00  0.000000e+00  0.000000e+00  0.000000e+00  0.000000e+00  0.000000e+00  0.000000e+00  0.000000e+00  0.000000e+00  8.500000e-03
4.748720e-03  0.000000e+00  0.000000e+00  0.000000e+00  0.000000e+00  0.000000e+00  0.000000e+00  0.000000e+00  0.000000e+00  0.000000e+00  0.000000e+00  0.000000e+00  0.000000e+00  0.000000e+00  0.000000e+00  0.000000e+00  8.900000e-03
5.152766e-03  0.000000e+00  0.000000e+00  0.000000e+00  0.000000e+00  0.000000e+00  0.000000e+00  0.000000e+00  0.000000e+00  0.000000e+00  0.000000e+00  0.000000e+00  0.000000e+00  0.000000e+00  0.000000e+00  0.000000e+00  8.800000e-03
5.591192e-03  0.000000e+00  0.000000e+00  0.000000e+00  0.000000e+00  0.000000e+00  0.000000e+00  0.000000e+00  0.000000e+00  0.000000e+00  0.000000e+00  0.000000e+00  0.000000e+00  0.000000e+00  0.000000e+00  0.000000e+00  6.700000e-03
6.066920e-03  0.000000e+00  0.000000e+00  0.000000e+00  0.000000e+00  0.000000e+00  0.000000e+00  0.000000e+00  0.000000e+00  0.000000e+00  0.000000e+00  0.000000e+00  0.000000e+00  0.000000e+00  0.000000e+00  0.000000e+00  8.000000e-03
6.583127e-03  0.000000e+00  0.000000e+00  0.000000e+00  0.000000e+00  0.000000e+00  0.000000e+00  0.000000e+00  0.000000e+00  0.000000e+00  0.000000e+00  0.000000e+00  0.000000e+00  0.000000e+00  0.000000e+00  0.000000e+00  7.400000e-03
7.143255e-03  0.000000e+00  0.000000e+00  0.000000e+00  0.000000e+00  0.000000e+00  0.000000e+00  0.000000e+00  0.000000e+00  0.000000e+00  0.000000e+00  0.000000e+00  0.000000e+00  0.000000e+00  0.000000e+00  0.000000e+00  1.170000e-02
7.751041e-03  0.000000e+00  0.000000e+00  0.000000e+00  0.000000e+00  0.000000e+00  0.000000e+00  0.000000e+00  0.000000e+00  0.000000e+00  0.000000e+00  0.000000e+00  0.000000e+00  0.000000e+00  0.000000e+00  0.000000e+00  1.040000e-02
8.410542e-03  0.000000e+00  0.000000e+00  0.000000e+00  0.000000e+00  0.000000e+00  0.000000e+00  0.000000e+00  0.000000e+00  0.000000e+00  0.000000e+00  0.000000e+00  0.000000e+00  0.000000e+00  0.000000e+00  0.000000e+00  1.090000e-02
9.126156e-03  0.000000e+00  0.000000e+00  0.000000e+00  0.000000e+00  0.000000e+00  0.000000e+00  0.000000e+00  0.000000e+00  0.000000e+00  0.000000e+00  0.000000e+00  0.000000e+00  0.000000e+00  0.000000e+00  0.000000e+00  1.290000e-02
9.902659e-03  0.000000e+00  0.000000e+00  0.000000e+00  0.000000e+00  0.000000e+00  0.000000e+00  0.000000e+00  0.000000e+00  0.000000e+00  0.000000e+00  0.000000e+00  0.000000e+00  0.000000e+00  0.000000e+00  0.000000e+00  1.130000e-02
1.074523e-02  0.000000e+00  0.000000e+00  0.000000e+00  0.000000e+00  0.000000e+00  0.000000e+00  0.000000e+00  2.100000e-03  0.000000e+00  0.000000e+00  0.000000e+00  0.000000e+00  0.000000e+00  0.000000e+00  0.000000e+00  1.190000e-02
1.165949e-02  0.000000e+00  0.000000e+00  0.000000e+00  0.000000e+00  0.000000e+00  0.000000e+00  0.000000e+00  1.030000e-02  0.000000e+00  0.000000e+00  0.000000e+00  0.000000e+00  0.000000e+00  0.000000e+00  0.000000e+00  1.030000e-02
1.265155e-02  0.000000e+00  0.000000e+00  0.000000e+00  0.000000e+00  0.000000e+00  0.000000e+00  0.000000e+00  1.250000e-02  0.000000e+00  0.000000e+00  0.000000e+00  0.000000e+00  0.000000e+00  0.000000e+00  0.000000e+00  1.250000e-02
1.372801e-02  0.000000e+00  0.000000e+00  0.000000e+00  0.000000e+00  0.000000e+00  0.000000e+00  0.000000e+00  1.230000e-02  0.000000e+00  0.000000e+00  0.000000e+00  0.000000e+00  0.000000e+00  0.000000e+00  0.000000e+00  1.230000e-02
1.489606e-02  0.000000e+00  0.000000e+00  0.000000e+00  0.000000e+00  0.000000e+00  0.000000e+00  0.000000e+00  1.320000e-02  0.000000e+00  0.000000e+00  0.000000e+00  0.000000e+00  0.000000e+00  0.000000e+00  0.000000e+00  1.320000e-02
1.616350e-02  0.000000e+00  0.000000e+00  0.000000e+00  0.000000e+00  0.000000e+00  0.000000e+00  0.000000e+00  1.160000e-02  0.000000e+00  0.000000e+00  0.000000e+00  0.000000e+00  0.000000e+00  0.000000e+00  0.000000e+00  1.160000e-02
1.753878e-02  0.000000e+00  0.000000e+00  0.000000e+00  0.000000e+00  0.000000e+00  0.000000e+00  0.000000e+00  1.250000e-02  0.000000e+00  0.000000e+00  0.000000e+00  0.000000e+00  0.000000e+00  0.000000e+00  0.000000e+00  1.250000e-02
1.903107e-02  0.000000e+00  0.000000e+00  0.000000e+00  0.000000e+00  0.000000e+00  0.000000e+00  0.000000e+00  1.170000e-02  0.000000e+00  0.000000e+00  0.000000e+00  0.000000e+00  0.000000e+00  0.000000e+00  0.000000e+00  1.170000e-02
2.065034e-02  0.000000e+00  0.000000e+00  0.000000e+00  0.000000e+00  0.000000e+00  0.000000e+00  0.000000e+00  1.360000e-02  0.000000e+00  0.000000e+00  0.000000e+00  0.000000e+00  0.000000e+00  0.000000e+00  0.000000e+00  1.360000e-02
2.240738e-02  0.000000e+00  0.000000e+00  0.000000e+00  0.000000e+00  0.000000e+00  0.000000e+00  0.000000e+00  1.470000e-02  0.000000e+00  0.000000e+00  0.000000e+00  0.000000e+00  0.000000e+00  0.000000e+00  0.000000e+00  1.470000e-02
2.431392e-02  0.000000e+00  0.000000e+00  0.000000e+00  0.000000e+00  0.000000e+00  0.000000e+00  0.000000e+00  1.210000e-02  0.000000e+00  0.000000e+00  0.000000e+00  0.000000e+00  0.000000e+00  0.000000e+00  0.000000e+00  1.210000e-02
2.638268e-02  0.000000e+00  0.000000e+00  0.000000e+00  0.000000e+00  0.000000e+00  0.000000e+00  0.000000e+00  1.200000e-02  0.000000e+00  0.000000e+00  0.000000e+00  0.000000e+00  0.000000e+00  0.000000e+00  0.000000e+00  1.200000e-02
2.862746e-02  0.000000e+00  0.000000e+00  0.000000e+00  0.000000e+00  0.000000e+00  0.000000e+00  0.000000e+00  1.410000e-02  0.000000e+00  0.000000e+00  0.000000e+00  0.000000e+00  0.000000e+00  0.000000e+00  0.000000e+00  1.410000e-02
3.106324e-02  0.000000e+00  0.000000e+00  0.000000e+00  0.000000e+00  0.000000e+00  0.000000e+00  0.000000e+00  1.700000e-02  0.000000e+00  0.000000e+00  0.000000e+00  0.000000e+00  0.000000e+00  0.000000e+00  0.000000e+00  1.700000e-02
3.370626e-02  0.000000e+00  0.000000e+00  0.000000e+00  0.000000e+00  0.000000e+00  0.000000e+00  0.000000e+00  1.610000e-02  0.000000e+00  0.000000e+00  0.000000e+00  0.000000e+00  0.000000e+00  0.000000e+00  0.000000e+00  1.610000e-02
3.657418e-02  0.000000e+00  0.000000e+00  0.000000e+00  0.000000e+00  0.000000e+00  0.000000e+00  0.000000e+00  1.600000e-02  0.000000e+00  0.000000e+00  0.000000e+00  0.000000e+00  0.000000e+00  0.000000e+00  0.000000e+00  1.600000e-02
3.968610e-02  0.000000e+00  0.000000e+00  0.000000e+00  0.000000e+00  0.000000e+00  0.000000e+00  0.000000e+00  1.430000e-02  0.000000e+00  0.000000e+00  0.000000e+00  0.000000e+00  0.000000e+00  0.000000e+00  0.000000e+00  1.430000e-02
4.306281e-02  0.000000e+00  0.000000e+00  0.000000e+00  0.000000e+00  0.000000e+00  0.000000e+00  0.000000e+00  1.840000e-02  0.000000e+00  0.000000e+00  0.000000e+00  0.000000e+00  0.000000e+00  0.000000e+00  5.500000e-03  1.840000e-02
4.672683e-02  0.000000e+00  0.000000e+00  0.000000e+00  0.000000e+00  0.000000e+00  0.000000e+00  0.000000e+00  1.810000e-02  0.000000e+00  0.000000e+00  0.000000e+00  0.000000e+00  0.000000e+00  0.000000e+00  5.700000e-03  1.810000e-02
5.070260e-02  0.000000e+00  0.000000e+00  0.000000e+00  0.000000e+00  0.000000e+00  0.000000e+00  0.000000e+00  1.640000e-02  0.000000e+00  0.000000e+00  0.000000e+00  0.000000e+00  0.000000e+00  0.000000e+00  6.700000e-03  1.640000e-02
5.501665e-02  0.000000e+00  0.000000e+00  0.000000e+00  0.000000e+00  0.000000e+00  0.000000e+00  0.000000e+00  1.710000e-02  0.000000e+00  0.000000e+00  0.000000e+00  0.000000e+00  0.000000e+00  0.000000e+00  8.700000e-03  1.710000e-02
5.969776e-02  0.000000e+00  0.000000e+00  0.000000e+00  0.000000e+00  0.000000e+00  0.000000e+00  0.000000e+00  2.120000e-02  0.000000e+00  0.000000e+00  0.000000e+00  0.000000e+00  0.000000e+00  0.000000e+00  9.000000e-03  2.120000e-02
6.477717e-02  0.000000e+00  0.000000e+00  0.000000e+00  0.000000e+00  0.000000e+00  0.000000e+00  0.000000e+00  2.190000e-02  0.000000e+00  0.000000e+00  0.000000e+00  0.000000e+00  0.000000e+00  0.000000e+00  8.800000e-03  2.190000e-02
7.028876e-02  0.000000e+00  0.000000e+00  0.000000e+00  0.000000e+00  0.000000e+00  0.000000e+00  0.000000e+00  2.150000e-02  0.000000e+00  0.000000e+00  0.000000e+00  0.000000e+00  0.000000e+00  0.000000e+00  8.000000e-03  2.150000e-02
7.626931e-02  0.000000e+00  0.000000e+00  0.000000e+00  0.000000e+00  0.000000e+00  0.000000e+00  0.000000e+00  1.930000e-02  0.000000e+00  0.000000e+00  0.000000e+00  0.000000e+00  0.000000e+00  0.000000e+00  1.080000e-02  1.930000e-02
8.275872e-02  0.000000e+00  0.000000e+00  0.000000e+00  0.000000e+00  0.000000e+00  0.000000e+00  0.000000e+00  1.840000e-02  0.000000e+00  0.000000e+00  0.000000e+00  0.000000e+00  0.000000e+00  0.000000e+00  1.220000e-02  1.840000e-02
8.980028e-02  0.000000e+00  0.000000e+00  0.000000e+00  0.000000e+00  0.000000e+00  0.000000e+00  0.000000e+00  2.070000e-02  0.000000e+00  0.000000e+00  0.000000e+00  0.000000e+00  0.000000e+00  0.000000e+00  1.070000e-02  2.070000e-02
9.744097e-02  0.000000e+00  0.000000e+00  0.000000e+00  0.000000e+00  0.000000e+00  0.000000e+00  0.000000e+00  2.170000e-02  0.000000e+00  0.000000e+00  0.000000e+00  0.000000e+00  0.000000e+00  0.000000e+00  1.030000e-02  2.170000e-02
1.057318e-01  0.000000e+00  0.000000e+00  0.000000e+00  0.000000e+00  0.000000e+00  0.000000e+00  0.000000e+00  2.050000e-02  0.000000e+00  0.000000e+00  0.000000e+00  0.000000e+00  0.000000e+00  0.000000e+00  1.340000e-02  2.050000e-02
1.147280e-01  0.000000e+00  0.000000e+00  0.000000e+00  0.000000e+00  0.000000e+00  0.000000e+00  0.000000e+00  1.960000e-02  0.000000e+00  0.000000e+00  0.000000e+00  0.000000e+00  0.000000e+00  0.000000e+00  1.140000e-02  1.960000e-02
1.244897e-01  0.000000e+00  0.000000e+00  0.000000e+00  0.000000e+00  0.000000e+00  0.000000e+00  0.000000e+00  2.030000e-02  0.000000e+00  0.000000e+00  0.000000e+00  0.000000e+00  0.000000e+00  0.000000e+00  1.100000e-02  2.030000e-02
1.350819e-01  0.000000e+00  0.000000e+00  0.000000e+00  0.000000e+00  0.000000e+00  0.000000e+00  9.100000e-03  1.870000e-02  0.000000e+00  0.000000e+00  0.000000e+00  0.000000e+00  0.000000e+00  0.000000e+00  1.190000e-02  1.870000e-02
1.465754e-01  0.000000e+00  0.000000e+00  0.000000e+00  0.000000e+00  0.000000e+00  0.000000e+00  1.080000e-02  1.990000e-02  0.000000e+00  0.000000e+00  0.000000e+00  0.000000e+00  0.000000e+00  0.000000e+00  1.080000e-02  1.990000e-02
1.590469e-01  0.000000e+00  0.000000e+00  0.000000e+00  0.000000e+00  0.000000e+00  0.000000e+00  1.320000e-02  1.990000e-02  0.000000e+00  0.000000e+00  0.000000e+00  0.000000e+00  0.000000e+00  0.000000e+00  1.320000e-02  1.990000e-02
1.725794e-01  0.000000e+00  0.000000e+00  0.000000e+00  0.000000e+00  0.000000e+00  0.000000e+00  1.170000e-02  2.130000e-02  0.000000e+00  0.000000e+00  0.000000e+00  0.000000e+00  0.000000e+00  0.000000e+00  1.170000e-02  2.130000e-02
1.872634e-01  0.000000e+00  0.000000e+00  0.000000e+00  0.000000e+00  0.000000e+00  0.000000e+00  1.400000e-02  1.900000e-02  0.000000e+00  0.000000e+00  0.000000e+00  0.000000e+00  0.000000e+00  0.000000e+00  1.400000e-02  1.900000e-02
2.031968e-01  0.000000e+00  0.000000e+00  0.000000e+00  0.000000e+00  0.000000e+00  0.000000e+00  1.330000e-02  1.620000e-02  0.000000e+00  0.000000e+00  0.000000e+00  0.000000e+00  0.000000e+00  0.000000e+00  1.330000e-02  1.620000e-02
2.204859e-01  0.000000e+00  0.000000e+00  0.000000e+00  0.000000e+00  0.000000e+00  0.000000e+00  1.410000e-02  1.660000e-02  0.000000e+00  0.000000e+00  0.000000e+00  0.000000e+00  0.000000e+00  0.000000e+00  1.410000e-02  1.660000e-02
2.392460e-01  0.000000e+00  0.000000e+00  0.000000e+00  0.000000e+00  0.000000e+00  0.000000e+00  1.510000e-02  1.680000e-02  0.000000e+00  0.000000e+00  0.000000e+00  0.000000e+00  0.000000e+00  0.000000e+00  1.510000e-02  1.680000e-02
2.596024e-01  0.000000e+00  0.000000e+00  0.000000e+00  0.000000e+00  0.000000e+00  0.000000e+00  1.390000e-02  1.730000e-02  0.000000e+00  0.000000e+00  0.000000e+00  0.000000e+00  0.000000e+00  0.000000e+00  1.390000e-02  1.730000e-02
2.816907e-01  0.000000e+00  0.000000e+00  0.000000e+00  0.000000e+00  0.000000e+00  0.000000e+00  1.310000e-02  1.410000e-02  0.000000e+00  0.000000e+00  0.000000e+00  0.000000e+00  0.000000e+00  0.000000e+00  1.310000e-02  1.410000e-02
3.056585e-01  0.000000e+00  0.000000e+00  0.000000e+00  0.000000e+00  0.000000e+00  0.000000e+00  1.430000e-02  9.000000e-03  0.000000e+00  0.000000e+00  0.000000e+00  0.000000e+00  0.000000e+00  0.000000e+00  1.430000e-02  1.570000e-02
3.316656e-01  0.000000e+00  0.000000e+00  0.000000e+00  0.000000e+00  0.000000e+00  0.000000e+00  1.430000e-02  0.000000e+00  0.000000e+00  0.000000e+00  0.000000e+00  0.000000e+00  0.000000e+00  0.000000e+00  1.430000e-02  1.590000e-02
3.598855e-01  0.000000e+00  0.000000e+00  0.000000e+00  0.000000e+00  0.000000e+00  0.000000e+00  1.660000e-02  0.000000e+00  0.000000e+00  0.000000e+00  0.000000e+00  0.000000e+00  0.000000e+00  3.300000e-03  1.660000e-02  1.290000e-02
3.905065e-01  0.000000e+00  0.000000e+00  0.000000e+00  0.000000e+00  0.000000e+00  0.000000e+00  1.660000e-02  0.000000e+00  0.000000e+00  0.000000e+00  0.000000e+00  0.000000e+00  0.000000e+00  8.800000e-03  1.660000e-02  1.280000e-02
4.237329e-01  0.000000e+00  0.000000e+00  0.000000e+00  0.000000e+00  0.000000e+00  0.000000e+00  1.730000e-02  0.000000e+00  0.000000e+00  0.000000e+00  0.000000e+00  0.000000e+00  0.000000e+00  8.300000e-03  1.730000e-02  1.240000e-02
4.597864e-01  0.000000e+00  0.000000e+00  0.000000e+00  0.000000e+00  0.000000e+00  0.000000e+00  1.870000e-02  0.000000e+00  0.000000e+00  0.000000e+00  0.000000e+00  0.000000e+00  0.000000e+00  9.700000e-03  1.870000e-02  1.220000e-02
4.989075e-01  0.000000e+00  0.000000e+00  0.000000e+00  0.000000e+00  0.000000e+00  0.000000e+00  1.770000e-02  0.000000e+00  0.000000e+00  0.000000e+00  0.000000e+00  0.000000e+00  0.000000e+00  8.400000e-03  1.770000e-02  8.800000e-03
5.413572e-01  0.000000e+00  0.000000e+00  0.000000e+00  0.000000e+00  0.000000e+00  0.000000e+00  1.630000e-02  0.000000e+00  0.000000e+00  0.000000e+00  0.000000e+00  0.000000e+00  0.000000e+00  1.060000e-02  1.630000e-02  9.600000e-03
5.874188e-01  0.000000e+00  0.000000e+00  0.000000e+00  0.000000e+00  0.000000e+00  0.000000e+00  1.670000e-02  0.000000e+00  0.000000e+00  0.000000e+00  0.000000e+00  0.000000e+00  9.000000e-04  1.210000e-02  1.670000e-02  7.000000e-03
6.373996e-01  0.000000e+00  0.000000e+00  0.000000e+00  0.000000e+00  0.000000e+00  0.000000e+00  1.760000e-02  0.000000e+00  0.000000e+00  0.000000e+00  0.000000e+00  0.000000e+00  7.600000e-03  1.050000e-02  1.760000e-02  8.200000e-03
6.916330e-01  0.000000e+00  0.000000e+00  0.000000e+00  0.000000e+00  0.000000e+00  0.000000e+00  1.600000e-02  0.000000e+00  0.000000e+00  0.000000e+00  0.000000e+00  0.000000e+00  5.900000e-03  1.130000e-02  1.600000e-02  7.200000e-03
7.504808e-01  0.000000e+00  0.000000e+00  0.000000e+00  0.000000e+00  0.000000e+00  0.000000e+00  1.680000e-02  0.000000e+00  0.000000e+00  0.000000e+00  0.000000e+00  0.000000e+00  9.600000e-03  1.150000e-02  1.680000e-02  6.000000e-03
8.143358e-01  0.000000e+00  0.000000e+00  0.000000e+00  0.000000e+00  0.000000e+00  0.000000e+00  1.760000e-02  0.000000e+00  0.000000e+00  0.000000e+00  0.000000e+00  0.000000e+00  1.000000e-02  1.280000e-02  1.760000e-02  4.800000e-03
8.836239e-01  0.000000e+00  0.000000e+00  0.000000e+00  0.000000e+00  0.000000e+00  0.000000e+00  1.740000e-02  0.000000e+00  0.000000e+00  0.000000e+00  0.000000e+00  0.000000e+00  7.200000e-03  1.100000e-02  1.740000e-02  4.800000e-03
9.588074e-01  0.000000e+00  0.000000e+00  0.000000e+00  0.000000e+00  0.000000e+00  0.000000e+00  1.880000e-02  0.000000e+00  0.000000e+00  0.000000e+00  0.000000e+00  0.000000e+00  9.600000e-03  1.340000e-02  1.880000e-02  3.400000e-03
1.040388e+00  0.000000e+00  0.000000e+00  0.000000e+00  0.000000e+00  0.000000e+00  9.900000e-03  1.710000e-02  0.000000e+00  0.000000e+00  0.000000e+00  0.000000e+00  0.000000e+00  1.210000e-02  1.320000e-02  1.710000e-02  2.300000e-03
1.128910e+00  0.000000e+00  0.000000e+00  0.000000e+00  0.000000e+00  0.000000e+00  1.350000e-02  1.770000e-02  0.000000e+00  0.000000e+00  0.000000e+00  0.000000e+00  4.500000e-03  1.090000e-02  1.350000e-02  1.770000e-02  0.000000e+00
1.224963e+00  0.000000e+00  0.000000e+00  0.000000e+00  0.000000e+00  0.000000e+00  1.350000e-02  1.970000e-02  0.000000e+00  0.000000e+00  0.000000e+00  0.000000e+00  5.400000e-03  1.120000e-02  1.350000e-02  1.970000e-02  0.000000e+00
1.329190e+00  0.000000e+00  0.000000e+00  0.000000e+00  0.000000e+00  0.000000e+00  1.470000e-02  1.950000e-02  0.000000e+00  0.000000e+00  0.000000e+00  0.000000e+00  9.100000e-03  1.040000e-02  1.470000e-02  1.950000e-02  0.000000e+00
1.442285e+00  0.000000e+00  0.000000e+00  0.000000e+00  0.000000e+00  0.000000e+00  1.190000e-02  1.750000e-02  0.000000e+00  0.000000e+00  0.000000e+00  0.000000e+00  7.900000e-03  1.120000e-02  1.190000e-02  1.750000e-02  0.000000e+00
1.565002e+00  0.000000e+00  0.000000e+00  0.000000e+00  0.000000e+00  0.000000e+00  1.410000e-02  1.610000e-02  0.000000e+00  0.000000e+00  0.000000e+00  0.000000e+00  9.300000e-03  1.280000e-02  1.410000e-02  1.610000e-02  0.000000e+00
1.698161e+00  0.000000e+00  0.000000e+00  0.000000e+00  0.000000e+00  0.000000e+00  1.580000e-02  1.830000e-02  0.000000e+00  0.000000e+00  0.000000e+00  0.000000e+00  8.700000e-03  1.340000e-02  1.580000e-02  1.830000e-02  0.000000e+00
1.842650e+00  0.000000e+00  0.000000e+00  0.000000e+00  0.000000e+00  1.170000e-02  1.230000e-02  1.660000e-02  0.000000e+00  0.000000e+00  0.000000e+00  0.000000e+00  1.080000e-02  1.390000e-02  1.230000e-02  1.660000e-02  0.000000e+00
1.999432e+00  0.000000e+00  0.000000e+00  0.000000e+00  0.000000e+00  1.250000e-02  1.260000e-02  1.640000e-02  0.000000e+00  0.000000e+00  0.000000e+00  0.000000e+00  1.040000e-02  1.250000e-02  1.260000e-02  1.640000e-02  0.000000e+00
2.169555e+00  0.000000e+00  0.000000e+00  0.000000e+00  0.000000e+00  1.270000e-02  1.340000e-02  1.910000e-02  0.000000e+00  0.000000e+00  0.000000e+00  0.000000e+00  9.100000e-03  1.270000e-02  1.340000e-02  1.910000e-02  0.000000e+00
2.354152e+00  0.000000e+00  0.000000e+00  0.000000e+00  0.000000e+00  1.350000e-02  1.560000e-02  1.710000e-02  0.000000e+00  0.000000e+00  0.000000e+00  0.000000e+00  1.160000e-02  1.350000e-02  1.560000e-02  1.710000e-02  0.000000e+00
2.554456e+00  0.000000e+00  0.000000e+00  0.000000e+00  0.000000e+00  1.250000e-02  1.710000e-02  1.590000e-02  0.000000e+00  0.000000e+00  0.000000e+00  3.000000e-03  1.250000e-02  1.250000e-02  1.710000e-02  1.590000e-02  0.000000e+00
2.771803e+00  0.000000e+00  0.000000e+00  0.000000e+00  0.000000e+00  1.250000e-02  1.450000e-02  1.610000e-02  0.000000e+00  0.000000e+00  0.000000e+00  7.900000e-03  1.190000e-02  1.250000e-02  1.450000e-02  1.610000e-02  0.000000e+00
3.007643e+00  0.000000e+00  0.000000e+00  0.000000e+00  0.000000e+00  1.510000e-02  1.540000e-02  1.580000e-02  0.000000e+00  0.000000e+00  0.000000e+00  8.400000e-03  1.260000e-02  1.510000e-02  1.540000e-02  1.580000e-02  0.000000e+00
3.263549e+00  0.000000e+00  0.000000e+00  0.000000e+00  2.500000e-03  1.200000e-02  1.490000e-02  1.320000e-02  0.000000e+00  0.000000e+00  0.000000e+00  8.100000e-03  1.370000e-02  1.200000e-02  1.490000e-02  1.320000e-02  0.000000e+00
3.541230e+00  0.000000e+00  0.000000e+00  0.000000e+00  1.160000e-02  1.670000e-02  1.560000e-02  1.600000e-02  0.000000e+00  0.000000e+00  0.000000e+00  8.100000e-03  1.160000e-02  1.670000e-02  1.560000e-02  1.600000e-02  0.000000e+00
3.842537e+00  0.000000e+00  0.000000e+00  0.000000e+00  1.150000e-02  1.310000e-02  1.440000e-02  1.140000e-02  0.000000e+00  0.000000e+00  0.000000e+00  1.090000e-02  1.150000e-02  1.310000e-02  1.440000e-02  1.140000e-02  0.000000e+00
4.169480e+00  0.000000e+00  0.000000e+00  0.000000e+00  1.230000e-02  1.500000e-02  1.580000e-02  1.260000e-02  0.000000e+00  0.000000e+00  0.000000e+00  9.500000e-03  1.230000e-02  1.500000e-02  1.580000e-02  1.260000e-02  0.000000e+00
4.524242e+00  0.000000e+00  0.000000e+00  0.000000e+00  1.540000e-02  1.600000e-02  1.480000e-02  2.900000e-03  0.000000e+00  0.000000e+00  0.000000e+00  1.080000e-02  1.540000e-02  1.600000e-02  1.480000e-02  1.160000e-02  0.000000e+00
4.909189e+00  0.000000e+00  0.000000e+00  0.000000e+00  1.490000e-02  1.440000e-02  1.610000e-02  0.000000e+00  0.000000e+00  0.000000e+00  0.000000e+00  1.050000e-02  1.490000e-02  1.440000e-02  1.610000e-02  1.250000e-02  0.000000e+00
5.326890e+00  0.000000e+00  0.000000e+00  0.000000e+00  1.420000e-02  1.340000e-02  1.560000e-02  0.000000e+00  0.000000e+00  0.000000e+00  2.500000e-03  1.260000e-02  1.420000e-02  1.340000e-02  1.560000e-02  1.030000e-02  0.000000e+00
5.780130e+00  0.000000e+00  0.000000e+00  0.000000e+00  1.610000e-02  1.410000e-02  1.730000e-02  0.000000e+00  0.000000e+00  0.000000e+00  9.500000e-03  1.270000e-02  1.610000e-02  1.410000e-02  1.730000e-02  9.100000e-03  0.000000e+00
6.271935e+00  0.000000e+00  0.000000e+00  0.000000e+00  1.500000e-02  1.340000e-02  1.670000e-02  0.000000e+00  0.000000e+00  0.000000e+00  7.400000e-03  1.430000e-02  1.500000e-02  1.340000e-02  1.670000e-02  8.800000e-03  0.000000e+00
6.805585e+00  0.000000e+00  0.000000e+00  0.000000e+00  1.230000e-02  1.580000e-02  1.780000e-02  0.000000e+00  0.000000e+00  0.000000e+00  9.100000e-03  1.220000e-02  1.230000e-02  1.580000e-02  1.780000e-02  8.400000e-03  0.000000e+00
7.384641e+00  0.000000e+00  0.000000e+00  8.300000e-03  1.630000e-02  1.550000e-02  1.850000e-02  0.000000e+00  0.000000e+00  0.000000e+00  1.020000e-02  1.430000e-02  1.630000e-02  1.550000e-02  1.850000e-02  8.200000e-03  0.000000e+00
8.012966e+00  0.000000e+00  0.000000e+00  1.390000e-02  1.620000e-02  1.560000e-02  1.700000e-02  0.000000e+00  0.000000e+00  0.000000e+00  1.020000e-02  1.390000e-02  1.620000e-02  1.560000e-02  1.700000e-02  8.600000e-03  0.000000e+00
8.694753e+00  0.000000e+00  0.000000e+00  1.420000e-02  1.400000e-02  1.880000e-02  2.110000e-02  0.000000e+00  0.000000e+00  0.000000e+00  1.010000e-02  1.420000e-02  1.400000e-02  1.880000e-02  2.110000e-02  7.800000e-03  0.000000e+00
9.434549e+00  0.000000e+00  0.000000e+00  1.470000e-02  1.680000e-02  1.630000e-02  2.060000e-02  0.000000e+00  0.000000e+00  0.000000e+00  1.190000e-02  1.470000e-02  1.680000e-02  1.630000e-02  2.060000e-02  7.100000e-03  0.000000e+00
1.023729e+01  0.000000e+00  0.000000e+00  1.390000e-02  1.360000e-02  1.650000e-02  1.960000e-02  0.000000e+00  0.000000e+00  0.000000e+00  1.210000e-02  1.390000e-02  1.360000e-02  1.650000e-02  1.960000e-02  5.800000e-03  0.000000e+00
1.110834e+01  0.000000e+00  0.000000e+00  1.550000e-02  1.680000e-02  1.830000e-02  2.210000e-02  0.000000e+00  0.000000e+00  0.000000e+00  1.390000e-02  1.550000e-02  1.680000e-02  1.830000e-02  2.210000e-02  6.100000e-03  0.000000e+00
1.205349e+01  0.000000e+00  0.000000e+00  1.610000e-02  1.510000e-02  1.710000e-02  2.170000e-02  0.000000e+00  0.000000e+00  0.000000e+00  1.430000e-02  1.610000e-02  1.510000e-02  1.710000e-02  2.170000e-02  5.800000e-03  0.000000e+00
1.307907e+01  0.000000e+00  0.000000e+00  1.580000e-02  1.540000e-02  2.070000e-02  2.210000e-02  0.000000e+00  0.000000e+00  0.000000e+00  1.730000e-02  1.580000e-02  1.540000e-02  2.070000e-02  2.210000e-02  6.600000e-03  0.000000e+00
1.419191e+01  0.000000e+00  7.000000e-03  1.740000e-02  1.810000e-02  1.820000e-02  1.800000e-02  0.000000e+00  0.000000e+00  0.000000e+00  1.350000e-02  1.740000e-02  1.810000e-02  1.820000e-02  1.800000e-02  4.500000e-03  0.000000e+00
1.539943e+01  0.000000e+00  1.470000e-02  1.860000e-02  1.700000e-02  2.060000e-02  1.720000e-02  0.000000e+00  0.000000e+00  0.000000e+00  1.470000e-02  1.860000e-02  1.700000e-02  2.060000e-02  1.720000e-02  4.500000e-03  0.000000e+00
1.670970e+01  0.000000e+00  1.450000e-02  1.810000e-02  2.090000e-02  2.140000e-02  1.990000e-02  0.000000e+00  0.000000e+00  0.000000e+00  1.450000e-02  1.810000e-02  2.090000e-02  2.140000e-02  1.990000e-02  4.400000e-03  0.000000e+00
1.813145e+01  0.000000e+00  1.700000e-02  1.840000e-02  1.880000e-02  2.390000e-02  2.100000e-02  0.000000e+00  0.000000e+00  0.000000e+00  1.700000e-02  1.840000e-02  1.880000e-02  2.390000e-02  2.100000e-02  3.000000e-03  0.000000e+00
1.967417e+01  0.000000e+00  1.760000e-02  1.860000e-02  1.740000e-02  2.070000e-02  1.870000e-02  0.000000e+00  0.000000e+00  0.000000e+00  1.760000e-02  1.860000e-02  1.740000e-02  2.070000e-02  1.870000e-02  3.900000e-03  0.000000e+00
2.134816e+01  0.000000e+00  1.750000e-02  1.740000e-02  2.030000e-02  2.160000e-02  1.860000e-02  0.000000e+00  0.000000e+00  0.000000e+00  1.750000e-02  1.740000e-02  2.030000e-02  2.160000e-02  1.860000e-02  9.000000e-04  0.000000e+00
2.316457e+01  0.000000e+00  1.820000e-02  2.000000e-02  2.250000e-02  2.260000e-02  1.930000e-02  0.000000e+00  0.000000e+00  0.000000e+00  1.820000e-02  2.000000e-02  2.250000e-02  2.260000e-02  1.930000e-02  0.000000e+00  0.000000e+00
2.513554e+01  0.000000e+00  1.950000e-02  1.760000e-02  2.310000e-02  2.100000e-02  1.700000e-02  0.000000e+00  0.000000e+00  0.000000e+00  1.950000e-02  1.760000e-02  2.310000e-02  2.100000e-02  1.700000e-02  0.000000e+00  0.000000e+00
2.727421e+01  0.000000e+00  2.030000e-02  1.990000e-02  2.070000e-02  2.020000e-02  1.430000e-02  0.000000e+00  0.000000e+00  0.000000e+00  2.030000e-02  1.990000e-02  2.070000e-02  2.020000e-02  1.560000e-02  0.000000e+00  0.000000e+00
2.959484e+01  0.000000e+00  1.970000e-02  2.360000e-02  2.400000e-02  2.200000e-02  0.000000e+00  0.000000e+00  0.000000e+00  1.050000e-02  1.970000e-02  2.360000e-02  2.400000e-02  2.200000e-02  1.750000e-02  0.000000e+00  0.000000e+00
3.211293e+01  0.000000e+00  1.920000e-02  2.380000e-02  2.590000e-02  1.990000e-02  0.000000e+00  0.000000e+00  0.000000e+00  9.100000e-03  1.920000e-02  2.380000e-02  2.590000e-02  1.990000e-02  1.560000e-02  0.000000e+00  0.000000e+00
3.484527e+01  0.000000e+00  2.130000e-02  2.310000e-02  2.550000e-02  2.270000e-02  0.000000e+00  0.000000e+00  0.000000e+00  1.150000e-02  2.130000e-02  2.310000e-02  2.550000e-02  2.270000e-02  1.520000e-02  0.000000e+00  0.000000e+00
3.781010e+01  0.000000e+00  2.400000e-02  2.400000e-02  2.530000e-02  2.050000e-02  0.000000e+00  0.000000e+00  0.000000e+00  1.260000e-02  2.400000e-02  2.400000e-02  2.530000e-02  2.050000e-02  1.460000e-02  0.000000e+00  0.000000e+00
4.102719e+01  0.000000e+00  2.380000e-02  2.580000e-02  1.850000e-02  1.960000e-02  0.000000e+00  0.000000e+00  0.000000e+00  1.550000e-02  2.380000e-02  2.580000e-02  1.850000e-02  1.960000e-02  1.290000e-02  0.000000e+00  0.000000e+00
4.451800e+01  0.000000e+00  2.310000e-02  2.380000e-02  2.410000e-02  1.190000e-02  0.000000e+00  0.000000e+00  0.000000e+00  1.560000e-02  2.310000e-02  2.380000e-02  2.410000e-02  1.740000e-02  1.120000e-02  0.000000e+00  0.000000e+00
4.830583e+01  0.000000e+00  2.610000e-02  2.420000e-02  2.460000e-02  0.000000e+00  0.000000e+00  0.000000e+00  0.000000e+00  1.740000e-02  2.610000e-02  2.420000e-02  2.460000e-02  1.730000e-02  1.270000e-02  0.000000e+00  0.000000e+00
5.241595e+01  0.000000e+00  3.000000e-02  2.810000e-02  1.970000e-02  0.000000e+00  0.000000e+00  0.000000e+00  0.000000e+00  1.610000e-02  3.000000e-02  2.810000e-02  1.970000e-02  1.930000e-02  8.500000e-03  0.000000e+00  0.000000e+00
5.687579e+01  0.000000e+00  2.940000e-02  2.900000e-02  2.160000e-02  0.000000e+00  0.000000e+00  0.000000e+00  0.000000e+00  1.830000e-02  2.940000e-02  2.900000e-02  2.160000e-02  1.630000e-02  7.100000e-03  0.000000e+00  0.000000e+00
6.171508e+01  1.120000e-02  2.840000e-02  2.680000e-02  2.140000e-02  0.000000e+00  0.000000e+00  0.000000e+00  0.000000e+00  1.960000e-02  2.840000e-02  2.680000e-02  2.140000e-02  1.890000e-02  7.100000e-03  0.000000e+00  0.000000e+00
6.696614e+01  2.000000e-02  3.020000e-02  2.430000e-02  2.060000e-02  0.000000e+00  0.000000e+00  0.000000e+00  0.000000e+00  2.000000e-02  3.020000e-02  2.430000e-02  2.240000e-02  1.280000e-02  6.700000e-03  0.000000e+00  0.000000e+00
7.266398e+01  1.940000e-02  3.070000e-02  2.460000e-02  0.000000e+00  0.000000e+00  0.000000e+00  0.000000e+00  0.000000e+00  1.940000e-02  3.070000e-02  2.460000e-02  1.900000e-02  1.390000e-02  4.600000e-03  0.000000e+00  0.000000e+00
7.884662e+01  2.360000e-02  2.710000e-02  2.280000e-02  0.000000e+00  0.000000e+00  0.000000e+00  0.000000e+00  0.000000e+00  2.360000e-02  2.710000e-02  2.280000e-02  2.090000e-02  1.070000e-02  0.000000e+00  0.000000e+00  0.000000e+00
8.555532e+01  2.830000e-02  2.770000e-02  2.310000e-02  0.000000e+00  0.000000e+00  0.000000e+00  0.000000e+00  0.000000e+00  2.830000e-02  2.770000e-02  2.310000e-02  1.990000e-02  9.500000e-03  0.000000e+00  0.000000e+00  0.000000e+00
9.283483e+01  2.400000e-02  2.780000e-02  1.940000e-02  0.000000e+00  0.000000e+00  0.000000e+00  0.000000e+00  0.000000e+00  2.400000e-02  2.780000e-02  1.940000e-02  2.140000e-02  9.600000e-03  0.000000e+00  0.000000e+00  0.000000e+00
1.007337e+02  2.860000e-02  2.960000e-02  2.620000e-02  0.000000e+00  0.000000e+00  0.000000e+00  0.000000e+00  0.000000e+00  2.860000e-02  2.960000e-02  2.620000e-02  1.650000e-02  1.200000e-03  0.000000e+00  0.000000e+00  0.000000e+00
1.093047e+02  3.240000e-02  2.480000e-02  9.000000e-03  0.000000e+00  0.000000e+00  0.000000e+00  0.000000e+00  0.000000e+00  3.240000e-02  2.480000e-02  2.450000e-02  1.400000e-02  0.000000e+00  0.000000e+00  0.000000e+00  0.000000e+00
1.186049e+02  3.000000e-02  2.430000e-02  0.000000e+00  0.000000e+00  0.000000e+00  0.000000e+00  0.000000e+00  0.000000e+00  3.000000e-02  2.430000e-02  2.220000e-02  1.510000e-02  0.000000e+00  0.000000e+00  0.000000e+00  0.000000e+00
1.286965e+02  3.370000e-02  2.170000e-02  0.000000e+00  0.000000e+00  0.000000e+00  0.000000e+00  0.000000e+00  0.000000e+00  3.370000e-02  2.170000e-02  2.500000e-02  6.400000e-03  0.000000e+00  0.000000e+00  0.000000e+00  0.000000e+00
1.396467e+02  3.390000e-02  2.400000e-02  0.000000e+00  0.000000e+00  0.000000e+00  0.000000e+00  0.000000e+00  0.000000e+00  3.390000e-02  2.400000e-02  2.130000e-02  0.000000e+00  0.000000e+00  0.000000e+00  0.000000e+00  0.000000e+00
1.515285e+02  3.470000e-02  2.080000e-02  0.000000e+00  0.000000e+00  0.000000e+00  0.000000e+00  0.000000e+00  0.000000e+00  3.470000e-02  2.750000e-02  2.140000e-02  0.000000e+00  0.000000e+00  0.000000e+00  0.000000e+00  0.000000e+00
1.644214e+02  3.780000e-02  0.000000e+00  0.000000e+00  0.000000e+00  0.000000e+00  0.000000e+00  0.000000e+00  0.000000e+00  3.780000e-02  2.410000e-02  1.840000e-02  0.000000e+00  0.000000e+00  0.000000e+00  0.000000e+00  0.000000e+00
1.784113e+02  3.470000e-02  0.000000e+00  0.000000e+00  0.000000e+00  0.000000e+00  0.000000e+00  0.000000e+00  0.000000e+00  3.470000e-02  2.650000e-02  1.120000e-02  0.000000e+00  0.000000e+00  0.000000e+00  0.000000e+00  0.000000e+00
1.935915e+02  3.390000e-02  0.000000e+00  0.000000e+00  0.000000e+00  0.000000e+00  0.000000e+00  0.000000e+00  0.000000e+00  3.390000e-02  2.530000e-02  0.000000e+00  0.000000e+00  0.000000e+00  0.000000e+00  0.000000e+00  0.000000e+00
2.100633e+02  3.490000e-02  0.000000e+00  0.000000e+00  0.000000e+00  0.000000e+00  0.000000e+00  0.000000e+00  0.000000e+00  3.490000e-02  2.180000e-02  0.000000e+00  0.000000e+00  0.000000e+00  0.000000e+00  0.000000e+00  0.000000e+00
2.279366e+02  3.570000e-02  0.000000e+00  0.000000e+00  0.000000e+00  0.000000e+00  0.000000e+00  0.000000e+00  0.000000e+00  3.570000e-02  2.070000e-02  0.000000e+00  0.000000e+00  0.000000e+00  0.000000e+00  0.000000e+00  0.000000e+00
2.473307e+02  3.440000e-02  0.000000e+00  0.000000e+00  0.000000e+00  0.000000e+00  0.000000e+00  0.000000e+00  0.000000e+00  3.440000e-02  9.900000e-03  0.000000e+00  0.000000e+00  0.000000e+00  0.000000e+00  0.000000e+00  0.000000e+00
2.683749e+02  3.290000e-02  0.000000e+00  0.000000e+00  0.000000e+00  0.000000e+00  0.000000e+00  0.000000e+00  0.000000e+00  3.290000e-02  0.000000e+00  0.000000e+00  0.000000e+00  0.000000e+00  0.000000e+00  0.000000e+00  0.000000e+00
2.912097e+02  2.760000e-02  0.000000e+00  0.000000e+00  0.000000e+00  0.000000e+00  0.000000e+00  0.000000e+00  0.000000e+00  2.760000e-02  0.000000e+00  0.000000e+00  0.000000e+00  0.000000e+00  0.000000e+00  0.000000e+00  0.000000e+00
3.159874e+02  2.670000e-02  0.000000e+00  0.000000e+00  0.000000e+00  0.000000e+00  0.000000e+00  0.000000e+00  0.000000e+00  2.670000e-02  0.000000e+00  0.000000e+00  0.000000e+00  0.000000e+00  0.000000e+00  0.000000e+00  0.000000e+00
3.428733e+02  2.760000e-02  0.000000e+00  0.000000e+00  0.000000e+00  0.000000e+00  0.000000e+00  0.000000e+00  0.000000e+00  2.760000e-02  0.000000e+00  0.000000e+00  0.000000e+00  0.000000e+00  0.000000e+00  0.000000e+00  0.000000e+00
3.720468e+02  2.680000e-02  0.000000e+00  0.000000e+00  0.000000e+00  0.000000e+00  0.000000e+00  0.000000e+00  0.000000e+00  2.680000e-02  0.000000e+00  0.000000e+00  0.000000e+00  0.000000e+00  0.000000e+00  0.000000e+00  0.000000e+00
4.037026e+02  7.200000e-03  0.000000e+00  0.000000e+00  0.000000e+00  0.000000e+00  0.000000e+00  0.000000e+00  0.000000e+00  2.840000e-02  0.000000e+00  0.000000e+00  0.000000e+00  0.000000e+00  0.000000e+00  0.000000e+00  0.000000e+00
4.380518e+02  0.000000e+00  0.000000e+00  0.000000e+00  0.000000e+00  0.000000e+00  0.000000e+00  0.000000e+00  0.000000e+00  2.560000e-02  0.000000e+00  0.000000e+00  0.000000e+00  0.000000e+00  0.000000e+00  0.000000e+00  0.000000e+00
4.753236e+02  0.000000e+00  0.000000e+00  0.000000e+00  0.000000e+00  0.000000e+00  0.000000e+00  0.000000e+00  0.000000e+00  2.660000e-02  0.000000e+00  0.000000e+00  0.000000e+00  0.000000e+00  0.000000e+00  0.000000e+00  0.000000e+00
5.157667e+02  0.000000e+00  0.000000e+00  0.000000e+00  0.000000e+00  0.000000e+00  0.000000e+00  0.000000e+00  0.000000e+00  2.500000e-02  0.000000e+00  0.000000e+00  0.000000e+00  0.000000e+00  0.000000e+00  0.000000e+00  0.000000e+00
5.596509e+02  0.000000e+00  0.000000e+00  0.000000e+00  0.000000e+00  0.000000e+00  0.000000e+00  0.000000e+00  0.000000e+00  2.010000e-02  0.000000e+00  0.000000e+00  0.000000e+00  0.000000e+00  0.000000e+00  0.000000e+00  0.000000e+00
6.072690e+02  0.000000e+00  0.000000e+00  0.000000e+00  0.000000e+00  0.000000e+00  0.000000e+00  0.000000e+00  0.000000e+00  1.650000e-02  0.000000e+00  0.000000e+00  0.000000e+00  0.000000e+00  0.000000e+00  0.000000e+00  0.000000e+00
