8.859335e-04  0.000000e+00  0.000000e+00  0.000000e+00  0.000000e+00  0.000000e+00  0.000000e+00  0.000000e+00  0.000000e+00  0.000000e+00  0.000000e+00  0.000000e+00  0.000000e+00  0.000000e+00  0.000000e+00  0.000000e+00  6.600000e-03
9.794449e-04  0.000000e+00  0.000000e+00  0.000000e+00  0.000000e+00  0.000000e+00  0.000000e+00  0.000000e+00  0.000000e+00  0.000000e+00  0.000000e+00  0.000000e+00  0.000000e+00  0.000000e+00  0.000000e+00  0.000000e+00  7.900000e-03
1.082826e-03  0.000000e+00  0.000000e+00  0.000000e+00  0.000000e+00  0.000000e+00  0.000000e+00  0.000000e+00  0.000000e+00  0.000000e+00  0.000000e+00  0.000000e+00  0.000000e+00  0.000000e+00  0.000000e+00  0.000000e+00  8.900000e-03
1.197120e-03  0.000000e+00  0.000000e+00  0.000000e+00  0.000000e+00  0.000000e+00  0.000000e+00  0.000000e+00  0.000000e+00  0.000000e+00  0.000000e+00  0.000000e+00  0.000000e+00  0.000000e+00  0.000000e+00  0.000000e+00  8.700000e-03
1.323478e-03  0.000000e+00  0.000000e+00  0.000000e+00  0.000000e+00  0.000000e+00  0.000000e+00  0.000000e+00  0.000000e+00  0.000000e+00  0.000000e+00  0.000000e+00  0.000000e+00  0.000000e+00  0.000000e+00  0.000000e+00  8.200000e-03
1.463172e-03  0.000000e+00  0.000000e+00  0.000000e+00  0.000000e+00  0.000000e+00  0.000000e+00  0.000000e+00  0.000000e+00  0.000000e+00  0.000000e+00  0.000000e+00  0.000000e+00  0.000000e+00  0.000000e+00  0.000000e+00  1.050000e-02
1.617612e-03  0.000000e+00  0.000000e+00  0.000000e+00  0.000000e+00  0.000000e+00  0.000000e+00  0.000000e+00  0.000000e+00  0.000000e+00  0.000000e+00  0.000000e+00  0.000000e+00  0.000000e+00  0.000000e+00  0.000000e+00  1.110000e-02
1.788353e-03  0.000000e+00  0.000000e+00  0.000000e+00  0.000000e+00  0.000000e+00  0.000000e+00  0.000000e+00  0.000000e+00  0.000000e+00  0.000000e+00  0.000000e+00  0.000000e+00  0.000000e+00  0.000000e+00  0.000000e+00  1.120000e-02
1.977116e-03  0.000000e+00  0.000000e+00  0.000000e+00  0.000000e+00  0.000000e+00  0.000000e+00  0.000000e+00  0.000000e+00  0.000000e+00  0.000000e+00  0.000000e+00  0.000000e+00  0.000000e+00  0.000000e+00  0.000000e+00  1.240000e-02
2.185803e-03  0.000000e+00  0.000000e+00  0.000000e+00  0.000000e+00  0.000000e+00  0.000000e+00  0.000000e+00  0.000000e+00  0.000000e+00  0.000000e+00  0.000000e+00  0.000000e+00  0.000000e+00  0.000000e+00  0.000000e+00  1.370000e-02
2.416517e-03  0.000000e+00  0.000000e+00  0.000000e+00  0.000000e+00  0.000000e+00  0.000000e+00  0.000000e+00  0.000000e+00  0.000000e+00  0.000000e+00  0.000000e+00  0.000000e+00  0.000000e+00  0.000000e+00  0.000000e+00  1.210000e-02
2.671583e-03  0.000000e+00  0.000000e+00  0.000000e+00  0.000000e+00  0.000000e+00  0.000000e+00  0.000000e+00  0.000000e+00  0.000000e+00  0.000000e+00  0.000000e+00  0.000000e+00  0.000000e+00  0.000000e+00  0.000000e+00  1.480000e-02
2.953572e-03  0.000000e+00  0.000000e+00  0.000000e+00  0.000000e+00  0.000000e+00  0.000000e+00  0.000000e+00  4.900000e-03  0.000000e+00  0.000000e+00  0.000000e+00  0.000000e+00  0.000000e+00  0.000000e+00  0.000000e+00  1.380000e-02
3.265325e-03  0.000000e+00  0.000000e+00  0.000000e+00  0.000000e+00  0.000000e+00  0.000000e+00  0.000000e+00  1.480000e-02  0.000000e+00  0.000000e+00  0.000000e+00  0.000000e+00  0.000000e+00  0.000000e+00  0.000000e+00  1.480000e-02
3.609985e-03  0.000000e+00  0.000000e+00  0.000000e+00  0.000000e+00  0.000000e+00  0.000000e+00  0.000000e+00  1.420000e-02  0.000000e+00  0.000000e+00  0.000000e+00  0.000000e+00  0.000000e+00  0.000000e+00  0.000000e+00  1.420000e-02
3.991023e-03  0.000000e+00  0.000000e+00  0.000000e+00  0.000000e+00  0.000000e+00  0.000000e+00  0.000000e+00  1.280000e-02  0.000000e+00  0.000000e+00  0.000000e+00  0.000000e+00  0.000000e+00  0.000000e+00  0.000000e+00  1.280000e-02
4.412280e-03  0.000000e+00  0.000000e+00  0.000000e+00  0.000000e+00  0.000000e+00  0.000000e+00  0.000000e+00  1.310000e-02  0.000000e+00  0.000000e+00  0.000000e+00  0.000000e+00  0.000000e+00  0.000000e+00  0.000000e+00  1.310000e-02
4.878002e-03  0.000000e+00  0.000000e+00  0.000000e+00  0.000000e+00  0.000000e+00  0.000000e+00  0.000000e+00  1.420000e-02  0.000000e+00  0.000000e+00  0.000000e+00  0.000000e+00  0.000000e+00  0.000000e+00  0.000000e+00  1.420000e-02
5.392881e-03  0.000000e+00  0.000000e+00  0.000000e+00  0.000000e+00  0.000000e+00  0.000000e+00  0.000000e+00  1.480000e-02  0.000000e+00  0.000000e+00  0.000000e+00  0.000000e+00  0.000000e+00  0.000000e+00  0.000000e+00  1.480000e-02
5.962106e-03  0.000000e+00  0.000000e+00  0.000000e+00  0.000000e+00  0.000000e+00  0.000000e+00  0.000000e+00  1.390000e-02  0.000000e+00  0.000000e+00  0.000000e+00  0.000000e+00  0.000000e+00  0.000000e+00  0.000000e+00  1.390000e-02
6.591414e-03  0.000000e+00  0.000000e+00  0.000000e+00  0.000000e+00  0.000000e+00  0.000000e+00  0.000000e+00  1.520000e-02  0.000000e+00  0.000000e+00  0.000000e+00  0.000000e+00  0.000000e+00  0.000000e+00  0.000000e+00  1.520000e-02
7.287146e-03  0.000000e+00  0.000000e+00  0.000000e+00  0.000000e+00  0.000000e+00  0.000000e+00  0.000000e+00  1.570000e-02  0.000000e+00  0.000000e+00  0.000000e+00  0.000000e+00  0.000000e+00  0.000000e+00  0.000000e+00  1.570000e-02
8.056313e-03  0.000000e+00  0.000000e+00  0.000000e+00  0.000000e+00  0.000000e+00  0.000000e+00  0.000000e+00  1.420000e-02  0.000000e+00  0.000000e+00  0.000000e+00  0.000000e+00  0.000000e+00  0.000000e+00  0.000000e+00  1.420000e-02
8.906667e-03  0.000000e+00  0.000000e+00  0.000000e+00  0.000000e+00  0.000000e+00  0.000000e+00  0.000000e+00  1.650000e-02  0.000000e+00  0.000000e+00  0.000000e+00  0.000000e+00  0.000000e+00  0.000000e+00  0.000000e+00  1.650000e-02
9.846776e-03  0.000000e+00  0.000000e+00  0.000000e+00  0.000000e+00  0.000000e+00  0.000000e+00  0.000000e+00  1.450000e-02  0.000000e+00  0.000000e+00  0.000000e+00  0.000000e+00  0.000000e+00  0.000000e+00  0.000000e+00  1.450000e-02
1.088612e-02  0.000000e+00  0.000000e+00  0.000000e+00  0.000000e+00  0.000000e+00  0.000000e+00  0.000000e+00  1.370000e-02  0.000000e+00  0.000000e+00  0.000000e+00  0.000000e+00  0.000000e+00  0.000000e+00  0.000000e+00  1.370000e-02
1.203516e-02  0.000000e+00  0.000000e+00  0.000000e+00  0.000000e+00  0.000000e+00  0.000000e+00  0.000000e+00  1.890000e-02  0.000000e+00  0.000000e+00  0.000000e+00  0.000000e+00  0.000000e+00  0.000000e+00  0.000000e+00  1.890000e-02
1.330548e-02  0.000000e+00  0.000000e+00  0.000000e+00  0.000000e+00  0.000000e+00  0.000000e+00  0.000000e+00  1.700000e-02  0.000000e+00  0.000000e+00  0.000000e+00  0.000000e+00  0.000000e+00  0.000000e+00  0.000000e+00  1.700000e-02
1.470989e-02  0.000000e+00  0.000000e+00  0.000000e+00  0.000000e+00  0.000000e+00  0.000000e+00  0.000000e+00  1.600000e-02  0.000000e+00  0.000000e+00  0.000000e+00  0.000000e+00  0.000000e+00  0.000000e+00  0.000000e+00  1.600000e-02
1.626254e-02  0.000000e+00  0.000000e+00  0.000000e+00  0.000000e+00  0.000000e+00  0.000000e+00  0.000000e+00  1.460000e-02  0.000000e+00  0.000000e+00  0.000000e+00  0.000000e+00  0.000000e+00  0.000000e+00  0.000000e+00  1.460000e-02
1.797907e-02  0.000000e+00  0.000000e+00  0.000000e+00  0.000000e+00  0.000000e+00  0.000000e+00  0.000000e+00  1.550000e-02  0.000000e+00  0.000000e+00  0.000000e+00  0.000000e+00  0.000000e+00  0.000000e+00  0.000000e+00  1.550000e-02
1.987679e-02  0.000000e+00  0.000000e+00  0.000000e+00  0.000000e+00  0.000000e+00  0.000000e+00  0.000000e+00  1.790000e-02  0.000000e+00  0.000000e+00  0.000000e+00  0.000000e+00  0.000000e+00  0.000000e+00  0.000000e+00  1.790000e-02
2.197481e-02  0.000000e+00  0.000000e+00  0.000000e+00  0.000000e+00  0.000000e+00  0.000000e+00  0.000000e+00  1.830000e-02  0.000000e+00  0.000000e+00  0.000000e+00  0.000000e+00  0.000000e+00  0.000000e+00  0.000000e+00  1.830000e-02
2.429427e-02  0.000000e+00  0.000000e+00  0.000000e+00  0.000000e+00  0.000000e+00  0.000000e+00  0.000000e+00  1.690000e-02  0.000000e+00  0.000000e+00  0.000000e+00  0.000000e+00  0.000000e+00  0.000000e+00  0.000000e+00  1.690000e-02
2.685856e-02  0.000000e+00  0.000000e+00  0.000000e+00  0.000000e+00  0.000000e+00  0.000000e+00  0.000000e+00  1.800000e-02  0.000000e+00  0.000000e+00  0.000000e+00  0.000000e+00  0.000000e+00  0.000000e+00  0.000000e+00  1.800000e-02
2.969352e-02  0.000000e+00  0.000000e+00  0.000000e+00  0.000000e+00  0.000000e+00  0.000000e+00  0.000000e+00  1.530000e-02  0.000000e+00  0.000000e+00  0.000000e+00  0.000000e+00  0.000000e+00  0.000000e+00  0.000000e+00  1.530000e-02
3.282771e-02  0.000000e+00  0.000000e+00  0.000000e+00  0.000000e+00  0.000000e+00  0.000000e+00  0.000000e+00  1.930000e-02  0.000000e+00  0.000000e+00  0.000000e+00  0.000000e+00  0.000000e+00  0.000000e+00  0.000000e+00  1.930000e-02
3.629271e-02  0.000000e+00  0.000000e+00  0.000000e+00  0.000000e+00  0.000000e+00  0.000000e+00  0.000000e+00  1.580000e-02  0.000000e+00  0.000000e+00  0.000000e+00  0.000000e+00  0.000000e+00  0.000000e+00  0.000000e+00  1.580000e-02
4.012345e-02  0.000000e+00  0.000000e+00  0.000000e+00  0.000000e+00  0.000000e+00  0.000000e+00  0.000000e+00  1.620000e-02  0.000000e+00  0.000000e+00  0.000000e+00  0.000000e+00  0.000000e+00  0.000000e+00  0.000000e+00  1.620000e-02
4.435853e-02  0.000000e+00  0.000000e+00  0.000000e+00  0.000000e+00  0.000000e+00  0.000000e+00  0.000000e+00  1.500000e-02  0.000000e+00  0.000000e+00  0.000000e+00  0.000000e+00  0.000000e+00  0.000000e+00  0.000000e+00  1.500000e-02
4.904063e-02  0.000000e+00  0.000000e+00  0.000000e+00  0.000000e+00  0.000000e+00  0.000000e+00  0.000000e+00  1.720000e-02  0.000000e+00  0.000000e+00  0.000000e+00  0.000000e+00  0.000000e+00  0.000000e+00  0.000000e+00  1.720000e-02
5.421693e-02  0.000000e+00  0.000000e+00  0.000000e+00  0.000000e+00  0.000000e+00  0.000000e+00  0.000000e+00  1.790000e-02  0.000000e+00  0.000000e+00  0.000000e+00  0.000000e+00  0.000000e+00  0.000000e+00  0.000000e+00  1.790000e-02
5.993959e-02  0.000000e+00  0.000000e+00  0.000000e+00  0.000000e+00  0.000000e+00  0.000000e+00  0.000000e+00  1.600000e-02  0.000000e+00  0.000000e+00  0.000000e+00  0.000000e+00  0.000000e+00  0.000000e+00  0.000000e+00  1.600000e-02
6.626629e-02  0.000000e+00  0.000000e+00  0.000000e+00  0.000000e+00  0.000000e+00  0.000000e+00  0.000000e+00  1.650000e-02  0.000000e+00  0.000000e+00  0.000000e+00  0.000000e+00  0.000000e+00  0.000000e+00  0.000000e+00  1.650000e-02
7.326078e-02  0.000000e+00  0.000000e+00  0.000000e+00  0.000000e+00  0.000000e+00  0.000000e+00  0.000000e+00  1.600000e-02  0.000000e+00  0.000000e+00  0.000000e+00  0.000000e+00  0.000000e+00  0.000000e+00  0.000000e+00  1.600000e-02
8.099354e-02  0.000000e+00  0.000000e+00  0.000000e+00  0.000000e+00  0.000000e+00  0.000000e+00  0.000000e+00  1.540000e-02  0.000000e+00  0.000000e+00  0.000000e+00  0.000000e+00  0.000000e+00  0.000000e+00  0.000000e+00  1.540000e-02
8.954251e-02  0.000000e+00  0.000000e+00  0.000000e+00  0.000000e+00  0.000000e+00  0.000000e+00  0.000000e+00  1.660000e-02  0.000000e+00  0.000000e+00  0.000000e+00  0.000000e+00  0.000000e+00  0.000000e+00  1.800000e-03  1.660000e-02
9.899384e-02  0.000000e+00  0.000000e+00  0.000000e+00  0.000000e+00  0.000000e+00  0.000000e+00  0.000000e+00  1.400000e-02  0.000000e+00  0.000000e+00  0.000000e+00  0.000000e+00  0.000000e+00  0.000000e+00  8.700000e-03  1.400000e-02
1.094428e-01  0.000000e+00  0.000000e+00  0.000000e+00  0.000000e+00  0.000000e+00  0.000000e+00  0.000000e+00  1.680000e-02  0.000000e+00  0.000000e+00  0.000000e+00  0.000000e+00  0.000000e+00  0.000000e+00  1.050000e-02  1.680000e-02
1.209946e-01  0.000000e+00  0.000000e+00  0.000000e+00  0.000000e+00  0.000000e+00  0.000000e+00  0.000000e+00  1.490000e-02  0.000000e+00  0.000000e+00  0.000000e+00  0.000000e+00  0.000000e+00  0.000000e+00  1.260000e-02  1.490000e-02
1.337657e-01  0.000000e+00  0.000000e+00  0.000000e+00  0.000000e+00  0.000000e+00  0.000000e+00  0.000000e+00  1.380000e-02  0.000000e+00  0.000000e+00  0.000000e+00  0.000000e+00  0.000000e+00  0.000000e+00  1.380000e-02  1.380000e-02
1.478848e-01  0.000000e+00  0.000000e+00  0.000000e+00  0.000000e+00  0.000000e+00  0.000000e+00  0.000000e+00  1.300000e-02  0.000000e+00  0.000000e+00  0.000000e+00  0.000000e+00  0.000000e+00  0.000000e+00  1.200000e-02  1.300000e-02
1.634943e-01  0.000000e+00  0.000000e+00  0.000000e+00  0.000000e+00  0.000000e+00  0.000000e+00  0.000000e+00  1.310000e-02  0.000000e+00  0.000000e+00  0.000000e+00  0.000000e+00  0.000000e+00  0.000000e+00  1.350000e-02  1.310000e-02
1.807513e-01  0.000000e+00  0.000000e+00  0.000000e+00  0.000000e+00  0.000000e+00  0.000000e+00  0.000000e+00  1.560000e-02  0.000000e+00  0.000000e+00  0.000000e+00  0.000000e+00  0.000000e+00  0.000000e+00  1.490000e-02  1.560000e-02
1.998298e-01  0.000000e+00  0.000000e+00  0.000000e+00  0.000000e+00  0.000000e+00  0.000000e+00  0.000000e+00  1.110000e-02  0.000000e+00  0.000000e+00  0.000000e+00  0.000000e+00  0.000000e+00  0.000000e+00  1.550000e-02  1.110000e-02
2.209221e-01  0.000000e+00  0.000000e+00  0.000000e+00  0.000000e+00  0.000000e+00  0.000000e+00  0.000000e+00  1.270000e-02  0.000000e+00  0.000000e+00  0.000000e+00  0.000000e+00  0.000000e+00  0.000000e+00  1.560000e-02  1.270000e-02
2.442407e-01  0.000000e+00  0.000000e+00  0.000000e+00  0.000000e+00  0.000000e+00  0.000000e+00  0.000000e+00  1.220000e-02  0.000000e+00  0.000000e+00  0.000000e+00  0.000000e+00  0.000000e+00  0.000000e+00  1.390000e-02  1.330000e-02
2.700206e-01  0.000000e+00  0.000000e+00  0.000000e+00  0.000000e+00  0.000000e+00  0.000000e+00  1.350000e-02  0.000000e+00  0.000000e+00  0.000000e+00  0.000000e+00  0.000000e+00  0.000000e+00  0.000000e+00  1.570000e-02  1.310000e-02
2.985216e-01  0.000000e+00  0.000000e+00  0.000000e+00  0.000000e+00  0.000000e+00  0.000000e+00  1.740000e-02  0.000000e+00  0.000000e+00  0.000000e+00  0.000000e+00  0.000000e+00  0.000000e+00  6.100000e-03  1.740000e-02  9.500000e-03
3.300309e-01  0.000000e+00  0.000000e+00  0.000000e+00  0.000000e+00  0.000000e+00  0.000000e+00  1.540000e-02  0.000000e+00  0.000000e+00  0.000000e+00  0.000000e+00  0.000000e+00  0.000000e+00  9.700000e-03  1.540000e-02  1.030000e-02
3.648661e-01  0.000000e+00  0.000000e+00  0.000000e+00  0.000000e+00  0.000000e+00  0.000000e+00  1.580000e-02  0.000000e+00  0.000000e+00  0.000000e+00  0.000000e+00  0.000000e+00  0.000000e+00  1.080000e-02  1.580000e-02  1.010000e-02
4.033782e-01  0.000000e+00  0.000000e+00  0.000000e+00  0.000000e+00  0.000000e+00  0.000000e+00  1.360000e-02  0.000000e+00  0.000000e+00  0.000000e+00  0.000000e+00  0.000000e+00  0.000000e+00  9.800000e-03  1.360000e-02  9.800000e-03
4.459552e-01  0.000000e+00  0.000000e+00  0.000000e+00  0.000000e+00  0.000000e+00  0.000000e+00  1.520000e-02  0.000000e+00  0.000000e+00  0.000000e+00  0.000000e+00  0.000000e+00  1.600000e-03  1.140000e-02  1.520000e-02  1.030000e-02
4.930263e-01  0.000000e+00  0.000000e+00  0.000000e+00  0.000000e+00  0.000000e+00  0.000000e+00  1.630000e-02  0.000000e+00  0.000000e+00  0.000000e+00  0.000000e+00  0.000000e+00  7.100000e-03  1.020000e-02  1.630000e-02  7.200000e-03
5.450659e-01  0.000000e+00  0.000000e+00  0.000000e+00  0.000000e+00  0.000000e+00  0.000000e+00  1.750000e-02  0.000000e+00  0.000000e+00  0.000000e+00  0.000000e+00  0.000000e+00  1.030000e-02  1.310000e-02  1.750000e-02  7.700000e-03
6.025982e-01  0.000000e+00  0.000000e+00  0.000000e+00  0.000000e+00  0.000000e+00  0.000000e+00  1.580000e-02  0.000000e+00  0.000000e+00  0.000000e+00  0.000000e+00  0.000000e+00  9.800000e-03  1.320000e-02  1.580000e-02  7.900000e-03
6.662032e-01  0.000000e+00  0.000000e+00  0.000000e+00  0.000000e+00  0.000000e+00  0.000000e+00  1.450000e-02  0.000000e+00  0.000000e+00  0.000000e+00  0.000000e+00  0.000000e+00  1.040000e-02  1.390000e-02  1.450000e-02  9.000000e-03
7.365218e-01  0.000000e+00  0.000000e+00  0.000000e+00  0.000000e+00  0.000000e+00  0.000000e+00  1.520000e-02  0.000000e+00  0.000000e+00  0.000000e+00  0.000000e+00  0.000000e+00  1.200000e-02  1.330000e-02  1.520000e-02  9.100000e-03
8.142626e-01  0.000000e+00  0.000000e+00  0.000000e+00  0.000000e+00  0.000000e+00  0.000000e+00  1.800000e-02  0.000000e+00  0.000000e+00  0.000000e+00  0.000000e+00  0.000000e+00  9.900000e-03  1.410000e-02  1.800000e-02  5.900000e-03
9.002090e-01  0.000000e+00  0.000000e+00  0.000000e+00  0.000000e+00  0.000000e+00  6.400000e-03  1.590000e-02  0.000000e+00  0.000000e+00  0.000000e+00  0.000000e+00  3.800000e-03  1.090000e-02  1.580000e-02  1.590000e-02  6.200000e-03
9.952272e-01  0.000000e+00  0.000000e+00  0.000000e+00  0.000000e+00  0.000000e+00  1.490000e-02  1.430000e-02  0.000000e+00  0.000000e+00  0.000000e+00  0.000000e+00  9.200000e-03  1.490000e-02  1.490000e-02  1.430000e-02  5.900000e-03
1.100275e+00  0.000000e+00  0.000000e+00  0.000000e+00  0.000000e+00  0.000000e+00  1.570000e-02  1.620000e-02  0.000000e+00  0.000000e+00  0.000000e+00  0.000000e+00  1.000000e-02  1.460000e-02  1.570000e-02  1.620000e-02  5.700000e-03
1.216410e+00  0.000000e+00  0.000000e+00  0.000000e+00  0.000000e+00  0.000000e+00  1.490000e-02  1.620000e-02  0.000000e+00  0.000000e+00  0.000000e+00  0.000000e+00  9.900000e-03  1.360000e-02  1.490000e-02  1.620000e-02  6.200000e-03
1.344804e+00  0.000000e+00  0.000000e+00  0.000000e+00  0.000000e+00  0.000000e+00  1.410000e-02  1.420000e-02  0.000000e+00  0.000000e+00  0.000000e+00  0.000000e+00  1.090000e-02  1.400000e-02  1.410000e-02  1.420000e-02  0.000000e+00
1.486749e+00  0.000000e+00  0.000000e+00  0.000000e+00  0.000000e+00  7.800000e-03  1.530000e-02  1.640000e-02  0.000000e+00  0.000000e+00  0.000000e+00  0.000000e+00  1.160000e-02  1.370000e-02  1.530000e-02  1.640000e-02  0.000000e+00
1.643677e+00  0.000000e+00  0.000000e+00  0.000000e+00  0.000000e+00  1.670000e-02  1.500000e-02  1.610000e-02  0.000000e+00  0.000000e+00  0.000000e+00  0.000000e+00  1.040000e-02  1.670000e-02  1.500000e-02  1.610000e-02  0.000000e+00
1.817170e+00  0.000000e+00  0.000000e+00  0.000000e+00  0.000000e+00  1.430000e-02  1.750000e-02  1.520000e-02  0.000000e+00  0.000000e+00  0.000000e+00  0.000000e+00  1.280000e-02  1.430000e-02  1.750000e-02  1.520000e-02  0.000000e+00
2.008974e+00  0.000000e+00  0.000000e+00  0.000000e+00  0.000000e+00  1.360000e-02  1.640000e-02  1.620000e-02  0.000000e+00  0.000000e+00  0.000000e+00  0.000000e+00  1.390000e-02  1.360000e-02  1.640000e-02  1.620000e-02  0.000000e+00
2.221024e+00  0.000000e+00  0.000000e+00  0.000000e+00  0.000000e+00  1.350000e-02  1.370000e-02  1.570000e-02  0.000000e+00  0.000000e+00  0.000000e+00  0.000000e+00  1.370000e-02  1.350000e-02  1.370000e-02  1.570000e-02  0.000000e+00
2.455456e+00  0.000000e+00  0.000000e+00  0.000000e+00  0.000000e+00  1.650000e-02  1.690000e-02  1.450000e-02  0.000000e+00  0.000000e+00  0.000000e+00  2.000000e-03  1.340000e-02  1.650000e-02  1.690000e-02  1.450000e-02  0.000000e+00
2.714632e+00  0.000000e+00  0.000000e+00  0.000000e+00  0.000000e+00  1.480000e-02  1.350000e-02  1.630000e-02  0.000000e+00  0.000000e+00  0.000000e+00  8.600000e-03  1.470000e-02  1.480000e-02  1.350000e-02  1.630000e-02  0.000000e+00
3.001165e+00  0.000000e+00  0.000000e+00  0.000000e+00  1.470000e-02  1.640000e-02  1.660000e-02  1.800000e-02  0.000000e+00  0.000000e+00  0.000000e+00  1.000000e-02  1.540000e-02  1.640000e-02  1.660000e-02  1.800000e-02  0.000000e+00
3.317941e+00  0.000000e+00  0.000000e+00  0.000000e+00  1.120000e-02  1.410000e-02  1.370000e-02  1.630000e-02  0.000000e+00  0.000000e+00  0.000000e+00  8.500000e-03  1.120000e-02  1.410000e-02  1.370000e-02  1.630000e-02  0.000000e+00
3.668154e+00  0.000000e+00  0.000000e+00  0.000000e+00  1.690000e-02  1.670000e-02  1.400000e-02  1.730000e-02  0.000000e+00  0.000000e+00  0.000000e+00  1.300000e-02  1.690000e-02  1.670000e-02  1.400000e-02  1.730000e-02  0.000000e+00
4.055332e+00  0.000000e+00  0.000000e+00  0.000000e+00  1.550000e-02  1.690000e-02  1.510000e-02  1.820000e-02  0.000000e+00  0.000000e+00  0.000000e+00  1.260000e-02  1.550000e-02  1.690000e-02  1.510000e-02  1.820000e-02  0.000000e+00
4.483378e+00  0.000000e+00  0.000000e+00  0.000000e+00  1.560000e-02  1.400000e-02  1.450000e-02  1.510000e-02  0.000000e+00  0.000000e+00  0.000000e+00  1.180000e-02  1.560000e-02  1.400000e-02  1.450000e-02  1.510000e-02  0.000000e+00
4.956604e+00  0.000000e+00  0.000000e+00  0.000000e+00  1.350000e-02  1.640000e-02  1.580000e-02  1.730000e-02  0.000000e+00  0.000000e+00  0.000000e+00  1.320000e-02  1.350000e-02  1.640000e-02  1.580000e-02  1.730000e-02  0.000000e+00
5.479779e+00  0.000000e+00  0.000000e+00  0.000000e+00  1.580000e-02  1.500000e-02  1.380000e-02  1.570000e-02  0.000000e+00  0.000000e+00  0.000000e+00  1.250000e-02  1.580000e-02  1.500000e-02  1.380000e-02  1.570000e-02  0.000000e+00
6.058177e+00  0.000000e+00  0.000000e+00  0.000000e+00  1.650000e-02  1.280000e-02  1.470000e-02  1.800000e-02  0.000000e+00  0.000000e+00  0.000000e+00  1.470000e-02  1.650000e-02  1.280000e-02  1.470000e-02  1.800000e-02  0.000000e+00
6.697625e+00  0.000000e+00  0.000000e+00  0.000000e+00  1.560000e-02  1.540000e-02  1.580000e-02  1.510000e-02  0.000000e+00  0.000000e+00  0.000000e+00  1.250000e-02  1.560000e-02  1.540000e-02  1.580000e-02  1.510000e-02  0.000000e+00
7.404567e+00  0.000000e+00  0.000000e+00  0.000000e+00  1.610000e-02  1.600000e-02  1.380000e-02  1.470000e-02  0.000000e+00  0.000000e+00  8.200000e-03  1.430000e-02  1.610000e-02  1.600000e-02  1.380000e-02  1.470000e-02  0.000000e+00
8.186129e+00  0.000000e+00  0.000000e+00  1.390000e-02  1.840000e-02  1.490000e-02  1.590000e-02  1.590000e-02  0.000000e+00  0.000000e+00  9.300000e-03  1.520000e-02  1.840000e-02  1.490000e-02  1.590000e-02  1.590000e-02  0.000000e+00
9.050185e+00  0.000000e+00  0.000000e+00  1.550000e-02  1.770000e-02  1.550000e-02  1.430000e-02  1.340000e-02  0.000000e+00  0.000000e+00  1.350000e-02  1.550000e-02  1.770000e-02  1.550000e-02  1.430000e-02  1.340000e-02  0.000000e+00
1.000544e+01  0.000000e+00  0.000000e+00  1.650000e-02  1.350000e-02  1.420000e-02  1.600000e-02  1.640000e-02  0.000000e+00  0.000000e+00  1.250000e-02  1.650000e-02  1.350000e-02  1.420000e-02  1.600000e-02  1.640000e-02  0.000000e+00
1.106153e+01  0.000000e+00  0.000000e+00  1.440000e-02  1.380000e-02  1.510000e-02  1.600000e-02  1.290000e-02  0.000000e+00  0.000000e+00  1.290000e-02  1.440000e-02  1.380000e-02  1.510000e-02  1.600000e-02  1.290000e-02  0.000000e+00
1.222909e+01  0.000000e+00  0.000000e+00  1.820000e-02  1.610000e-02  1.350000e-02  1.560000e-02  1.280000e-02  0.000000e+00  0.000000e+00  1.440000e-02  1.820000e-02  1.610000e-02  1.350000e-02  1.560000e-02  1.280000e-02  0.000000e+00
1.351988e+01  0.000000e+00  0.000000e+00  1.650000e-02  1.780000e-02  1.610000e-02  1.480000e-02  1.470000e-02  0.000000e+00  0.000000e+00  1.310000e-02  1.650000e-02  1.780000e-02  1.610000e-02  1.480000e-02  1.470000e-02  0.000000e+00
1.494692e+01  0.000000e+00  0.000000e+00  1.620000e-02  1.600000e-02  1.530000e-02  1.390000e-02  1.160000e-02  0.000000e+00  0.000000e+00  1.220000e-02  1.620000e-02  1.600000e-02  1.530000e-02  1.390000e-02  1.160000e-02  0.000000e+00
1.652459e+01  0.000000e+00  0.000000e+00  1.640000e-02  1.400000e-02  1.670000e-02  1.860000e-02  1.390000e-02  0.000000e+00  0.000000e+00  1.340000e-02  1.640000e-02  1.400000e-02  1.670000e-02  1.860000e-02  1.390000e-02  0.000000e+00
1.826878e+01  0.000000e+00  0.000000e+00  1.800000e-02  1.560000e-02  1.520000e-02  1.500000e-02  1.160000e-02  0.000000e+00  0.000000e+00  1.640000e-02  1.800000e-02  1.560000e-02  1.520000e-02  1.500000e-02  1.160000e-02  0.000000e+00
2.019707e+01  0.000000e+00  8.000000e-03  1.540000e-02  1.550000e-02  1.550000e-02  1.520000e-02  1.210000e-02  0.000000e+00  0.000000e+00  1.710000e-02  1.540000e-02  1.550000e-02  1.550000e-02  1.520000e-02  1.210000e-02  0.000000e+00
2.232890e+01  0.000000e+00  1.550000e-02  1.710000e-02  1.480000e-02  1.780000e-02  1.640000e-02  3.600000e-03  0.000000e+00  0.000000e+00  1.550000e-02  1.710000e-02  1.480000e-02  1.780000e-02  1.640000e-02  1.250000e-02  0.000000e+00
2.468574e+01  0.000000e+00  1.790000e-02  1.990000e-02  1.710000e-02  1.470000e-02  1.440000e-02  0.000000e+00  0.000000e+00  0.000000e+00  1.790000e-02  1.990000e-02  1.710000e-02  1.470000e-02  1.440000e-02  9.800000e-03  0.000000e+00
2.729135e+01  0.000000e+00  1.570000e-02  1.820000e-02  1.450000e-02  1.370000e-02  1.690000e-02  0.000000e+00  0.000000e+00  0.000000e+00  1.570000e-02  1.820000e-02  1.450000e-02  1.370000e-02  1.690000e-02  1.110000e-02  0.000000e+00
3.017199e+01  0.000000e+00  1.670000e-02  1.790000e-02  1.470000e-02  1.830000e-02  1.580000e-02  0.000000e+00  0.000000e+00  0.000000e+00  1.670000e-02  1.790000e-02  1.470000e-02  1.830000e-02  1.580000e-02  8.900000e-03  0.000000e+00
3.335668e+01  0.000000e+00  1.840000e-02  1.710000e-02  1.670000e-02  1.610000e-02  1.800000e-02  0.000000e+00  0.000000e+00  0.000000e+00  1.840000e-02  1.710000e-02  1.670000e-02  1.610000e-02  1.800000e-02  1.160000e-02  0.000000e+00
3.687752e+01  0.000000e+00  1.880000e-02  1.750000e-02  1.750000e-02  1.610000e-02  1.750000e-02  0.000000e+00  0.000000e+00  0.000000e+00  1.880000e-02  1.750000e-02  1.750000e-02  1.610000e-02  1.750000e-02  1.000000e-02  0.000000e+00
4.076998e+01  0.000000e+00  2.090000e-02  1.770000e-02  1.890000e-02  1.670000e-02  1.700000e-02  0.000000e+00  0.000000e+00  0.000000e+00  2.090000e-02  1.770000e-02  1.890000e-02  1.670000e-02  1.700000e-02  9.000000e-03  0.000000e+00
4.507330e+01  0.000000e+00  1.680000e-02  1.910000e-02  1.690000e-02  1.830000e-02  1.550000e-02  0.000000e+00  0.000000e+00  0.000000e+00  1.680000e-02  1.910000e-02  1.690000e-02  1.830000e-02  1.550000e-02  8.300000e-03  0.000000e+00
4.983085e+01  0.000000e+00  1.990000e-02  1.650000e-02  1.490000e-02  1.580000e-02  1.720000e-02  0.000000e+00  0.000000e+00  0.000000e+00  1.990000e-02  1.650000e-02  1.490000e-02  1.580000e-02  1.720000e-02  6.200000e-03  0.000000e+00
5.509056e+01  0.000000e+00  2.010000e-02  1.830000e-02  1.740000e-02  1.800000e-02  1.540000e-02  0.000000e+00  0.000000e+00  0.000000e+00  2.010000e-02  1.830000e-02  1.740000e-02  1.800000e-02  1.540000e-02  7.600000e-03  0.000000e+00
6.090543e+01  0.000000e+00  1.870000e-02  1.820000e-02  1.820000e-02  1.890000e-02  1.690000e-02  0.000000e+00  0.000000e+00  0.000000e+00  1.870000e-02  1.820000e-02  1.820000e-02  1.890000e-02  1.690000e-02  6.800000e-03  0.000000e+00
6.733407e+01  0.000000e+00  2.000000e-02  1.770000e-02  1.750000e-02  1.780000e-02  1.630000e-02  0.000000e+00  0.000000e+00  0.000000e+00  2.000000e-02  1.770000e-02  1.750000e-02  1.780000e-02  1.630000e-02  6.700000e-03  0.000000e+00
7.444127e+01  0.000000e+00  2.140000e-02  1.700000e-02  1.960000e-02  1.800000e-02  5.300000e-03  0.000000e+00  0.000000e+00  3.700000e-03  2.140000e-02  1.700000e-02  1.960000e-02  1.800000e-02  1.590000e-02  6.400000e-03  0.000000e+00
8.229864e+01  0.000000e+00  1.940000e-02  2.100000e-02  2.060000e-02  1.910000e-02  0.000000e+00  0.000000e+00  0.000000e+00  1.330000e-02  1.940000e-02  2.100000e-02  2.060000e-02  1.910000e-02  1.650000e-02  6.200000e-03  0.000000e+00
9.098536e+01  0.000000e+00  2.110000e-02  2.050000e-02  1.940000e-02  1.940000e-02  0.000000e+00  0.000000e+00  0.000000e+00  1.350000e-02  2.110000e-02  2.050000e-02  1.940000e-02  1.940000e-02  1.310000e-02  5.000000e-03  0.000000e+00
1.005890e+02  0.000000e+00  1.990000e-02  2.110000e-02  2.000000e-02  1.840000e-02  0.000000e+00  0.000000e+00  0.000000e+00  1.490000e-02  1.990000e-02  2.110000e-02  2.000000e-02  1.950000e-02  1.380000e-02  5.500000e-03  0.000000e+00
1.112063e+02  0.000000e+00  2.310000e-02  2.080000e-02  2.070000e-02  0.000000e+00  0.000000e+00  0.000000e+00  0.000000e+00  1.490000e-02  2.310000e-02  2.080000e-02  2.070000e-02  1.750000e-02  1.270000e-02  5.300000e-03  0.000000e+00
1.229442e+02  0.000000e+00  2.300000e-02  2.110000e-02  2.400000e-02  0.000000e+00  0.000000e+00  0.000000e+00  0.000000e+00  1.750000e-02  2.300000e-02  2.110000e-02  2.400000e-02  1.690000e-02  1.310000e-02  1.700000e-03  0.000000e+00
1.359211e+02  0.000000e+00  2.690000e-02  2.550000e-02  2.440000e-02  0.000000e+00  0.000000e+00  0.000000e+00  0.000000e+00  1.910000e-02  2.690000e-02  2.550000e-02  2.440000e-02  1.590000e-02  1.270000e-02  0.000000e+00  0.000000e+00
1.502678e+02  0.000000e+00  2.470000e-02  2.500000e-02  2.110000e-02  0.000000e+00  0.000000e+00  0.000000e+00  0.000000e+00  2.010000e-02  2.470000e-02  2.500000e-02  2.110000e-02  1.550000e-02  1.050000e-02  0.000000e+00  0.000000e+00
1.661287e+02  2.800000e-03  2.730000e-02  2.260000e-02  1.300000e-03  0.000000e+00  0.000000e+00  0.000000e+00  0.000000e+00  2.080000e-02  2.730000e-02  2.260000e-02  1.920000e-02  1.470000e-02  9.000000e-03  0.000000e+00  0.000000e+00
1.836638e+02  2.440000e-02  2.460000e-02  2.350000e-02  0.000000e+00  0.000000e+00  0.000000e+00  0.000000e+00  0.000000e+00  2.440000e-02  2.460000e-02  2.350000e-02  1.860000e-02  1.490000e-02  8.600000e-03  0.000000e+00  0.000000e+00
2.030498e+02  2.240000e-02  2.670000e-02  2.500000e-02  0.000000e+00  0.000000e+00  0.000000e+00  0.000000e+00  0.000000e+00  2.240000e-02  2.670000e-02  2.500000e-02  2.010000e-02  1.180000e-02  9.200000e-03  0.000000e+00  0.000000e+00
2.244819e+02  2.220000e-02  2.630000e-02  2.310000e-02  0.000000e+00  0.000000e+00  0.000000e+00  0.000000e+00  0.000000e+00  2.220000e-02  2.630000e-02  2.310000e-02  1.880000e-02  1.120000e-02  5.200000e-03  0.000000e+00  0.000000e+00
2.481763e+02  2.710000e-02  2.800000e-02  2.540000e-02  0.000000e+00  0.000000e+00  0.000000e+00  0.000000e+00  0.000000e+00  2.710000e-02  2.800000e-02  2.540000e-02  1.720000e-02  9.800000e-03  0.000000e+00  0.000000e+00  0.000000e+00
2.743716e+02  2.700000e-02  2.560000e-02  1.220000e-02  0.000000e+00  0.000000e+00  0.000000e+00  0.000000e+00  0.000000e+00  2.700000e-02  2.560000e-02  2.520000e-02  1.700000e-02  5.700000e-03  0.000000e+00  0.000000e+00  0.000000e+00
3.033318e+02  3.050000e-02  2.690000e-02  0.000000e+00  0.000000e+00  0.000000e+00  0.000000e+00  0.000000e+00  0.000000e+00  3.050000e-02  2.690000e-02  2.270000e-02  1.430000e-02  0.000000e+00  0.000000e+00  0.000000e+00  0.000000e+00
3.353489e+02  3.080000e-02  2.510000e-02  0.000000e+00  0.000000e+00  0.000000e+00  0.000000e+00  0.000000e+00  0.000000e+00  3.080000e-02  2.510000e-02  2.480000e-02  1.110000e-02  0.000000e+00  0.000000e+00  0.000000e+00  0.000000e+00
3.707454e+02  2.750000e-02  2.680000e-02  0.000000e+00  0.000000e+00  0.000000e+00  0.000000e+00  0.000000e+00  0.000000e+00  2.750000e-02  2.680000e-02  2.200000e-02  0.000000e+00  0.000000e+00  0.000000e+00  0.000000e+00  0.000000e+00
4.098780e+02  3.510000e-02  2.450000e-02  0.000000e+00  0.000000e+00  0.000000e+00  0.000000e+00  0.000000e+00  0.000000e+00  3.510000e-02  2.450000e-02  2.120000e-02  0.000000e+00  0.000000e+00  0.000000e+00  0.000000e+00  0.000000e+00
4.531411e+02  3.250000e-02  1.130000e-02  0.000000e+00  0.000000e+00  0.000000e+00  0.000000e+00  0.000000e+00  0.000000e+00  3.250000e-02  2.570000e-02  2.080000e-02  0.000000e+00  0.000000e+00  0.000000e+00  0.000000e+00  0.000000e+00
5.009707e+02  3.450000e-02  0.000000e+00  0.000000e+00  0.000000e+00  0.000000e+00  0.000000e+00  0.000000e+00  0.000000e+00  3.450000e-02  2.910000e-02  1.050000e-02  0.000000e+00  0.000000e+00  0.000000e+00  0.000000e+00  0.000000e+00
5.538488e+02  3.470000e-02  0.000000e+00  0.000000e+00  0.000000e+00  0.000000e+00  0.000000e+00  0.000000e+00  0.000000e+00  3.470000e-02  2.580000e-02  0.000000e+00  0.000000e+00  0.000000e+00  0.000000e+00  0.000000e+00  0.000000e+00
6.123082e+02  3.470000e-02  0.000000e+00  0.000000e+00  0.000000e+00  0.000000e+00  0.000000e+00  0.000000e+00  0.000000e+00  3.470000e-02  2.470000e-02  0.000000e+00  0.000000e+00  0.000000e+00  0.000000e+00  0.000000e+00  0.000000e+00
6.769381e+02  3.590000e-02  0.000000e+00  0.000000e+00  0.000000e+00  0.000000e+00  0.000000e+00  0.000000e+00  0.000000e+00  3.590000e-02  2.430000e-02  0.000000e+00  0.000000e+00  0.000000e+00  0.000000e+00  0.000000e+00  0.000000e+00
7.483898e+02  3.850000e-02  0.000000e+00  0.000000e+00  0.000000e+00  0.000000e+00  0.000000e+00  0.000000e+00  0.000000e+00  3.850000e-02  1.670000e-02  0.000000e+00  0.000000e+00  0.000000e+00  0.000000e+00  0.000000e+00  0.000000e+00
8.273832e+02  3.680000e-02  0.000000e+00  0.000000e+00  0.000000e+00  0.000000e+00  0.000000e+00  0.000000e+00  0.000000e+00  3.680000e-02  0.000000e+00  0.000000e+00  0.000000e+00  0.000000e+00  0.000000e+00  0.000000e+00  0.000000e+00
9.147146e+02  3.340000e-02  0.000000e+00  0.000000e+00  0.000000e+00  0.000000e+00  0.000000e+00  0.000000e+00  0.000000e+00  3.340000e-02  0.000000e+00  0.000000e+00  0.000000e+00  0.000000e+00  0.000000e+00  0.000000e+00  0.000000e+00
1.011264e+03  3.140000e-02  0.000000e+00  0.000000e+00  0.000000e+00  0.000000e+00  0.000000e+00  0.000000e+00  0.000000e+00  3.140000e-02  0.000000e+00  0.000000e+00  0.000000e+00  0.000000e+00  0.000000e+00  0.000000e+00  0.000000e+00
1.118004e+03  3.100000e-02  0.000000e+00  0.000000e+00  0.000000e+00  0.000000e+00  0.000000e+00  0.000000e+00  0.000000e+00  3.100000e-02  0.000000e+00  0.000000e+00  0.000000e+00  0.000000e+00  0.000000e+00  0.000000e+00  0.000000e+00
1.236011e+03  3.250000e-02  0.000000e+00  0.000000e+00  0.000000e+00  0.000000e+00  0.000000e+00  0.000000e+00  0.000000e+00  3.250000e-02  0.000000e+00  0.000000e+00  0.000000e+00  0.000000e+00  0.000000e+00  0.000000e+00  0.000000e+00
1.366473e+03  3.060000e-02  0.000000e+00  0.000000e+00  0.000000e+00  0.000000e+00  0.000000e+00  0.000000e+00  0.000000e+00  3.060000e-02  0.000000e+00  0.000000e+00  0.000000e+00  0.000000e+00  0.000000e+00  0.000000e+00  0.000000e+00
1.510706e+03  2.370000e-02  0.000000e+00  0.000000e+00  0.000000e+00  0.000000e+00  0.000000e+00  0.000000e+00  0.000000e+00  2.960000e-02  0.000000e+00  0.000000e+00  0.000000e+00  0.000000e+00  0.000000e+00  0.000000e+00  0.000000e+00
1.670163e+03  0.000000e+00  0.000000e+00  0.000000e+00  0.000000e+00  0.000000e+00  0.000000e+00  0.000000e+00  0.000000e+00  2.640000e-02  0.000000e+00  0.000000e+00  0.000000e+00  0.000000e+00  0.000000e+00  0.000000e+00  0.000000e+00
1.846451e+03  0.000000e+00  0.000000e+00  0.000000e+00  0.000000e+00  0.000000e+00  0.000000e+00  0.000000e+00  0.000000e+00  2.920000e-02  0.000000e+00  0.000000e+00  0.000000e+00  0.000000e+00  0.000000e+00  0.000000e+00  0.000000e+00
2.041346e+03  0.000000e+00  0.000000e+00  0.000000e+00  0.000000e+00  0.000000e+00  0.000000e+00  0.000000e+00  0.000000e+00  2.700000e-02  0.000000e+00  0.000000e+00  0.000000e+00  0.000000e+00  0.000000e+00  0.000000e+00  0.000000e+00
2.256812e+03  0.000000e+00  0.000000e+00  0.000000e+00  0.000000e+00  0.000000e+00  0.000000e+00  0.000000e+00  0.000000e+00  2.830000e-02  0.000000e+00  0.000000e+00  0.000000e+00  0.000000e+00  0.000000e+00  0.000000e+00  0.000000e+00
2.495022e+03  0.000000e+00  0.000000e+00  0.000000e+00  0.000000e+00  0.000000e+00  0.000000e+00  0.000000e+00  0.000000e+00  1.820000e-02  0.000000e+00  0.000000e+00  0.000000e+00  0.000000e+00  0.000000e+00  0.000000e+00  0.000000e+00
