1.336144e-01  0.000000e+00  0.000000e+00  0.000000e+00  0.000000e+00  0.000000e+00  0.000000e+00  0.000000e+00  0.000000e+00  0.000000e+00  0.000000e+00  0.000000e+00  0.000000e+00  0.000000e+00  0.000000e+00  0.000000e+00  9.349593e-03
1.444981e-01  0.000000e+00  0.000000e+00  0.000000e+00  0.000000e+00  0.000000e+00  0.000000e+00  0.000000e+00  0.000000e+00  0.000000e+00  0.000000e+00  0.000000e+00  0.000000e+00  0.000000e+00  0.000000e+00  0.000000e+00  5.284553e-03
1.562683e-01  0.000000e+00  0.000000e+00  0.000000e+00  0.000000e+00  0.000000e+00  0.000000e+00  0.000000e+00  0.000000e+00  0.000000e+00  0.000000e+00  0.000000e+00  0.000000e+00  0.000000e+00  0.000000e+00  0.000000e+00  7.723577e-03
1.689973e-01  0.000000e+00  0.000000e+00  0.000000e+00  0.000000e+00  0.000000e+00  0.000000e+00  0.000000e+00  0.000000e+00  0.000000e+00  0.000000e+00  0.000000e+00  0.000000e+00  0.000000e+00  0.000000e+00  0.000000e+00  9.349593e-03
1.827631e-01  0.000000e+00  0.000000e+00  0.000000e+00  0.000000e+00  0.000000e+00  0.000000e+00  0.000000e+00  0.000000e+00  0.000000e+00  0.000000e+00  0.000000e+00  0.000000e+00  0.000000e+00  0.000000e+00  0.000000e+00  4.878049e-03
1.976502e-01  0.000000e+00  0.000000e+00  0.000000e+00  0.000000e+00  0.000000e+00  0.000000e+00  0.000000e+00  0.000000e+00  0.000000e+00  0.000000e+00  0.000000e+00  0.000000e+00  0.000000e+00  0.000000e+00  0.000000e+00  6.504065e-03
2.137500e-01  0.000000e+00  0.000000e+00  0.000000e+00  0.000000e+00  0.000000e+00  0.000000e+00  0.000000e+00  0.000000e+00  0.000000e+00  0.000000e+00  0.000000e+00  0.000000e+00  0.000000e+00  0.000000e+00  0.000000e+00  1.056911e-02
2.311611e-01  0.000000e+00  0.000000e+00  0.000000e+00  0.000000e+00  0.000000e+00  0.000000e+00  0.000000e+00  0.000000e+00  0.000000e+00  0.000000e+00  0.000000e+00  0.000000e+00  0.000000e+00  0.000000e+00  0.000000e+00  9.756098e-03
2.499906e-01  0.000000e+00  0.000000e+00  0.000000e+00  0.000000e+00  0.000000e+00  0.000000e+00  0.000000e+00  0.000000e+00  0.000000e+00  0.000000e+00  0.000000e+00  0.000000e+00  0.000000e+00  0.000000e+00  0.000000e+00  9.349593e-03
2.703538e-01  0.000000e+00  0.000000e+00  0.000000e+00  0.000000e+00  0.000000e+00  0.000000e+00  0.000000e+00  0.000000e+00  0.000000e+00  0.000000e+00  0.000000e+00  0.000000e+00  0.000000e+00  0.000000e+00  0.000000e+00  1.016260e-02
2.923757e-01  0.000000e+00  0.000000e+00  0.000000e+00  0.000000e+00  0.000000e+00  0.000000e+00  0.000000e+00  0.000000e+00  0.000000e+00  0.000000e+00  0.000000e+00  0.000000e+00  0.000000e+00  0.000000e+00  0.000000e+00  7.723577e-03
3.161914e-01  0.000000e+00  0.000000e+00  0.000000e+00  0.000000e+00  0.000000e+00  0.000000e+00  0.000000e+00  0.000000e+00  0.000000e+00  0.000000e+00  0.000000e+00  0.000000e+00  0.000000e+00  0.000000e+00  0.000000e+00  9.756098e-03
3.419470e-01  0.000000e+00  0.000000e+00  0.000000e+00  0.000000e+00  0.000000e+00  0.000000e+00  0.000000e+00  0.000000e+00  0.000000e+00  0.000000e+00  0.000000e+00  0.000000e+00  0.000000e+00  0.000000e+00  0.000000e+00  8.536585e-03
3.698006e-01  0.000000e+00  0.000000e+00  0.000000e+00  0.000000e+00  0.000000e+00  0.000000e+00  0.000000e+00  0.000000e+00  0.000000e+00  0.000000e+00  0.000000e+00  0.000000e+00  0.000000e+00  0.000000e+00  0.000000e+00  8.536585e-03
3.999230e-01  0.000000e+00  0.000000e+00  0.000000e+00  0.000000e+00  0.000000e+00  0.000000e+00  0.000000e+00  0.000000e+00  0.000000e+00  0.000000e+00  0.000000e+00  0.000000e+00  0.000000e+00  0.000000e+00  0.000000e+00  1.056911e-02
4.324991e-01  0.000000e+00  0.000000e+00  0.000000e+00  0.000000e+00  0.000000e+00  0.000000e+00  0.000000e+00  4.065041e-03  0.000000e+00  0.000000e+00  0.000000e+00  0.000000e+00  0.000000e+00  0.000000e+00  0.000000e+00  1.097561e-02
4.677287e-01  0.000000e+00  0.000000e+00  0.000000e+00  0.000000e+00  0.000000e+00  0.000000e+00  0.000000e+00  1.016260e-02  0.000000e+00  0.000000e+00  0.000000e+00  0.000000e+00  0.000000e+00  0.000000e+00  0.000000e+00  1.016260e-02
5.058279e-01  0.000000e+00  0.000000e+00  0.000000e+00  0.000000e+00  0.000000e+00  0.000000e+00  0.000000e+00  9.349593e-03  0.000000e+00  0.000000e+00  0.000000e+00  0.000000e+00  0.000000e+00  0.000000e+00  0.000000e+00  9.349593e-03
5.470306e-01  0.000000e+00  0.000000e+00  0.000000e+00  0.000000e+00  0.000000e+00  0.000000e+00  0.000000e+00  1.341463e-02  0.000000e+00  0.000000e+00  0.000000e+00  0.000000e+00  0.000000e+00  0.000000e+00  0.000000e+00  1.341463e-02
5.915894e-01  0.000000e+00  0.000000e+00  0.000000e+00  0.000000e+00  0.000000e+00  0.000000e+00  0.000000e+00  1.056911e-02  0.000000e+00  0.000000e+00  0.000000e+00  0.000000e+00  0.000000e+00  0.000000e+00  0.000000e+00  1.056911e-02
6.397779e-01  0.000000e+00  0.000000e+00  0.000000e+00  0.000000e+00  0.000000e+00  0.000000e+00  0.000000e+00  7.723577e-03  0.000000e+00  0.000000e+00  0.000000e+00  0.000000e+00  0.000000e+00  0.000000e+00  0.000000e+00  7.723577e-03
6.918915e-01  0.000000e+00  0.000000e+00  0.000000e+00  0.000000e+00  0.000000e+00  0.000000e+00  0.000000e+00  8.536585e-03  0.000000e+00  0.000000e+00  0.000000e+00  0.000000e+00  0.000000e+00  0.000000e+00  0.000000e+00  8.536585e-03
7.482501e-01  0.000000e+00  0.000000e+00  0.000000e+00  0.000000e+00  0.000000e+00  0.000000e+00  0.000000e+00  1.056911e-02  0.000000e+00  0.000000e+00  0.000000e+00  0.000000e+00  0.000000e+00  0.000000e+00  0.000000e+00  1.056911e-02
8.091995e-01  0.000000e+00  0.000000e+00  0.000000e+00  0.000000e+00  0.000000e+00  0.000000e+00  0.000000e+00  1.300813e-02  0.000000e+00  0.000000e+00  0.000000e+00  0.000000e+00  0.000000e+00  0.000000e+00  0.000000e+00  1.300813e-02
8.751135e-01  0.000000e+00  0.000000e+00  0.000000e+00  0.000000e+00  0.000000e+00  0.000000e+00  0.000000e+00  1.300813e-02  0.000000e+00  0.000000e+00  0.000000e+00  0.000000e+00  0.000000e+00  0.000000e+00  6.504065e-03  1.300813e-02
9.463967e-01  0.000000e+00  0.000000e+00  0.000000e+00  0.000000e+00  0.000000e+00  0.000000e+00  0.000000e+00  1.504065e-02  0.000000e+00  0.000000e+00  0.000000e+00  0.000000e+00  0.000000e+00  0.000000e+00  4.471545e-03  1.504065e-02
1.023486e+00  0.000000e+00  0.000000e+00  0.000000e+00  0.000000e+00  0.000000e+00  0.000000e+00  0.000000e+00  1.056911e-02  0.000000e+00  0.000000e+00  0.000000e+00  0.000000e+00  0.000000e+00  0.000000e+00  6.097561e-03  1.056911e-02
1.106855e+00  0.000000e+00  0.000000e+00  0.000000e+00  0.000000e+00  0.000000e+00  0.000000e+00  0.000000e+00  1.951220e-02  0.000000e+00  0.000000e+00  0.000000e+00  0.000000e+00  0.000000e+00  0.000000e+00  7.723577e-03  1.951220e-02
1.197015e+00  0.000000e+00  0.000000e+00  0.000000e+00  0.000000e+00  0.000000e+00  0.000000e+00  0.000000e+00  1.260163e-02  0.000000e+00  0.000000e+00  0.000000e+00  0.000000e+00  0.000000e+00  0.000000e+00  8.943089e-03  1.260163e-02
1.294519e+00  0.000000e+00  0.000000e+00  0.000000e+00  0.000000e+00  0.000000e+00  0.000000e+00  0.000000e+00  1.626016e-02  0.000000e+00  0.000000e+00  0.000000e+00  0.000000e+00  0.000000e+00  0.000000e+00  7.723577e-03  1.626016e-02
1.399965e+00  0.000000e+00  0.000000e+00  0.000000e+00  0.000000e+00  0.000000e+00  0.000000e+00  0.000000e+00  1.260163e-02  0.000000e+00  0.000000e+00  0.000000e+00  0.000000e+00  0.000000e+00  0.000000e+00  1.260163e-02  1.260163e-02
1.514000e+00  0.000000e+00  0.000000e+00  0.000000e+00  0.000000e+00  0.000000e+00  0.000000e+00  0.000000e+00  1.382114e-02  0.000000e+00  0.000000e+00  0.000000e+00  0.000000e+00  0.000000e+00  0.000000e+00  9.756098e-03  1.382114e-02
1.637325e+00  0.000000e+00  0.000000e+00  0.000000e+00  0.000000e+00  0.000000e+00  0.000000e+00  0.000000e+00  1.382114e-02  0.000000e+00  0.000000e+00  0.000000e+00  0.000000e+00  0.000000e+00  0.000000e+00  7.317073e-03  1.382114e-02
1.770694e+00  0.000000e+00  0.000000e+00  0.000000e+00  0.000000e+00  0.000000e+00  0.000000e+00  0.000000e+00  1.626016e-02  0.000000e+00  0.000000e+00  0.000000e+00  0.000000e+00  0.000000e+00  0.000000e+00  1.178862e-02  1.626016e-02
1.914928e+00  0.000000e+00  0.000000e+00  0.000000e+00  0.000000e+00  0.000000e+00  0.000000e+00  0.000000e+00  1.626016e-02  0.000000e+00  0.000000e+00  0.000000e+00  0.000000e+00  0.000000e+00  0.000000e+00  8.943089e-03  1.626016e-02
2.070910e+00  0.000000e+00  0.000000e+00  0.000000e+00  0.000000e+00  0.000000e+00  0.000000e+00  0.000000e+00  1.829268e-02  0.000000e+00  0.000000e+00  0.000000e+00  0.000000e+00  0.000000e+00  0.000000e+00  1.178862e-02  1.829268e-02
2.239597e+00  0.000000e+00  0.000000e+00  0.000000e+00  0.000000e+00  0.000000e+00  0.000000e+00  0.000000e+00  2.154472e-02  0.000000e+00  0.000000e+00  0.000000e+00  0.000000e+00  0.000000e+00  0.000000e+00  8.943089e-03  2.154472e-02
2.422026e+00  0.000000e+00  0.000000e+00  0.000000e+00  0.000000e+00  0.000000e+00  0.000000e+00  0.000000e+00  2.276423e-02  0.000000e+00  0.000000e+00  0.000000e+00  0.000000e+00  0.000000e+00  0.000000e+00  7.723577e-03  2.276423e-02
2.619314e+00  0.000000e+00  0.000000e+00  0.000000e+00  0.000000e+00  0.000000e+00  0.000000e+00  0.000000e+00  1.910569e-02  0.000000e+00  0.000000e+00  0.000000e+00  0.000000e+00  0.000000e+00  0.000000e+00  8.536585e-03  1.910569e-02
2.832672e+00  0.000000e+00  0.000000e+00  0.000000e+00  0.000000e+00  0.000000e+00  0.000000e+00  5.284553e-03  2.235772e-02  0.000000e+00  0.000000e+00  0.000000e+00  0.000000e+00  0.000000e+00  0.000000e+00  1.138211e-02  2.235772e-02
3.063410e+00  0.000000e+00  0.000000e+00  0.000000e+00  0.000000e+00  0.000000e+00  0.000000e+00  1.138211e-02  1.869919e-02  0.000000e+00  0.000000e+00  0.000000e+00  0.000000e+00  0.000000e+00  0.000000e+00  1.138211e-02  1.869919e-02
3.312943e+00  0.000000e+00  0.000000e+00  0.000000e+00  0.000000e+00  0.000000e+00  0.000000e+00  8.943089e-03  1.504065e-02  0.000000e+00  0.000000e+00  0.000000e+00  0.000000e+00  0.000000e+00  0.000000e+00  8.943089e-03  1.504065e-02
3.582802e+00  0.000000e+00  0.000000e+00  0.000000e+00  0.000000e+00  0.000000e+00  0.000000e+00  1.504065e-02  2.317073e-02  0.000000e+00  0.000000e+00  0.000000e+00  0.000000e+00  0.000000e+00  0.000000e+00  1.504065e-02  2.317073e-02
3.874642e+00  0.000000e+00  0.000000e+00  0.000000e+00  0.000000e+00  0.000000e+00  0.000000e+00  1.056911e-02  1.788618e-02  0.000000e+00  0.000000e+00  0.000000e+00  0.000000e+00  0.000000e+00  0.000000e+00  1.056911e-02  1.788618e-02
4.190254e+00  0.000000e+00  0.000000e+00  0.000000e+00  0.000000e+00  0.000000e+00  0.000000e+00  1.382114e-02  1.991870e-02  0.000000e+00  0.000000e+00  0.000000e+00  0.000000e+00  0.000000e+00  0.000000e+00  1.382114e-02  1.991870e-02
4.531575e+00  0.000000e+00  0.000000e+00  0.000000e+00  0.000000e+00  0.000000e+00  0.000000e+00  1.463415e-02  1.910569e-02  0.000000e+00  0.000000e+00  0.000000e+00  0.000000e+00  0.000000e+00  0.000000e+00  1.463415e-02  1.910569e-02
4.900698e+00  0.000000e+00  0.000000e+00  0.000000e+00  0.000000e+00  0.000000e+00  0.000000e+00  1.219512e-02  2.154472e-02  0.000000e+00  0.000000e+00  0.000000e+00  0.000000e+00  0.000000e+00  0.000000e+00  1.219512e-02  2.154472e-02
5.299889e+00  0.000000e+00  0.000000e+00  0.000000e+00  0.000000e+00  0.000000e+00  0.000000e+00  9.349593e-03  2.317073e-02  0.000000e+00  0.000000e+00  0.000000e+00  0.000000e+00  0.000000e+00  0.000000e+00  9.349593e-03  2.317073e-02
5.731596e+00  0.000000e+00  0.000000e+00  0.000000e+00  0.000000e+00  0.000000e+00  0.000000e+00  1.341463e-02  2.195122e-02  0.000000e+00  0.000000e+00  0.000000e+00  0.000000e+00  0.000000e+00  0.000000e+00  1.341463e-02  2.195122e-02
6.198468e+00  0.000000e+00  0.000000e+00  0.000000e+00  0.000000e+00  0.000000e+00  0.000000e+00  1.504065e-02  1.829268e-02  0.000000e+00  0.000000e+00  0.000000e+00  0.000000e+00  0.000000e+00  0.000000e+00  1.504065e-02  1.829268e-02
6.703369e+00  0.000000e+00  0.000000e+00  0.000000e+00  0.000000e+00  0.000000e+00  0.000000e+00  1.178862e-02  1.910569e-02  0.000000e+00  0.000000e+00  0.000000e+00  0.000000e+00  0.000000e+00  0.000000e+00  1.178862e-02  1.910569e-02
7.249398e+00  0.000000e+00  0.000000e+00  0.000000e+00  0.000000e+00  0.000000e+00  0.000000e+00  1.178862e-02  2.642276e-02  0.000000e+00  0.000000e+00  0.000000e+00  0.000000e+00  0.000000e+00  0.000000e+00  1.178862e-02  2.642276e-02
7.839904e+00  0.000000e+00  0.000000e+00  0.000000e+00  0.000000e+00  0.000000e+00  0.000000e+00  1.626016e-02  1.260163e-02  0.000000e+00  0.000000e+00  0.000000e+00  0.000000e+00  0.000000e+00  0.000000e+00  1.626016e-02  1.260163e-02
8.478510e+00  0.000000e+00  0.000000e+00  0.000000e+00  0.000000e+00  0.000000e+00  0.000000e+00  1.707317e-02  1.747967e-02  0.000000e+00  0.000000e+00  0.000000e+00  0.000000e+00  0.000000e+00  0.000000e+00  1.707317e-02  1.747967e-02
9.169134e+00  0.000000e+00  0.000000e+00  0.000000e+00  0.000000e+00  0.000000e+00  0.000000e+00  1.585366e-02  1.747967e-02  0.000000e+00  0.000000e+00  0.000000e+00  0.000000e+00  0.000000e+00  0.000000e+00  1.585366e-02  1.747967e-02
9.916014e+00  0.000000e+00  0.000000e+00  0.000000e+00  0.000000e+00  0.000000e+00  0.000000e+00  1.341463e-02  1.341463e-02  0.000000e+00  0.000000e+00  0.000000e+00  0.000000e+00  0.000000e+00  0.000000e+00  1.341463e-02  1.341463e-02
1.072373e+01  0.000000e+00  0.000000e+00  0.000000e+00  0.000000e+00  0.000000e+00  0.000000e+00  1.707317e-02  1.788618e-02  0.000000e+00  0.000000e+00  0.000000e+00  0.000000e+00  0.000000e+00  6.097561e-03  1.707317e-02  1.788618e-02
1.159724e+01  0.000000e+00  0.000000e+00  0.000000e+00  0.000000e+00  0.000000e+00  0.000000e+00  1.056911e-02  5.284553e-03  0.000000e+00  0.000000e+00  0.000000e+00  0.000000e+00  0.000000e+00  8.943089e-03  1.056911e-02  1.097561e-02
1.254191e+01  0.000000e+00  0.000000e+00  0.000000e+00  0.000000e+00  0.000000e+00  0.000000e+00  1.626016e-02  0.000000e+00  0.000000e+00  0.000000e+00  0.000000e+00  0.000000e+00  0.000000e+00  6.910569e-03  1.626016e-02  1.463415e-02
1.356352e+01  0.000000e+00  0.000000e+00  0.000000e+00  0.000000e+00  0.000000e+00  0.000000e+00  1.910569e-02  0.000000e+00  0.000000e+00  0.000000e+00  0.000000e+00  0.000000e+00  0.000000e+00  1.097561e-02  1.910569e-02  1.178862e-02
1.466835e+01  0.000000e+00  0.000000e+00  0.000000e+00  0.000000e+00  0.000000e+00  0.000000e+00  1.707317e-02  0.000000e+00  0.000000e+00  0.000000e+00  0.000000e+00  0.000000e+00  0.000000e+00  9.756098e-03  1.707317e-02  1.382114e-02
1.586317e+01  0.000000e+00  0.000000e+00  0.000000e+00  0.000000e+00  0.000000e+00  0.000000e+00  1.666667e-02  0.000000e+00  0.000000e+00  0.000000e+00  0.000000e+00  0.000000e+00  0.000000e+00  8.130081e-03  1.666667e-02  1.422764e-02
1.715532e+01  0.000000e+00  0.000000e+00  0.000000e+00  0.000000e+00  0.000000e+00  0.000000e+00  1.788618e-02  0.000000e+00  0.000000e+00  0.000000e+00  0.000000e+00  0.000000e+00  0.000000e+00  1.463415e-02  1.788618e-02  5.284553e-03
1.855272e+01  0.000000e+00  0.000000e+00  0.000000e+00  0.000000e+00  0.000000e+00  0.000000e+00  1.991870e-02  0.000000e+00  0.000000e+00  0.000000e+00  0.000000e+00  0.000000e+00  4.471545e-03  1.178862e-02  1.991870e-02  9.756098e-03
2.006394e+01  0.000000e+00  0.000000e+00  0.000000e+00  0.000000e+00  0.000000e+00  0.000000e+00  2.195122e-02  0.000000e+00  0.000000e+00  0.000000e+00  0.000000e+00  0.000000e+00  5.691057e-03  1.097561e-02  2.195122e-02  9.756098e-03
2.169827e+01  0.000000e+00  0.000000e+00  0.000000e+00  0.000000e+00  0.000000e+00  0.000000e+00  1.219512e-02  0.000000e+00  0.000000e+00  0.000000e+00  0.000000e+00  0.000000e+00  6.910569e-03  1.138211e-02  1.219512e-02  6.504065e-03
2.346572e+01  0.000000e+00  0.000000e+00  0.000000e+00  0.000000e+00  0.000000e+00  0.000000e+00  1.666667e-02  0.000000e+00  0.000000e+00  0.000000e+00  0.000000e+00  0.000000e+00  7.723577e-03  1.260163e-02  1.666667e-02  5.284553e-03
2.537714e+01  0.000000e+00  0.000000e+00  0.000000e+00  0.000000e+00  0.000000e+00  0.000000e+00  1.910569e-02  0.000000e+00  0.000000e+00  0.000000e+00  0.000000e+00  0.000000e+00  1.016260e-02  1.422764e-02  1.910569e-02  6.097561e-03
2.744426e+01  0.000000e+00  0.000000e+00  0.000000e+00  0.000000e+00  0.000000e+00  1.626016e-03  2.113821e-02  0.000000e+00  0.000000e+00  0.000000e+00  0.000000e+00  0.000000e+00  8.943089e-03  1.016260e-02  2.113821e-02  4.065041e-03
2.967975e+01  0.000000e+00  0.000000e+00  0.000000e+00  0.000000e+00  0.000000e+00  7.317073e-03  1.707317e-02  0.000000e+00  0.000000e+00  0.000000e+00  0.000000e+00  0.000000e+00  1.097561e-02  7.317073e-03  1.707317e-02  1.016260e-02
3.209734e+01  0.000000e+00  0.000000e+00  0.000000e+00  0.000000e+00  0.000000e+00  1.341463e-02  1.829268e-02  0.000000e+00  0.000000e+00  0.000000e+00  0.000000e+00  0.000000e+00  1.260163e-02  1.341463e-02  1.829268e-02  6.504065e-03
3.471186e+01  0.000000e+00  0.000000e+00  0.000000e+00  0.000000e+00  0.000000e+00  1.747967e-02  1.991870e-02  0.000000e+00  0.000000e+00  0.000000e+00  0.000000e+00  4.471545e-03  1.422764e-02  1.747967e-02  1.991870e-02  5.691057e-03
3.753934e+01  0.000000e+00  0.000000e+00  0.000000e+00  0.000000e+00  0.000000e+00  1.626016e-02  1.991870e-02  0.000000e+00  0.000000e+00  0.000000e+00  0.000000e+00  5.691057e-03  1.138211e-02  1.626016e-02  1.991870e-02  5.284553e-03
4.059714e+01  0.000000e+00  0.000000e+00  0.000000e+00  0.000000e+00  0.000000e+00  8.536585e-03  1.504065e-02  0.000000e+00  0.000000e+00  0.000000e+00  0.000000e+00  8.130081e-03  1.178862e-02  8.536585e-03  1.504065e-02  4.065041e-04
4.390402e+01  0.000000e+00  0.000000e+00  0.000000e+00  0.000000e+00  0.000000e+00  1.016260e-02  1.829268e-02  0.000000e+00  0.000000e+00  0.000000e+00  0.000000e+00  4.471545e-03  1.138211e-02  1.016260e-02  1.829268e-02  0.000000e+00
4.748026e+01  0.000000e+00  0.000000e+00  0.000000e+00  0.000000e+00  0.000000e+00  1.382114e-02  2.073171e-02  0.000000e+00  0.000000e+00  0.000000e+00  0.000000e+00  6.504065e-03  9.349593e-03  1.382114e-02  2.073171e-02  0.000000e+00
5.134780e+01  0.000000e+00  0.000000e+00  0.000000e+00  0.000000e+00  2.032520e-03  1.097561e-02  1.300813e-02  0.000000e+00  0.000000e+00  0.000000e+00  0.000000e+00  1.016260e-02  1.138211e-02  1.097561e-02  1.300813e-02  0.000000e+00
5.553038e+01  0.000000e+00  0.000000e+00  0.000000e+00  0.000000e+00  8.536585e-03  1.504065e-02  1.707317e-02  0.000000e+00  0.000000e+00  0.000000e+00  0.000000e+00  1.178862e-02  8.536585e-03  1.504065e-02  1.707317e-02  0.000000e+00
6.005366e+01  0.000000e+00  0.000000e+00  0.000000e+00  0.000000e+00  1.544715e-02  1.300813e-02  1.382114e-02  0.000000e+00  0.000000e+00  0.000000e+00  0.000000e+00  1.300813e-02  1.544715e-02  1.300813e-02  1.382114e-02  0.000000e+00
6.494538e+01  0.000000e+00  0.000000e+00  0.000000e+00  0.000000e+00  1.138211e-02  1.300813e-02  1.382114e-02  0.000000e+00  0.000000e+00  0.000000e+00  0.000000e+00  1.016260e-02  1.138211e-02  1.300813e-02  1.382114e-02  0.000000e+00
7.023556e+01  0.000000e+00  0.000000e+00  0.000000e+00  0.000000e+00  1.219512e-02  1.463415e-02  8.536585e-03  0.000000e+00  0.000000e+00  0.000000e+00  0.000000e+00  9.349593e-03  1.219512e-02  1.463415e-02  8.536585e-03  0.000000e+00
7.595666e+01  0.000000e+00  0.000000e+00  0.000000e+00  0.000000e+00  1.056911e-02  1.097561e-02  8.536585e-03  0.000000e+00  0.000000e+00  0.000000e+00  3.658537e-03  1.504065e-02  1.056911e-02  1.097561e-02  8.536585e-03  0.000000e+00
8.214378e+01  0.000000e+00  0.000000e+00  0.000000e+00  0.000000e+00  1.422764e-02  1.585366e-02  1.422764e-02  0.000000e+00  0.000000e+00  0.000000e+00  7.317073e-03  8.943089e-03  1.422764e-02  1.585366e-02  1.422764e-02  0.000000e+00
8.883487e+01  0.000000e+00  0.000000e+00  0.000000e+00  0.000000e+00  1.097561e-02  1.504065e-02  1.341463e-02  0.000000e+00  0.000000e+00  0.000000e+00  9.349593e-03  1.382114e-02  1.097561e-02  1.504065e-02  1.341463e-02  0.000000e+00
9.607099e+01  0.000000e+00  0.000000e+00  0.000000e+00  0.000000e+00  1.341463e-02  1.544715e-02  6.504065e-03  0.000000e+00  0.000000e+00  0.000000e+00  5.691057e-03  9.349593e-03  1.341463e-02  1.544715e-02  1.260163e-02  0.000000e+00
1.038965e+02  0.000000e+00  0.000000e+00  0.000000e+00  9.756098e-03  1.341463e-02  1.544715e-02  0.000000e+00  0.000000e+00  0.000000e+00  0.000000e+00  6.097561e-03  1.382114e-02  1.341463e-02  1.544715e-02  8.536585e-03  0.000000e+00
1.123595e+02  0.000000e+00  0.000000e+00  0.000000e+00  1.666667e-02  1.056911e-02  1.585366e-02  0.000000e+00  0.000000e+00  0.000000e+00  0.000000e+00  7.317073e-03  1.666667e-02  1.056911e-02  1.585366e-02  1.097561e-02  0.000000e+00
1.215119e+02  0.000000e+00  0.000000e+00  0.000000e+00  1.097561e-02  1.097561e-02  1.585366e-02  0.000000e+00  0.000000e+00  0.000000e+00  0.000000e+00  1.056911e-02  1.097561e-02  1.097561e-02  1.585366e-02  1.016260e-02  0.000000e+00
1.314097e+02  0.000000e+00  0.000000e+00  0.000000e+00  1.178862e-02  1.585366e-02  1.382114e-02  0.000000e+00  0.000000e+00  0.000000e+00  0.000000e+00  1.260163e-02  1.178862e-02  1.585366e-02  1.382114e-02  8.943089e-03  0.000000e+00
1.421138e+02  0.000000e+00  0.000000e+00  0.000000e+00  1.300813e-02  1.463415e-02  1.463415e-02  0.000000e+00  0.000000e+00  0.000000e+00  0.000000e+00  9.349593e-03  1.300813e-02  1.463415e-02  1.463415e-02  1.056911e-02  0.000000e+00
1.536898e+02  0.000000e+00  0.000000e+00  0.000000e+00  1.341463e-02  1.951220e-02  2.317073e-02  0.000000e+00  0.000000e+00  0.000000e+00  0.000000e+00  1.138211e-02  1.341463e-02  1.951220e-02  2.317073e-02  1.138211e-02  0.000000e+00
1.662087e+02  0.000000e+00  0.000000e+00  0.000000e+00  1.260163e-02  1.626016e-02  1.788618e-02  0.000000e+00  0.000000e+00  0.000000e+00  1.016260e-02  1.219512e-02  1.260163e-02  1.626016e-02  1.788618e-02  6.504065e-03  0.000000e+00
1.797474e+02  0.000000e+00  0.000000e+00  0.000000e+00  9.756098e-03  1.463415e-02  1.910569e-02  0.000000e+00  0.000000e+00  0.000000e+00  1.016260e-02  1.178862e-02  9.756098e-03  1.463415e-02  1.910569e-02  1.016260e-02  0.000000e+00
1.943889e+02  0.000000e+00  0.000000e+00  0.000000e+00  1.504065e-02  1.219512e-02  1.422764e-02  0.000000e+00  0.000000e+00  0.000000e+00  9.756098e-03  1.544715e-02  1.504065e-02  1.219512e-02  1.422764e-02  4.471545e-03  0.000000e+00
2.102230e+02  0.000000e+00  0.000000e+00  0.000000e+00  1.341463e-02  1.788618e-02  1.829268e-02  0.000000e+00  0.000000e+00  0.000000e+00  7.317073e-03  1.016260e-02  1.341463e-02  1.788618e-02  1.829268e-02  7.317073e-03  0.000000e+00
2.273469e+02  0.000000e+00  0.000000e+00  1.544715e-02  1.504065e-02  1.626016e-02  1.869919e-02  0.000000e+00  0.000000e+00  0.000000e+00  8.536585e-03  1.747967e-02  1.504065e-02  1.626016e-02  1.869919e-02  4.878049e-03  0.000000e+00
2.458656e+02  0.000000e+00  0.000000e+00  1.707317e-02  1.341463e-02  1.991870e-02  2.032520e-02  0.000000e+00  0.000000e+00  0.000000e+00  1.341463e-02  1.707317e-02  1.341463e-02  1.991870e-02  2.032520e-02  5.284553e-03  0.000000e+00
2.658928e+02  0.000000e+00  0.000000e+00  1.219512e-02  1.869919e-02  1.626016e-02  2.032520e-02  0.000000e+00  0.000000e+00  0.000000e+00  9.756098e-03  1.219512e-02  1.869919e-02  1.626016e-02  2.032520e-02  3.252033e-03  0.000000e+00
2.875514e+02  0.000000e+00  0.000000e+00  1.666667e-02  1.788618e-02  1.463415e-02  2.113821e-02  0.000000e+00  0.000000e+00  0.000000e+00  1.097561e-02  1.666667e-02  1.788618e-02  1.463415e-02  2.113821e-02  4.065041e-03  0.000000e+00
3.109741e+02  0.000000e+00  0.000000e+00  1.341463e-02  1.382114e-02  1.869919e-02  1.747967e-02  0.000000e+00  0.000000e+00  0.000000e+00  1.097561e-02  1.341463e-02  1.382114e-02  1.869919e-02  1.747967e-02  5.284553e-03  0.000000e+00
3.363048e+02  0.000000e+00  0.000000e+00  1.422764e-02  1.382114e-02  1.626016e-02  1.544715e-02  0.000000e+00  0.000000e+00  0.000000e+00  1.504065e-02  1.422764e-02  1.382114e-02  1.626016e-02  1.544715e-02  4.471545e-03  0.000000e+00
3.636988e+02  0.000000e+00  0.000000e+00  1.504065e-02  1.666667e-02  2.032520e-02  1.869919e-02  0.000000e+00  0.000000e+00  0.000000e+00  1.585366e-02  1.504065e-02  1.666667e-02  2.032520e-02  1.869919e-02  4.065041e-03  0.000000e+00
3.933242e+02  0.000000e+00  0.000000e+00  1.666667e-02  1.869919e-02  1.951220e-02  2.195122e-02  0.000000e+00  0.000000e+00  0.000000e+00  1.300813e-02  1.666667e-02  1.869919e-02  1.951220e-02  2.195122e-02  4.471545e-03  0.000000e+00
4.253627e+02  0.000000e+00  1.747967e-02  1.626016e-02  1.544715e-02  1.626016e-02  1.747967e-02  0.000000e+00  0.000000e+00  0.000000e+00  1.747967e-02  1.626016e-02  1.544715e-02  1.626016e-02  1.747967e-02  1.626016e-03  0.000000e+00
4.600110e+02  0.000000e+00  1.341463e-02  1.585366e-02  2.154472e-02  2.357724e-02  2.317073e-02  0.000000e+00  0.000000e+00  0.000000e+00  1.341463e-02  1.585366e-02  2.154472e-02  2.357724e-02  2.317073e-02  1.219512e-03  0.000000e+00
4.974816e+02  0.000000e+00  1.666667e-02  1.260163e-02  2.073171e-02  2.032520e-02  2.154472e-02  0.000000e+00  0.000000e+00  0.000000e+00  1.666667e-02  1.260163e-02  2.073171e-02  2.032520e-02  2.154472e-02  1.219512e-03  0.000000e+00
5.380044e+02  0.000000e+00  1.910569e-02  1.707317e-02  1.504065e-02  1.951220e-02  2.073171e-02  0.000000e+00  0.000000e+00  0.000000e+00  1.910569e-02  1.707317e-02  1.504065e-02  1.951220e-02  2.073171e-02  0.000000e+00  0.000000e+00
5.818280e+02  0.000000e+00  1.341463e-02  1.951220e-02  1.910569e-02  2.601626e-02  2.073171e-02  0.000000e+00  0.000000e+00  0.000000e+00  1.341463e-02  1.951220e-02  1.910569e-02  2.601626e-02  2.073171e-02  0.000000e+00  0.000000e+00
6.292213e+02  0.000000e+00  1.788618e-02  1.707317e-02  2.195122e-02  2.398374e-02  1.666667e-02  0.000000e+00  0.000000e+00  0.000000e+00  1.788618e-02  1.707317e-02  2.195122e-02  2.398374e-02  1.666667e-02  0.000000e+00  0.000000e+00
6.804750e+02  0.000000e+00  1.585366e-02  1.991870e-02  2.398374e-02  2.195122e-02  1.951220e-02  0.000000e+00  0.000000e+00  0.000000e+00  1.585366e-02  1.991870e-02  2.398374e-02  2.195122e-02  1.951220e-02  0.000000e+00  0.000000e+00
7.359037e+02  0.000000e+00  1.910569e-02  1.910569e-02  2.479675e-02  2.154472e-02  4.878049e-03  0.000000e+00  0.000000e+00  1.626016e-03  1.910569e-02  1.910569e-02  2.479675e-02  2.154472e-02  1.829268e-02  0.000000e+00  0.000000e+00
7.958474e+02  0.000000e+00  1.910569e-02  2.317073e-02  2.235772e-02  1.707317e-02  0.000000e+00  0.000000e+00  0.000000e+00  8.130081e-03  1.910569e-02  2.317073e-02  2.235772e-02  1.707317e-02  1.463415e-02  0.000000e+00  0.000000e+00
8.606738e+02  0.000000e+00  1.788618e-02  2.479675e-02  2.601626e-02  2.113821e-02  0.000000e+00  0.000000e+00  0.000000e+00  1.056911e-02  1.788618e-02  2.479675e-02  2.601626e-02  2.113821e-02  1.422764e-02  0.000000e+00  0.000000e+00
9.307808e+02  0.000000e+00  2.073171e-02  2.886179e-02  2.317073e-02  2.439024e-02  0.000000e+00  0.000000e+00  0.000000e+00  1.341463e-02  2.073171e-02  2.886179e-02  2.317073e-02  2.439024e-02  1.300813e-02  0.000000e+00  0.000000e+00
1.006598e+03  0.000000e+00  2.317073e-02  2.642276e-02  2.845528e-02  2.764228e-02  0.000000e+00  0.000000e+00  0.000000e+00  1.138211e-02  2.317073e-02  2.642276e-02  2.845528e-02  2.764228e-02  1.382114e-02  0.000000e+00  0.000000e+00
1.088592e+03  0.000000e+00  2.317073e-02  2.439024e-02  2.845528e-02  1.666667e-02  0.000000e+00  0.000000e+00  0.000000e+00  1.260163e-02  2.317073e-02  2.439024e-02  2.845528e-02  1.666667e-02  1.138211e-02  0.000000e+00  0.000000e+00
1.177264e+03  0.000000e+00  2.479675e-02  2.804878e-02  1.626016e-02  1.300813e-02  0.000000e+00  0.000000e+00  0.000000e+00  1.422764e-02  2.479675e-02  2.804878e-02  1.626016e-02  1.707317e-02  1.056911e-02  0.000000e+00  0.000000e+00
1.273159e+03  0.000000e+00  2.886179e-02  2.723577e-02  2.439024e-02  0.000000e+00  0.000000e+00  0.000000e+00  0.000000e+00  1.626016e-02  2.886179e-02  2.723577e-02  2.439024e-02  1.626016e-02  1.016260e-02  0.000000e+00  0.000000e+00
1.376865e+03  0.000000e+00  2.926829e-02  2.276423e-02  2.113821e-02  0.000000e+00  0.000000e+00  0.000000e+00  0.000000e+00  1.951220e-02  2.926829e-02  2.276423e-02  2.113821e-02  2.642276e-02  8.130081e-03  0.000000e+00  0.000000e+00
1.489019e+03  0.000000e+00  2.804878e-02  2.723577e-02  2.154472e-02  0.000000e+00  0.000000e+00  0.000000e+00  0.000000e+00  1.910569e-02  2.804878e-02  2.723577e-02  2.154472e-02  1.260163e-02  5.284553e-03  0.000000e+00  0.000000e+00
1.610308e+03  1.056911e-02  3.170732e-02  2.560976e-02  2.276423e-02  0.000000e+00  0.000000e+00  0.000000e+00  0.000000e+00  1.869919e-02  3.170732e-02  2.560976e-02  2.276423e-02  1.544715e-02  9.349593e-03  0.000000e+00  0.000000e+00
1.741477e+03  2.398374e-02  3.089431e-02  2.926829e-02  2.520325e-02  0.000000e+00  0.000000e+00  0.000000e+00  0.000000e+00  2.398374e-02  3.089431e-02  2.926829e-02  2.520325e-02  1.463415e-02  5.284553e-03  0.000000e+00  0.000000e+00
1.883331e+03  2.073171e-02  2.845528e-02  2.682927e-02  2.845528e-03  0.000000e+00  0.000000e+00  0.000000e+00  0.000000e+00  2.073171e-02  2.845528e-02  2.682927e-02  1.951220e-02  1.097561e-02  4.878049e-03  0.000000e+00  0.000000e+00
2.036739e+03  2.479675e-02  2.439024e-02  2.113821e-02  0.000000e+00  0.000000e+00  0.000000e+00  0.000000e+00  0.000000e+00  2.479675e-02  2.439024e-02  2.113821e-02  2.032520e-02  9.349593e-03  8.130081e-04  0.000000e+00  0.000000e+00
2.202643e+03  2.682927e-02  3.130081e-02  2.113821e-02  0.000000e+00  0.000000e+00  0.000000e+00  0.000000e+00  0.000000e+00  2.682927e-02  3.130081e-02  2.113821e-02  1.097561e-02  1.463415e-02  0.000000e+00  0.000000e+00  0.000000e+00
2.382061e+03  2.520325e-02  2.886179e-02  2.195122e-02  0.000000e+00  0.000000e+00  0.000000e+00  0.000000e+00  0.000000e+00  2.520325e-02  2.886179e-02  2.195122e-02  2.317073e-02  7.317073e-03  0.000000e+00  0.000000e+00  0.000000e+00
2.576094e+03  2.764228e-02  2.560976e-02  2.357724e-02  0.000000e+00  0.000000e+00  0.000000e+00  0.000000e+00  0.000000e+00  2.764228e-02  2.560976e-02  2.357724e-02  1.910569e-02  3.252033e-03  0.000000e+00  0.000000e+00  0.000000e+00
2.785932e+03  3.252033e-02  2.845528e-02  1.910569e-02  0.000000e+00  0.000000e+00  0.000000e+00  0.000000e+00  0.000000e+00  3.252033e-02  2.845528e-02  2.195122e-02  1.951220e-02  0.000000e+00  0.000000e+00  0.000000e+00  0.000000e+00
3.012863e+03  2.601626e-02  2.113821e-02  0.000000e+00  0.000000e+00  0.000000e+00  0.000000e+00  0.000000e+00  0.000000e+00  2.601626e-02  2.113821e-02  2.560976e-02  1.544715e-02  0.000000e+00  0.000000e+00  0.000000e+00  0.000000e+00
3.258278e+03  3.211382e-02  3.130081e-02  0.000000e+00  0.000000e+00  0.000000e+00  0.000000e+00  0.000000e+00  0.000000e+00  3.211382e-02  3.130081e-02  2.317073e-02  9.349593e-03  0.000000e+00  0.000000e+00  0.000000e+00  0.000000e+00
3.523684e+03  3.170732e-02  2.317073e-02  0.000000e+00  0.000000e+00  0.000000e+00  0.000000e+00  0.000000e+00  0.000000e+00  3.170732e-02  2.317073e-02  2.276423e-02  4.065041e-04  0.000000e+00  0.000000e+00  0.000000e+00  0.000000e+00
3.810709e+03  3.048780e-02  2.276423e-02  0.000000e+00  0.000000e+00  0.000000e+00  0.000000e+00  0.000000e+00  0.000000e+00  3.048780e-02  2.276423e-02  2.601626e-02  0.000000e+00  0.000000e+00  0.000000e+00  0.000000e+00  0.000000e+00
4.121113e+03  2.845528e-02  3.658537e-03  0.000000e+00  0.000000e+00  0.000000e+00  0.000000e+00  0.000000e+00  0.000000e+00  2.845528e-02  2.723577e-02  1.504065e-02  0.000000e+00  0.000000e+00  0.000000e+00  0.000000e+00  0.000000e+00
4.456802e+03  3.373984e-02  0.000000e+00  0.000000e+00  0.000000e+00  0.000000e+00  0.000000e+00  0.000000e+00  0.000000e+00  3.373984e-02  2.113821e-02  1.463415e-02  0.000000e+00  0.000000e+00  0.000000e+00  0.000000e+00  0.000000e+00
4.819835e+03  3.089431e-02  0.000000e+00  0.000000e+00  0.000000e+00  0.000000e+00  0.000000e+00  0.000000e+00  0.000000e+00  3.089431e-02  2.398374e-02  4.878049e-03  0.000000e+00  0.000000e+00  0.000000e+00  0.000000e+00  0.000000e+00
5.212438e+03  3.292683e-02  0.000000e+00  0.000000e+00  0.000000e+00  0.000000e+00  0.000000e+00  0.000000e+00  0.000000e+00  3.292683e-02  2.682927e-02  0.000000e+00  0.000000e+00  0.000000e+00  0.000000e+00  0.000000e+00  0.000000e+00
5.637022e+03  3.008130e-02  0.000000e+00  0.000000e+00  0.000000e+00  0.000000e+00  0.000000e+00  0.000000e+00  0.000000e+00  3.008130e-02  2.073171e-02  0.000000e+00  0.000000e+00  0.000000e+00  0.000000e+00  0.000000e+00  0.000000e+00
6.096191e+03  3.902439e-02  0.000000e+00  0.000000e+00  0.000000e+00  0.000000e+00  0.000000e+00  0.000000e+00  0.000000e+00  3.902439e-02  1.504065e-02  0.000000e+00  0.000000e+00  0.000000e+00  0.000000e+00  0.000000e+00  0.000000e+00
6.592761e+03  3.252033e-02  0.000000e+00  0.000000e+00  0.000000e+00  0.000000e+00  0.000000e+00  0.000000e+00  0.000000e+00  3.252033e-02  3.658537e-03  0.000000e+00  0.000000e+00  0.000000e+00  0.000000e+00  0.000000e+00  0.000000e+00
7.129780e+03  3.170732e-02  0.000000e+00  0.000000e+00  0.000000e+00  0.000000e+00  0.000000e+00  0.000000e+00  0.000000e+00  3.170732e-02  0.000000e+00  0.000000e+00  0.000000e+00  0.000000e+00  0.000000e+00  0.000000e+00  0.000000e+00
7.710542e+03  2.764228e-02  0.000000e+00  0.000000e+00  0.000000e+00  0.000000e+00  0.000000e+00  0.000000e+00  0.000000e+00  2.764228e-02  0.000000e+00  0.000000e+00  0.000000e+00  0.000000e+00  0.000000e+00  0.000000e+00  0.000000e+00
8.338611e+03  3.292683e-02  0.000000e+00  0.000000e+00  0.000000e+00  0.000000e+00  0.000000e+00  0.000000e+00  0.000000e+00  3.292683e-02  0.000000e+00  0.000000e+00  0.000000e+00  0.000000e+00  0.000000e+00  0.000000e+00  0.000000e+00
9.017840e+03  3.373984e-02  0.000000e+00  0.000000e+00  0.000000e+00  0.000000e+00  0.000000e+00  0.000000e+00  0.000000e+00  3.373984e-02  0.000000e+00  0.000000e+00  0.000000e+00  0.000000e+00  0.000000e+00  0.000000e+00  0.000000e+00
9.752396e+03  1.341463e-02  0.000000e+00  0.000000e+00  0.000000e+00  0.000000e+00  0.000000e+00  0.000000e+00  0.000000e+00  2.926829e-02  0.000000e+00  0.000000e+00  0.000000e+00  0.000000e+00  0.000000e+00  0.000000e+00  0.000000e+00
1.054679e+04  0.000000e+00  0.000000e+00  0.000000e+00  0.000000e+00  0.000000e+00  0.000000e+00  0.000000e+00  0.000000e+00  2.723577e-02  0.000000e+00  0.000000e+00  0.000000e+00  0.000000e+00  0.000000e+00  0.000000e+00  0.000000e+00
1.140588e+04  0.000000e+00  0.000000e+00  0.000000e+00  0.000000e+00  0.000000e+00  0.000000e+00  0.000000e+00  0.000000e+00  2.479675e-02  0.000000e+00  0.000000e+00  0.000000e+00  0.000000e+00  0.000000e+00  0.000000e+00  0.000000e+00
1.233496e+04  0.000000e+00  0.000000e+00  0.000000e+00  0.000000e+00  0.000000e+00  0.000000e+00  0.000000e+00  0.000000e+00  2.317073e-02  0.000000e+00  0.000000e+00  0.000000e+00  0.000000e+00  0.000000e+00  0.000000e+00  0.000000e+00
1.333971e+04  0.000000e+00  0.000000e+00  0.000000e+00  0.000000e+00  0.000000e+00  0.000000e+00  0.000000e+00  0.000000e+00  2.357724e-02  0.000000e+00  0.000000e+00  0.000000e+00  0.000000e+00  0.000000e+00  0.000000e+00  0.000000e+00
1.442631e+04  0.000000e+00  0.000000e+00  0.000000e+00  0.000000e+00  0.000000e+00  0.000000e+00  0.000000e+00  0.000000e+00  2.032520e-02  0.000000e+00  0.000000e+00  0.000000e+00  0.000000e+00  0.000000e+00  0.000000e+00  0.000000e+00
