8.191621e-03  0.000000e+00  0.000000e+00  0.000000e+00  0.000000e+00  0.000000e+00  0.000000e+00  0.000000e+00  0.000000e+00  0.000000e+00  0.000000e+00  0.000000e+00  0.000000e+00  0.000000e+00  0.000000e+00  0.000000e+00  5.914415e-03
9.117332e-03  0.000000e+00  0.000000e+00  0.000000e+00  0.000000e+00  0.000000e+00  0.000000e+00  0.000000e+00  0.000000e+00  0.000000e+00  0.000000e+00  0.000000e+00  0.000000e+00  0.000000e+00  0.000000e+00  0.000000e+00  6.958135e-03
1.014766e-02  0.000000e+00  0.000000e+00  0.000000e+00  0.000000e+00  0.000000e+00  0.000000e+00  0.000000e+00  0.000000e+00  0.000000e+00  0.000000e+00  0.000000e+00  0.000000e+00  0.000000e+00  0.000000e+00  0.000000e+00  8.001856e-03
1.129441e-02  0.000000e+00  0.000000e+00  0.000000e+00  0.000000e+00  0.000000e+00  0.000000e+00  0.000000e+00  0.000000e+00  0.000000e+00  0.000000e+00  0.000000e+00  0.000000e+00  0.000000e+00  0.000000e+00  0.000000e+00  1.043720e-02
1.257076e-02  0.000000e+00  0.000000e+00  0.000000e+00  0.000000e+00  0.000000e+00  0.000000e+00  0.000000e+00  0.000000e+00  0.000000e+00  0.000000e+00  0.000000e+00  0.000000e+00  0.000000e+00  0.000000e+00  0.000000e+00  8.465731e-03
1.399135e-02  0.000000e+00  0.000000e+00  0.000000e+00  0.000000e+00  0.000000e+00  0.000000e+00  0.000000e+00  0.000000e+00  0.000000e+00  0.000000e+00  0.000000e+00  0.000000e+00  0.000000e+00  0.000000e+00  0.000000e+00  9.393483e-03
1.557247e-02  0.000000e+00  0.000000e+00  0.000000e+00  0.000000e+00  0.000000e+00  0.000000e+00  0.000000e+00  0.000000e+00  0.000000e+00  0.000000e+00  0.000000e+00  0.000000e+00  0.000000e+00  0.000000e+00  0.000000e+00  1.171286e-02
1.733227e-02  0.000000e+00  0.000000e+00  0.000000e+00  0.000000e+00  0.000000e+00  0.000000e+00  0.000000e+00  0.000000e+00  0.000000e+00  0.000000e+00  0.000000e+00  0.000000e+00  0.000000e+00  0.000000e+00  0.000000e+00  1.032123e-02
1.929094e-02  0.000000e+00  0.000000e+00  0.000000e+00  0.000000e+00  0.000000e+00  0.000000e+00  0.000000e+00  0.000000e+00  0.000000e+00  0.000000e+00  0.000000e+00  0.000000e+00  0.000000e+00  0.000000e+00  0.000000e+00  1.159689e-02
2.147095e-02  0.000000e+00  0.000000e+00  0.000000e+00  0.000000e+00  0.000000e+00  0.000000e+00  0.000000e+00  0.000000e+00  0.000000e+00  0.000000e+00  0.000000e+00  0.000000e+00  0.000000e+00  0.000000e+00  0.000000e+00  1.159689e-02
2.389732e-02  0.000000e+00  0.000000e+00  0.000000e+00  0.000000e+00  0.000000e+00  0.000000e+00  0.000000e+00  0.000000e+00  0.000000e+00  0.000000e+00  0.000000e+00  0.000000e+00  0.000000e+00  0.000000e+00  0.000000e+00  1.264061e-02
2.659789e-02  0.000000e+00  0.000000e+00  0.000000e+00  0.000000e+00  0.000000e+00  0.000000e+00  0.000000e+00  0.000000e+00  0.000000e+00  0.000000e+00  0.000000e+00  0.000000e+00  0.000000e+00  0.000000e+00  0.000000e+00  1.345239e-02
2.960364e-02  0.000000e+00  0.000000e+00  0.000000e+00  0.000000e+00  0.000000e+00  0.000000e+00  0.000000e+00  3.479068e-04  0.000000e+00  0.000000e+00  0.000000e+00  0.000000e+00  0.000000e+00  0.000000e+00  0.000000e+00  1.484402e-02
3.294906e-02  0.000000e+00  0.000000e+00  0.000000e+00  0.000000e+00  0.000000e+00  0.000000e+00  0.000000e+00  1.298852e-02  0.000000e+00  0.000000e+00  0.000000e+00  0.000000e+00  0.000000e+00  0.000000e+00  0.000000e+00  1.298852e-02
3.667253e-02  0.000000e+00  0.000000e+00  0.000000e+00  0.000000e+00  0.000000e+00  0.000000e+00  0.000000e+00  1.310449e-02  0.000000e+00  0.000000e+00  0.000000e+00  0.000000e+00  0.000000e+00  0.000000e+00  0.000000e+00  1.310449e-02
4.081679e-02  0.000000e+00  0.000000e+00  0.000000e+00  0.000000e+00  0.000000e+00  0.000000e+00  0.000000e+00  1.391627e-02  0.000000e+00  0.000000e+00  0.000000e+00  0.000000e+00  0.000000e+00  0.000000e+00  0.000000e+00  1.391627e-02
4.542938e-02  0.000000e+00  0.000000e+00  0.000000e+00  0.000000e+00  0.000000e+00  0.000000e+00  0.000000e+00  1.623565e-02  0.000000e+00  0.000000e+00  0.000000e+00  0.000000e+00  0.000000e+00  0.000000e+00  0.000000e+00  1.623565e-02
5.056322e-02  0.000000e+00  0.000000e+00  0.000000e+00  0.000000e+00  0.000000e+00  0.000000e+00  0.000000e+00  1.600371e-02  0.000000e+00  0.000000e+00  0.000000e+00  0.000000e+00  0.000000e+00  0.000000e+00  0.000000e+00  1.600371e-02
5.627722e-02  0.000000e+00  0.000000e+00  0.000000e+00  0.000000e+00  0.000000e+00  0.000000e+00  0.000000e+00  1.519193e-02  0.000000e+00  0.000000e+00  0.000000e+00  0.000000e+00  0.000000e+00  0.000000e+00  0.000000e+00  1.519193e-02
6.263695e-02  0.000000e+00  0.000000e+00  0.000000e+00  0.000000e+00  0.000000e+00  0.000000e+00  0.000000e+00  1.751131e-02  0.000000e+00  0.000000e+00  0.000000e+00  0.000000e+00  0.000000e+00  0.000000e+00  0.000000e+00  1.751131e-02
6.971537e-02  0.000000e+00  0.000000e+00  0.000000e+00  0.000000e+00  0.000000e+00  0.000000e+00  0.000000e+00  1.611968e-02  0.000000e+00  0.000000e+00  0.000000e+00  0.000000e+00  0.000000e+00  0.000000e+00  0.000000e+00  1.611968e-02
7.759370e-02  0.000000e+00  0.000000e+00  0.000000e+00  0.000000e+00  0.000000e+00  0.000000e+00  0.000000e+00  1.472805e-02  0.000000e+00  0.000000e+00  0.000000e+00  0.000000e+00  0.000000e+00  0.000000e+00  0.000000e+00  1.472805e-02
8.636234e-02  0.000000e+00  0.000000e+00  0.000000e+00  0.000000e+00  0.000000e+00  0.000000e+00  0.000000e+00  1.820712e-02  0.000000e+00  0.000000e+00  0.000000e+00  0.000000e+00  0.000000e+00  0.000000e+00  0.000000e+00  1.820712e-02
9.612190e-02  0.000000e+00  0.000000e+00  0.000000e+00  0.000000e+00  0.000000e+00  0.000000e+00  0.000000e+00  1.797518e-02  0.000000e+00  0.000000e+00  0.000000e+00  0.000000e+00  0.000000e+00  0.000000e+00  0.000000e+00  1.797518e-02
1.069844e-01  0.000000e+00  0.000000e+00  0.000000e+00  0.000000e+00  0.000000e+00  0.000000e+00  0.000000e+00  1.391627e-02  0.000000e+00  0.000000e+00  0.000000e+00  0.000000e+00  0.000000e+00  0.000000e+00  0.000000e+00  1.391627e-02
1.190743e-01  0.000000e+00  0.000000e+00  0.000000e+00  0.000000e+00  0.000000e+00  0.000000e+00  0.000000e+00  1.785921e-02  0.000000e+00  0.000000e+00  0.000000e+00  0.000000e+00  0.000000e+00  0.000000e+00  0.000000e+00  1.785921e-02
1.325306e-01  0.000000e+00  0.000000e+00  0.000000e+00  0.000000e+00  0.000000e+00  0.000000e+00  0.000000e+00  1.890293e-02  0.000000e+00  0.000000e+00  0.000000e+00  0.000000e+00  0.000000e+00  0.000000e+00  0.000000e+00  1.890293e-02
1.475075e-01  0.000000e+00  0.000000e+00  0.000000e+00  0.000000e+00  0.000000e+00  0.000000e+00  0.000000e+00  1.751131e-02  0.000000e+00  0.000000e+00  0.000000e+00  0.000000e+00  0.000000e+00  0.000000e+00  0.000000e+00  1.751131e-02
1.641769e-01  0.000000e+00  0.000000e+00  0.000000e+00  0.000000e+00  0.000000e+00  0.000000e+00  0.000000e+00  1.658356e-02  0.000000e+00  0.000000e+00  0.000000e+00  0.000000e+00  0.000000e+00  0.000000e+00  0.000000e+00  1.658356e-02
1.827300e-01  0.000000e+00  0.000000e+00  0.000000e+00  0.000000e+00  0.000000e+00  0.000000e+00  0.000000e+00  1.832309e-02  0.000000e+00  0.000000e+00  0.000000e+00  0.000000e+00  0.000000e+00  0.000000e+00  0.000000e+00  1.832309e-02
2.033798e-01  0.000000e+00  0.000000e+00  0.000000e+00  0.000000e+00  0.000000e+00  0.000000e+00  0.000000e+00  1.890293e-02  0.000000e+00  0.000000e+00  0.000000e+00  0.000000e+00  0.000000e+00  0.000000e+00  0.000000e+00  1.890293e-02
2.263632e-01  0.000000e+00  0.000000e+00  0.000000e+00  0.000000e+00  0.000000e+00  0.000000e+00  0.000000e+00  1.727937e-02  0.000000e+00  0.000000e+00  0.000000e+00  0.000000e+00  0.000000e+00  0.000000e+00  0.000000e+00  1.727937e-02
2.519439e-01  0.000000e+00  0.000000e+00  0.000000e+00  0.000000e+00  0.000000e+00  0.000000e+00  0.000000e+00  1.867100e-02  0.000000e+00  0.000000e+00  0.000000e+00  0.000000e+00  0.000000e+00  0.000000e+00  0.000000e+00  1.867100e-02
2.804153e-01  0.000000e+00  0.000000e+00  0.000000e+00  0.000000e+00  0.000000e+00  0.000000e+00  0.000000e+00  2.133828e-02  0.000000e+00  0.000000e+00  0.000000e+00  0.000000e+00  0.000000e+00  0.000000e+00  0.000000e+00  2.133828e-02
3.121042e-01  0.000000e+00  0.000000e+00  0.000000e+00  0.000000e+00  0.000000e+00  0.000000e+00  0.000000e+00  2.029456e-02  0.000000e+00  0.000000e+00  0.000000e+00  0.000000e+00  0.000000e+00  0.000000e+00  0.000000e+00  2.029456e-02
3.473742e-01  0.000000e+00  0.000000e+00  0.000000e+00  0.000000e+00  0.000000e+00  0.000000e+00  0.000000e+00  1.901890e-02  0.000000e+00  0.000000e+00  0.000000e+00  0.000000e+00  0.000000e+00  0.000000e+00  0.000000e+00  1.901890e-02
3.866300e-01  0.000000e+00  0.000000e+00  0.000000e+00  0.000000e+00  0.000000e+00  0.000000e+00  0.000000e+00  2.087441e-02  0.000000e+00  0.000000e+00  0.000000e+00  0.000000e+00  0.000000e+00  0.000000e+00  0.000000e+00  2.087441e-02
4.303219e-01  0.000000e+00  0.000000e+00  0.000000e+00  0.000000e+00  0.000000e+00  0.000000e+00  0.000000e+00  1.820712e-02  0.000000e+00  0.000000e+00  0.000000e+00  0.000000e+00  0.000000e+00  0.000000e+00  0.000000e+00  1.820712e-02
4.789513e-01  0.000000e+00  0.000000e+00  0.000000e+00  0.000000e+00  0.000000e+00  0.000000e+00  0.000000e+00  2.307782e-02  0.000000e+00  0.000000e+00  0.000000e+00  0.000000e+00  0.000000e+00  0.000000e+00  0.000000e+00  2.307782e-02
5.330762e-01  0.000000e+00  0.000000e+00  0.000000e+00  0.000000e+00  0.000000e+00  0.000000e+00  0.000000e+00  2.238200e-02  0.000000e+00  0.000000e+00  0.000000e+00  0.000000e+00  0.000000e+00  0.000000e+00  0.000000e+00  2.238200e-02
5.933176e-01  0.000000e+00  0.000000e+00  0.000000e+00  0.000000e+00  0.000000e+00  0.000000e+00  0.000000e+00  2.087441e-02  0.000000e+00  0.000000e+00  0.000000e+00  0.000000e+00  0.000000e+00  0.000000e+00  0.000000e+00  2.087441e-02
6.603667e-01  0.000000e+00  0.000000e+00  0.000000e+00  0.000000e+00  0.000000e+00  0.000000e+00  0.000000e+00  1.646759e-02  0.000000e+00  0.000000e+00  0.000000e+00  0.000000e+00  0.000000e+00  0.000000e+00  0.000000e+00  1.646759e-02
7.349929e-01  0.000000e+00  0.000000e+00  0.000000e+00  0.000000e+00  0.000000e+00  0.000000e+00  0.000000e+00  2.157022e-02  0.000000e+00  0.000000e+00  0.000000e+00  0.000000e+00  0.000000e+00  0.000000e+00  0.000000e+00  2.157022e-02
8.180523e-01  0.000000e+00  0.000000e+00  0.000000e+00  0.000000e+00  0.000000e+00  0.000000e+00  0.000000e+00  1.948278e-02  0.000000e+00  0.000000e+00  0.000000e+00  0.000000e+00  0.000000e+00  0.000000e+00  0.000000e+00  1.948278e-02
9.104980e-01  0.000000e+00  0.000000e+00  0.000000e+00  0.000000e+00  0.000000e+00  0.000000e+00  0.000000e+00  2.041053e-02  0.000000e+00  0.000000e+00  0.000000e+00  0.000000e+00  0.000000e+00  0.000000e+00  0.000000e+00  2.041053e-02
1.013391e+00  0.000000e+00  0.000000e+00  0.000000e+00  0.000000e+00  0.000000e+00  0.000000e+00  0.000000e+00  1.762728e-02  0.000000e+00  0.000000e+00  0.000000e+00  0.000000e+00  0.000000e+00  0.000000e+00  0.000000e+00  1.762728e-02
1.127911e+00  0.000000e+00  0.000000e+00  0.000000e+00  0.000000e+00  0.000000e+00  0.000000e+00  0.000000e+00  1.971472e-02  0.000000e+00  0.000000e+00  0.000000e+00  0.000000e+00  0.000000e+00  0.000000e+00  0.000000e+00  1.971472e-02
1.255373e+00  0.000000e+00  0.000000e+00  0.000000e+00  0.000000e+00  0.000000e+00  0.000000e+00  0.000000e+00  1.820712e-02  0.000000e+00  0.000000e+00  0.000000e+00  0.000000e+00  0.000000e+00  0.000000e+00  0.000000e+00  1.820712e-02
1.397239e+00  0.000000e+00  0.000000e+00  0.000000e+00  0.000000e+00  0.000000e+00  0.000000e+00  0.000000e+00  1.867100e-02  0.000000e+00  0.000000e+00  0.000000e+00  0.000000e+00  0.000000e+00  0.000000e+00  7.885887e-03  1.867100e-02
1.555137e+00  0.000000e+00  0.000000e+00  0.000000e+00  0.000000e+00  0.000000e+00  0.000000e+00  0.000000e+00  1.623565e-02  0.000000e+00  0.000000e+00  0.000000e+00  0.000000e+00  0.000000e+00  0.000000e+00  9.625420e-03  1.623565e-02
1.730879e+00  0.000000e+00  0.000000e+00  0.000000e+00  0.000000e+00  0.000000e+00  0.000000e+00  0.000000e+00  1.519193e-02  0.000000e+00  0.000000e+00  0.000000e+00  0.000000e+00  0.000000e+00  0.000000e+00  1.322046e-02  1.577177e-02
1.926480e+00  0.000000e+00  0.000000e+00  0.000000e+00  0.000000e+00  0.000000e+00  0.000000e+00  0.000000e+00  0.000000e+00  0.000000e+00  0.000000e+00  0.000000e+00  0.000000e+00  0.000000e+00  0.000000e+00  1.368433e-02  1.414821e-02
2.144186e+00  0.000000e+00  0.000000e+00  0.000000e+00  0.000000e+00  0.000000e+00  0.000000e+00  0.000000e+00  0.000000e+00  0.000000e+00  0.000000e+00  0.000000e+00  0.000000e+00  0.000000e+00  0.000000e+00  1.449612e-02  1.495999e-02
2.386494e+00  0.000000e+00  0.000000e+00  0.000000e+00  0.000000e+00  0.000000e+00  0.000000e+00  0.000000e+00  0.000000e+00  0.000000e+00  0.000000e+00  0.000000e+00  0.000000e+00  0.000000e+00  0.000000e+00  1.380030e-02  1.391627e-02
2.656185e+00  0.000000e+00  0.000000e+00  0.000000e+00  0.000000e+00  0.000000e+00  0.000000e+00  0.000000e+00  0.000000e+00  0.000000e+00  0.000000e+00  0.000000e+00  0.000000e+00  0.000000e+00  0.000000e+00  1.519193e-02  1.124899e-02
2.956353e+00  0.000000e+00  0.000000e+00  0.000000e+00  0.000000e+00  0.000000e+00  0.000000e+00  0.000000e+00  0.000000e+00  0.000000e+00  0.000000e+00  0.000000e+00  0.000000e+00  0.000000e+00  0.000000e+00  1.461208e-02  1.113302e-02
3.290442e+00  0.000000e+00  0.000000e+00  0.000000e+00  0.000000e+00  0.000000e+00  0.000000e+00  0.000000e+00  0.000000e+00  0.000000e+00  0.000000e+00  0.000000e+00  0.000000e+00  0.000000e+00  0.000000e+00  1.484402e-02  1.333643e-02
3.662285e+00  0.000000e+00  0.000000e+00  0.000000e+00  0.000000e+00  0.000000e+00  0.000000e+00  0.000000e+00  0.000000e+00  0.000000e+00  0.000000e+00  0.000000e+00  0.000000e+00  0.000000e+00  0.000000e+00  1.751131e-02  8.349762e-03
4.076149e+00  0.000000e+00  0.000000e+00  0.000000e+00  0.000000e+00  0.000000e+00  0.000000e+00  1.611968e-02  0.000000e+00  0.000000e+00  0.000000e+00  0.000000e+00  0.000000e+00  0.000000e+00  6.958135e-03  1.623565e-02  9.161545e-03
4.536783e+00  0.000000e+00  0.000000e+00  0.000000e+00  0.000000e+00  0.000000e+00  0.000000e+00  1.843906e-02  0.000000e+00  0.000000e+00  0.000000e+00  0.000000e+00  0.000000e+00  0.000000e+00  9.857358e-03  1.843906e-02  7.653949e-03
5.049472e+00  0.000000e+00  0.000000e+00  0.000000e+00  0.000000e+00  0.000000e+00  0.000000e+00  2.122231e-02  0.000000e+00  0.000000e+00  0.000000e+00  0.000000e+00  0.000000e+00  0.000000e+00  1.101705e-02  2.122231e-02  6.610228e-03
5.620098e+00  0.000000e+00  0.000000e+00  0.000000e+00  0.000000e+00  0.000000e+00  0.000000e+00  1.484402e-02  0.000000e+00  0.000000e+00  0.000000e+00  0.000000e+00  0.000000e+00  0.000000e+00  1.101705e-02  1.484402e-02  5.914415e-03
6.255209e+00  0.000000e+00  0.000000e+00  0.000000e+00  0.000000e+00  0.000000e+00  0.000000e+00  1.553984e-02  0.000000e+00  0.000000e+00  0.000000e+00  0.000000e+00  0.000000e+00  1.159689e-03  1.310449e-02  1.553984e-02  5.450539e-03
6.962092e+00  0.000000e+00  0.000000e+00  0.000000e+00  0.000000e+00  0.000000e+00  0.000000e+00  1.681549e-02  0.000000e+00  0.000000e+00  0.000000e+00  0.000000e+00  0.000000e+00  9.045576e-03  1.194480e-02  1.681549e-02  5.102632e-03
7.748858e+00  0.000000e+00  0.000000e+00  0.000000e+00  0.000000e+00  0.000000e+00  0.000000e+00  1.901890e-02  0.000000e+00  0.000000e+00  0.000000e+00  0.000000e+00  0.000000e+00  1.078511e-02  1.264061e-02  1.901890e-02  5.566508e-03
8.624534e+00  0.000000e+00  0.000000e+00  0.000000e+00  0.000000e+00  0.000000e+00  0.000000e+00  1.809115e-02  0.000000e+00  0.000000e+00  0.000000e+00  0.000000e+00  0.000000e+00  1.090108e-02  1.391627e-02  1.809115e-02  1.855503e-03
9.599167e+00  0.000000e+00  0.000000e+00  0.000000e+00  0.000000e+00  0.000000e+00  0.000000e+00  1.611968e-02  0.000000e+00  0.000000e+00  0.000000e+00  0.000000e+00  0.000000e+00  1.206077e-02  1.333643e-02  1.611968e-02  0.000000e+00
1.068394e+01  0.000000e+00  0.000000e+00  0.000000e+00  0.000000e+00  0.000000e+00  0.000000e+00  1.565580e-02  0.000000e+00  0.000000e+00  0.000000e+00  0.000000e+00  0.000000e+00  1.217674e-02  1.507596e-02  1.565580e-02  0.000000e+00
1.189130e+01  0.000000e+00  0.000000e+00  0.000000e+00  0.000000e+00  0.000000e+00  0.000000e+00  1.669952e-02  0.000000e+00  0.000000e+00  0.000000e+00  0.000000e+00  0.000000e+00  1.229271e-02  1.565580e-02  1.669952e-02  0.000000e+00
1.323510e+01  0.000000e+00  0.000000e+00  0.000000e+00  0.000000e+00  0.000000e+00  1.565580e-02  1.832309e-02  0.000000e+00  0.000000e+00  0.000000e+00  0.000000e+00  2.667285e-03  1.229271e-02  1.611968e-02  1.832309e-02  0.000000e+00
1.473077e+01  0.000000e+00  0.000000e+00  0.000000e+00  0.000000e+00  0.000000e+00  1.414821e-02  1.727937e-02  0.000000e+00  0.000000e+00  0.000000e+00  0.000000e+00  9.509451e-03  1.356836e-02  1.414821e-02  1.727937e-02  0.000000e+00
1.639545e+01  0.000000e+00  0.000000e+00  0.000000e+00  0.000000e+00  0.000000e+00  1.727937e-02  1.797518e-02  0.000000e+00  0.000000e+00  0.000000e+00  0.000000e+00  1.171286e-02  1.472805e-02  1.727937e-02  1.797518e-02  0.000000e+00
1.824825e+01  0.000000e+00  0.000000e+00  0.000000e+00  0.000000e+00  0.000000e+00  1.391627e-02  1.797518e-02  0.000000e+00  0.000000e+00  0.000000e+00  0.000000e+00  1.066914e-02  1.623565e-02  1.391627e-02  1.797518e-02  0.000000e+00
2.031043e+01  0.000000e+00  0.000000e+00  0.000000e+00  0.000000e+00  5.914415e-03  1.635162e-02  1.936681e-02  0.000000e+00  0.000000e+00  0.000000e+00  0.000000e+00  1.229271e-02  1.565580e-02  1.635162e-02  1.936681e-02  0.000000e+00
2.260565e+01  0.000000e+00  0.000000e+00  0.000000e+00  0.000000e+00  1.298852e-02  1.785921e-02  1.646759e-02  0.000000e+00  0.000000e+00  0.000000e+00  0.000000e+00  1.345239e-02  1.298852e-02  1.785921e-02  1.646759e-02  0.000000e+00
2.516025e+01  0.000000e+00  0.000000e+00  0.000000e+00  0.000000e+00  1.542387e-02  1.623565e-02  1.693146e-02  0.000000e+00  0.000000e+00  0.000000e+00  0.000000e+00  1.275658e-02  1.542387e-02  1.623565e-02  1.693146e-02  0.000000e+00
2.800354e+01  0.000000e+00  0.000000e+00  0.000000e+00  0.000000e+00  1.577177e-02  1.646759e-02  1.739534e-02  0.000000e+00  0.000000e+00  0.000000e+00  0.000000e+00  1.090108e-02  1.577177e-02  1.646759e-02  1.739534e-02  0.000000e+00
3.116814e+01  0.000000e+00  0.000000e+00  0.000000e+00  0.000000e+00  1.495999e-02  1.577177e-02  2.052650e-02  0.000000e+00  0.000000e+00  0.000000e+00  0.000000e+00  1.275658e-02  1.495999e-02  1.577177e-02  2.052650e-02  0.000000e+00
3.469036e+01  0.000000e+00  0.000000e+00  0.000000e+00  0.000000e+00  1.774324e-02  1.565580e-02  1.843906e-02  0.000000e+00  0.000000e+00  0.000000e+00  0.000000e+00  1.426418e-02  1.774324e-02  1.565580e-02  1.843906e-02  0.000000e+00
3.861062e+01  0.000000e+00  0.000000e+00  0.000000e+00  0.000000e+00  1.751131e-02  1.785921e-02  2.006262e-02  0.000000e+00  0.000000e+00  0.000000e+00  0.000000e+00  1.832309e-02  1.751131e-02  1.785921e-02  2.006262e-02  0.000000e+00
4.297389e+01  0.000000e+00  0.000000e+00  0.000000e+00  9.161545e-03  1.716340e-02  1.484402e-02  1.785921e-02  0.000000e+00  0.000000e+00  0.000000e+00  2.087441e-03  1.484402e-02  1.716340e-02  1.484402e-02  1.785921e-02  0.000000e+00
4.783024e+01  0.000000e+00  0.000000e+00  0.000000e+00  1.472805e-02  1.588774e-02  1.658356e-02  1.669952e-02  0.000000e+00  0.000000e+00  0.000000e+00  1.066914e-02  1.472805e-02  1.588774e-02  1.658356e-02  1.669952e-02  0.000000e+00
5.323540e+01  0.000000e+00  0.000000e+00  0.000000e+00  1.403224e-02  1.623565e-02  1.658356e-02  1.994665e-02  0.000000e+00  0.000000e+00  0.000000e+00  1.066914e-02  1.403224e-02  1.623565e-02  1.658356e-02  1.994665e-02  0.000000e+00
5.925138e+01  0.000000e+00  0.000000e+00  0.000000e+00  1.565580e-02  1.380030e-02  1.507596e-02  1.878697e-02  0.000000e+00  0.000000e+00  0.000000e+00  1.333643e-02  1.565580e-02  1.380030e-02  1.507596e-02  1.878697e-02  0.000000e+00
6.594721e+01  0.000000e+00  0.000000e+00  0.000000e+00  1.600371e-02  1.414821e-02  1.553984e-02  1.832309e-02  0.000000e+00  0.000000e+00  0.000000e+00  1.333643e-02  1.600371e-02  1.414821e-02  1.553984e-02  1.832309e-02  0.000000e+00
7.339971e+01  0.000000e+00  0.000000e+00  0.000000e+00  1.646759e-02  1.495999e-02  1.704743e-02  1.797518e-02  0.000000e+00  0.000000e+00  0.000000e+00  1.449612e-02  1.646759e-02  1.495999e-02  1.704743e-02  1.797518e-02  0.000000e+00
8.169440e+01  0.000000e+00  0.000000e+00  0.000000e+00  1.878697e-02  1.681549e-02  1.948278e-02  1.843906e-02  0.000000e+00  0.000000e+00  0.000000e+00  1.380030e-02  1.878697e-02  1.681549e-02  1.948278e-02  1.843906e-02  0.000000e+00
9.092645e+01  0.000000e+00  0.000000e+00  0.000000e+00  1.785921e-02  1.577177e-02  1.252464e-02  1.959875e-02  0.000000e+00  0.000000e+00  0.000000e+00  1.380030e-02  1.785921e-02  1.577177e-02  1.252464e-02  1.959875e-02  0.000000e+00
1.012018e+02  0.000000e+00  0.000000e+00  0.000000e+00  1.623565e-02  1.635162e-02  1.495999e-02  1.936681e-02  0.000000e+00  0.000000e+00  0.000000e+00  1.577177e-02  1.623565e-02  1.635162e-02  1.495999e-02  1.936681e-02  0.000000e+00
1.126383e+02  0.000000e+00  0.000000e+00  0.000000e+00  1.414821e-02  1.751131e-02  1.588774e-02  1.797518e-02  0.000000e+00  0.000000e+00  0.000000e+00  1.217674e-02  1.414821e-02  1.751131e-02  1.588774e-02  1.797518e-02  0.000000e+00
1.253672e+02  0.000000e+00  0.000000e+00  9.277514e-04  1.577177e-02  1.785921e-02  1.565580e-02  1.542387e-02  0.000000e+00  0.000000e+00  0.000000e+00  1.577177e-02  1.577177e-02  1.785921e-02  1.565580e-02  1.542387e-02  0.000000e+00
1.395346e+02  0.000000e+00  0.000000e+00  1.495999e-02  1.391627e-02  1.507596e-02  1.519193e-02  1.901890e-02  0.000000e+00  0.000000e+00  2.783254e-03  1.495999e-02  1.391627e-02  1.507596e-02  1.519193e-02  1.901890e-02  0.000000e+00
1.553030e+02  0.000000e+00  0.000000e+00  1.820712e-02  1.727937e-02  1.426418e-02  1.646759e-02  1.635162e-02  0.000000e+00  0.000000e+00  9.857358e-03  1.820712e-02  1.727937e-02  1.426418e-02  1.646759e-02  1.635162e-02  0.000000e+00
1.728534e+02  0.000000e+00  0.000000e+00  1.356836e-02  1.646759e-02  1.519193e-02  2.087441e-02  1.368433e-02  0.000000e+00  0.000000e+00  1.426418e-02  1.356836e-02  1.646759e-02  1.519193e-02  2.087441e-02  1.368433e-02  0.000000e+00
1.923870e+02  0.000000e+00  0.000000e+00  1.623565e-02  1.542387e-02  1.611968e-02  1.809115e-02  1.449612e-02  0.000000e+00  0.000000e+00  1.472805e-02  1.623565e-02  1.542387e-02  1.611968e-02  1.809115e-02  1.449612e-02  0.000000e+00
2.141281e+02  0.000000e+00  0.000000e+00  1.867100e-02  1.704743e-02  1.658356e-02  1.635162e-02  1.240867e-02  0.000000e+00  0.000000e+00  1.333643e-02  1.867100e-02  1.704743e-02  1.658356e-02  1.635162e-02  1.240867e-02  0.000000e+00
2.383261e+02  0.000000e+00  0.000000e+00  1.867100e-02  1.832309e-02  1.611968e-02  1.925084e-02  1.426418e-02  0.000000e+00  0.000000e+00  1.484402e-02  1.867100e-02  1.832309e-02  1.611968e-02  1.925084e-02  1.774324e-02  0.000000e+00
2.652587e+02  0.000000e+00  0.000000e+00  1.832309e-02  1.681549e-02  1.843906e-02  1.727937e-02  0.000000e+00  0.000000e+00  0.000000e+00  1.623565e-02  1.832309e-02  1.681549e-02  1.843906e-02  1.727937e-02  1.519193e-02  0.000000e+00
2.952348e+02  0.000000e+00  0.000000e+00  1.507596e-02  1.658356e-02  1.646759e-02  1.693146e-02  0.000000e+00  0.000000e+00  0.000000e+00  1.774324e-02  1.507596e-02  1.658356e-02  1.646759e-02  1.693146e-02  1.391627e-02  0.000000e+00
3.285984e+02  0.000000e+00  0.000000e+00  1.693146e-02  1.449612e-02  1.681549e-02  1.762728e-02  0.000000e+00  0.000000e+00  0.000000e+00  1.623565e-02  1.693146e-02  1.449612e-02  1.681549e-02  1.762728e-02  1.438015e-02  0.000000e+00
3.657323e+02  0.000000e+00  2.087441e-03  1.867100e-02  1.623565e-02  1.716340e-02  1.843906e-02  0.000000e+00  0.000000e+00  0.000000e+00  1.704743e-02  1.867100e-02  1.623565e-02  1.716340e-02  1.843906e-02  1.240867e-02  0.000000e+00
4.070627e+02  0.000000e+00  1.600371e-02  1.785921e-02  1.611968e-02  1.913487e-02  1.716340e-02  0.000000e+00  0.000000e+00  0.000000e+00  1.600371e-02  1.785921e-02  1.611968e-02  1.913487e-02  1.716340e-02  1.066914e-02  0.000000e+00
4.530637e+02  0.000000e+00  1.681549e-02  1.600371e-02  1.785921e-02  1.762728e-02  1.797518e-02  0.000000e+00  0.000000e+00  0.000000e+00  1.681549e-02  1.600371e-02  1.785921e-02  1.762728e-02  1.797518e-02  1.101705e-02  0.000000e+00
5.042631e+02  0.000000e+00  1.751131e-02  1.936681e-02  1.751131e-02  1.762728e-02  1.936681e-02  0.000000e+00  0.000000e+00  0.000000e+00  1.751131e-02  1.936681e-02  1.751131e-02  1.762728e-02  1.936681e-02  7.190073e-03  0.000000e+00
5.612484e+02  0.000000e+00  1.681549e-02  1.809115e-02  1.611968e-02  1.820712e-02  1.820712e-02  0.000000e+00  0.000000e+00  0.000000e+00  1.681549e-02  1.809115e-02  1.611968e-02  1.820712e-02  1.820712e-02  6.146353e-03  0.000000e+00
6.246735e+02  0.000000e+00  1.785921e-02  1.785921e-02  2.238200e-02  1.635162e-02  1.368433e-02  0.000000e+00  0.000000e+00  0.000000e+00  1.785921e-02  1.785921e-02  2.238200e-02  1.635162e-02  1.368433e-02  6.610228e-03  0.000000e+00
6.952660e+02  0.000000e+00  1.774324e-02  1.681549e-02  1.797518e-02  1.855503e-02  1.820712e-02  0.000000e+00  0.000000e+00  0.000000e+00  1.774324e-02  1.681549e-02  1.797518e-02  1.855503e-02  1.820712e-02  6.726197e-03  0.000000e+00
7.738360e+02  0.000000e+00  1.797518e-02  1.878697e-02  1.751131e-02  2.180216e-02  1.751131e-02  0.000000e+00  0.000000e+00  0.000000e+00  1.797518e-02  1.878697e-02  1.751131e-02  2.180216e-02  1.751131e-02  6.610228e-03  0.000000e+00
8.612849e+02  0.000000e+00  2.075844e-02  1.936681e-02  1.623565e-02  1.519193e-02  1.716340e-02  0.000000e+00  0.000000e+00  0.000000e+00  2.075844e-02  1.936681e-02  1.623565e-02  1.519193e-02  1.716340e-02  6.842166e-03  0.000000e+00
9.586163e+02  0.000000e+00  2.041053e-02  1.809115e-02  1.658356e-02  1.716340e-02  1.275658e-02  0.000000e+00  0.000000e+00  0.000000e+00  2.041053e-02  1.809115e-02  1.658356e-02  1.716340e-02  1.797518e-02  4.638757e-03  0.000000e+00
1.066947e+03  0.000000e+00  2.342572e-02  2.052650e-02  2.064247e-02  1.681549e-02  0.000000e+00  0.000000e+00  0.000000e+00  0.000000e+00  2.342572e-02  2.052650e-02  2.064247e-02  1.681549e-02  1.553984e-02  4.638757e-03  0.000000e+00
1.187519e+03  0.000000e+00  2.029456e-02  1.867100e-02  1.669952e-02  1.925084e-02  0.000000e+00  0.000000e+00  0.000000e+00  0.000000e+00  2.029456e-02  1.867100e-02  1.669952e-02  1.925084e-02  1.693146e-02  4.522788e-03  0.000000e+00
1.321717e+03  0.000000e+00  2.006262e-02  1.913487e-02  2.272991e-02  2.029456e-02  0.000000e+00  0.000000e+00  0.000000e+00  0.000000e+00  2.006262e-02  1.913487e-02  2.272991e-02  2.029456e-02  1.553984e-02  0.000000e+00  0.000000e+00
1.471081e+03  0.000000e+00  2.075844e-02  2.006262e-02  1.925084e-02  1.669952e-02  0.000000e+00  0.000000e+00  0.000000e+00  0.000000e+00  2.075844e-02  2.006262e-02  1.925084e-02  1.669952e-02  1.333643e-02  0.000000e+00  0.000000e+00
1.637323e+03  0.000000e+00  2.203409e-02  2.284588e-02  1.959875e-02  6.146353e-03  0.000000e+00  0.000000e+00  0.000000e+00  0.000000e+00  2.203409e-02  2.284588e-02  1.959875e-02  1.774324e-02  1.148092e-02  0.000000e+00  0.000000e+00
1.822353e+03  0.000000e+00  2.017859e-02  1.867100e-02  1.751131e-02  0.000000e+00  0.000000e+00  0.000000e+00  0.000000e+00  9.277514e-03  2.017859e-02  1.867100e-02  1.751131e-02  1.751131e-02  1.310449e-02  0.000000e+00  0.000000e+00
2.028291e+03  0.000000e+00  2.377363e-02  1.925084e-02  1.762728e-02  0.000000e+00  0.000000e+00  0.000000e+00  0.000000e+00  1.194480e-02  2.377363e-02  1.925084e-02  1.762728e-02  1.438015e-02  1.043720e-02  0.000000e+00  0.000000e+00
2.257503e+03  0.000000e+00  2.238200e-02  1.913487e-02  2.157022e-02  0.000000e+00  0.000000e+00  0.000000e+00  0.000000e+00  1.519193e-02  2.238200e-02  1.913487e-02  2.157022e-02  1.971472e-02  9.857358e-03  0.000000e+00  0.000000e+00
2.512617e+03  0.000000e+00  2.272991e-02  2.771657e-02  1.948278e-02  0.000000e+00  0.000000e+00  0.000000e+00  0.000000e+00  1.588774e-02  2.272991e-02  2.771657e-02  1.948278e-02  1.646759e-02  8.697669e-03  0.000000e+00  0.000000e+00
2.796560e+03  0.000000e+00  2.354169e-02  2.226603e-02  1.507596e-02  0.000000e+00  0.000000e+00  0.000000e+00  0.000000e+00  1.971472e-02  2.354169e-02  2.226603e-02  1.832309e-02  1.171286e-02  8.465731e-03  0.000000e+00  0.000000e+00
3.112591e+03  0.000000e+00  2.296185e-02  2.122231e-02  0.000000e+00  0.000000e+00  0.000000e+00  0.000000e+00  0.000000e+00  1.843906e-02  2.296185e-02  2.122231e-02  1.797518e-02  1.124899e-02  6.378291e-03  0.000000e+00  0.000000e+00
3.464336e+03  0.000000e+00  2.412154e-02  2.006262e-02  0.000000e+00  0.000000e+00  0.000000e+00  0.000000e+00  0.000000e+00  2.226603e-02  2.412154e-02  2.006262e-02  2.075844e-02  1.229271e-02  0.000000e+00  0.000000e+00  0.000000e+00
3.855831e+03  0.000000e+00  3.073176e-02  2.261394e-02  0.000000e+00  0.000000e+00  0.000000e+00  0.000000e+00  0.000000e+00  2.180216e-02  3.073176e-02  2.261394e-02  1.704743e-02  9.509451e-03  0.000000e+00  0.000000e+00  0.000000e+00
4.291567e+03  2.330975e-02  2.412154e-02  2.354169e-02  0.000000e+00  0.000000e+00  0.000000e+00  0.000000e+00  0.000000e+00  2.377363e-02  2.412154e-02  2.354169e-02  2.029456e-02  1.055317e-02  0.000000e+00  0.000000e+00  0.000000e+00
4.776544e+03  2.238200e-02  2.342572e-02  2.133828e-02  0.000000e+00  0.000000e+00  0.000000e+00  0.000000e+00  0.000000e+00  2.238200e-02  2.342572e-02  2.133828e-02  1.878697e-02  0.000000e+00  0.000000e+00  0.000000e+00  0.000000e+00
5.316328e+03  2.435347e-02  2.818045e-02  2.284588e-02  0.000000e+00  0.000000e+00  0.000000e+00  0.000000e+00  0.000000e+00  2.435347e-02  2.818045e-02  2.284588e-02  1.565580e-02  0.000000e+00  0.000000e+00  0.000000e+00  0.000000e+00
5.917111e+03  2.748463e-02  2.481735e-02  7.537980e-03  0.000000e+00  0.000000e+00  0.000000e+00  0.000000e+00  0.000000e+00  2.748463e-02  2.481735e-02  2.133828e-02  1.519193e-02  0.000000e+00  0.000000e+00  0.000000e+00  0.000000e+00
6.585786e+03  2.644091e-02  2.725270e-02  0.000000e+00  0.000000e+00  0.000000e+00  0.000000e+00  0.000000e+00  0.000000e+00  2.644091e-02  2.725270e-02  2.365766e-02  6.030384e-03  0.000000e+00  0.000000e+00  0.000000e+00  0.000000e+00
7.330027e+03  2.957207e-02  2.354169e-02  0.000000e+00  0.000000e+00  0.000000e+00  0.000000e+00  0.000000e+00  0.000000e+00  2.957207e-02  2.354169e-02  2.330975e-02  0.000000e+00  0.000000e+00  0.000000e+00  0.000000e+00  0.000000e+00
8.158372e+03  3.212339e-02  2.852835e-02  0.000000e+00  0.000000e+00  0.000000e+00  0.000000e+00  0.000000e+00  0.000000e+00  3.212339e-02  2.852835e-02  2.261394e-02  0.000000e+00  0.000000e+00  0.000000e+00  0.000000e+00  0.000000e+00
9.080326e+03  3.142758e-02  2.435347e-02  0.000000e+00  0.000000e+00  0.000000e+00  0.000000e+00  0.000000e+00  0.000000e+00  3.142758e-02  2.435347e-02  2.609301e-02  0.000000e+00  0.000000e+00  0.000000e+00  0.000000e+00  0.000000e+00
1.010647e+04  3.073176e-02  1.472805e-02  0.000000e+00  0.000000e+00  0.000000e+00  0.000000e+00  0.000000e+00  0.000000e+00  3.073176e-02  2.481735e-02  2.296185e-02  0.000000e+00  0.000000e+00  0.000000e+00  0.000000e+00  0.000000e+00
1.124857e+04  3.664618e-02  0.000000e+00  0.000000e+00  0.000000e+00  0.000000e+00  0.000000e+00  0.000000e+00  0.000000e+00  3.664618e-02  2.493332e-02  2.551316e-03  0.000000e+00  0.000000e+00  0.000000e+00  0.000000e+00  0.000000e+00
1.251974e+04  3.653021e-02  0.000000e+00  0.000000e+00  0.000000e+00  0.000000e+00  0.000000e+00  0.000000e+00  0.000000e+00  3.653021e-02  2.678882e-02  0.000000e+00  0.000000e+00  0.000000e+00  0.000000e+00  0.000000e+00  0.000000e+00
1.393456e+04  3.838571e-02  0.000000e+00  0.000000e+00  0.000000e+00  0.000000e+00  0.000000e+00  0.000000e+00  0.000000e+00  3.838571e-02  2.644091e-02  0.000000e+00  0.000000e+00  0.000000e+00  0.000000e+00  0.000000e+00  0.000000e+00
1.550926e+04  3.931346e-02  0.000000e+00  0.000000e+00  0.000000e+00  0.000000e+00  0.000000e+00  0.000000e+00  0.000000e+00  3.931346e-02  2.980401e-02  0.000000e+00  0.000000e+00  0.000000e+00  0.000000e+00  0.000000e+00  0.000000e+00
1.726192e+04  3.942943e-02  0.000000e+00  0.000000e+00  0.000000e+00  0.000000e+00  0.000000e+00  0.000000e+00  0.000000e+00  3.942943e-02  1.693146e-02  0.000000e+00  0.000000e+00  0.000000e+00  0.000000e+00  0.000000e+00  0.000000e+00
1.921264e+04  3.792184e-02  0.000000e+00  0.000000e+00  0.000000e+00  0.000000e+00  0.000000e+00  0.000000e+00  0.000000e+00  3.792184e-02  0.000000e+00  0.000000e+00  0.000000e+00  0.000000e+00  0.000000e+00  0.000000e+00  0.000000e+00
2.138380e+04  3.989331e-02  0.000000e+00  0.000000e+00  0.000000e+00  0.000000e+00  0.000000e+00  0.000000e+00  0.000000e+00  3.989331e-02  0.000000e+00  0.000000e+00  0.000000e+00  0.000000e+00  0.000000e+00  0.000000e+00  0.000000e+00
2.380032e+04  3.606633e-02  0.000000e+00  0.000000e+00  0.000000e+00  0.000000e+00  0.000000e+00  0.000000e+00  0.000000e+00  3.606633e-02  0.000000e+00  0.000000e+00  0.000000e+00  0.000000e+00  0.000000e+00  0.000000e+00  0.000000e+00
2.648993e+04  3.850168e-02  0.000000e+00  0.000000e+00  0.000000e+00  0.000000e+00  0.000000e+00  0.000000e+00  0.000000e+00  3.850168e-02  0.000000e+00  0.000000e+00  0.000000e+00  0.000000e+00  0.000000e+00  0.000000e+00  0.000000e+00
2.948348e+04  3.223936e-02  0.000000e+00  0.000000e+00  0.000000e+00  0.000000e+00  0.000000e+00  0.000000e+00  0.000000e+00  3.223936e-02  0.000000e+00  0.000000e+00  0.000000e+00  0.000000e+00  0.000000e+00  0.000000e+00  0.000000e+00
3.281532e+04  3.003595e-02  0.000000e+00  0.000000e+00  0.000000e+00  0.000000e+00  0.000000e+00  0.000000e+00  0.000000e+00  3.003595e-02  0.000000e+00  0.000000e+00  0.000000e+00  0.000000e+00  0.000000e+00  0.000000e+00  0.000000e+00
3.652369e+04  2.713673e-02  0.000000e+00  0.000000e+00  0.000000e+00  0.000000e+00  0.000000e+00  0.000000e+00  0.000000e+00  3.061579e-02  0.000000e+00  0.000000e+00  0.000000e+00  0.000000e+00  0.000000e+00  0.000000e+00  0.000000e+00
4.065112e+04  0.000000e+00  0.000000e+00  0.000000e+00  0.000000e+00  0.000000e+00  0.000000e+00  0.000000e+00  0.000000e+00  2.899223e-02  0.000000e+00  0.000000e+00  0.000000e+00  0.000000e+00  0.000000e+00  0.000000e+00  0.000000e+00
4.524499e+04  0.000000e+00  0.000000e+00  0.000000e+00  0.000000e+00  0.000000e+00  0.000000e+00  0.000000e+00  0.000000e+00  2.783254e-02  0.000000e+00  0.000000e+00  0.000000e+00  0.000000e+00  0.000000e+00  0.000000e+00  0.000000e+00
5.035799e+04  0.000000e+00  0.000000e+00  0.000000e+00  0.000000e+00  0.000000e+00  0.000000e+00  0.000000e+00  0.000000e+00  2.713673e-02  0.000000e+00  0.000000e+00  0.000000e+00  0.000000e+00  0.000000e+00  0.000000e+00  0.000000e+00
5.604880e+04  0.000000e+00  0.000000e+00  0.000000e+00  0.000000e+00  0.000000e+00  0.000000e+00  0.000000e+00  0.000000e+00  2.806448e-02  0.000000e+00  0.000000e+00  0.000000e+00  0.000000e+00  0.000000e+00  0.000000e+00  0.000000e+00
6.238271e+04  0.000000e+00  0.000000e+00  0.000000e+00  0.000000e+00  0.000000e+00  0.000000e+00  0.000000e+00  0.000000e+00  1.948278e-02  0.000000e+00  0.000000e+00  0.000000e+00  0.000000e+00  0.000000e+00  0.000000e+00  0.000000e+00
