5.504835e-04  0.000000e+00  0.000000e+00  0.000000e+00  0.000000e+00  0.000000e+00  0.000000e+00  0.000000e+00  0.000000e+00  0.000000e+00  0.000000e+00  0.000000e+00  0.000000e+00  0.000000e+00  0.000000e+00  0.000000e+00  7.700000e-03
6.227648e-04  0.000000e+00  0.000000e+00  0.000000e+00  0.000000e+00  0.000000e+00  0.000000e+00  0.000000e+00  0.000000e+00  0.000000e+00  0.000000e+00  0.000000e+00  0.000000e+00  0.000000e+00  0.000000e+00  0.000000e+00  4.600000e-03
7.045370e-04  0.000000e+00  0.000000e+00  0.000000e+00  0.000000e+00  0.000000e+00  0.000000e+00  0.000000e+00  0.000000e+00  0.000000e+00  0.000000e+00  0.000000e+00  0.000000e+00  0.000000e+00  0.000000e+00  0.000000e+00  5.800000e-03
7.970463e-04  0.000000e+00  0.000000e+00  0.000000e+00  0.000000e+00  0.000000e+00  0.000000e+00  0.000000e+00  0.000000e+00  0.000000e+00  0.000000e+00  0.000000e+00  0.000000e+00  0.000000e+00  0.000000e+00  0.000000e+00  9.300000e-03
9.017025e-04  0.000000e+00  0.000000e+00  0.000000e+00  0.000000e+00  0.000000e+00  0.000000e+00  0.000000e+00  0.000000e+00  0.000000e+00  0.000000e+00  0.000000e+00  0.000000e+00  0.000000e+00  0.000000e+00  0.000000e+00  9.500000e-03
1.020101e-03  0.000000e+00  0.000000e+00  0.000000e+00  0.000000e+00  0.000000e+00  0.000000e+00  0.000000e+00  0.000000e+00  0.000000e+00  0.000000e+00  0.000000e+00  0.000000e+00  0.000000e+00  0.000000e+00  0.000000e+00  9.200000e-03
1.154045e-03  0.000000e+00  0.000000e+00  0.000000e+00  0.000000e+00  0.000000e+00  0.000000e+00  0.000000e+00  0.000000e+00  0.000000e+00  0.000000e+00  0.000000e+00  0.000000e+00  0.000000e+00  0.000000e+00  0.000000e+00  8.700000e-03
1.305577e-03  0.000000e+00  0.000000e+00  0.000000e+00  0.000000e+00  0.000000e+00  0.000000e+00  0.000000e+00  0.000000e+00  0.000000e+00  0.000000e+00  0.000000e+00  0.000000e+00  0.000000e+00  0.000000e+00  0.000000e+00  1.040000e-02
1.477006e-03  0.000000e+00  0.000000e+00  0.000000e+00  0.000000e+00  0.000000e+00  0.000000e+00  0.000000e+00  0.000000e+00  0.000000e+00  0.000000e+00  0.000000e+00  0.000000e+00  0.000000e+00  0.000000e+00  0.000000e+00  9.700000e-03
1.670945e-03  0.000000e+00  0.000000e+00  0.000000e+00  0.000000e+00  0.000000e+00  0.000000e+00  0.000000e+00  0.000000e+00  0.000000e+00  0.000000e+00  0.000000e+00  0.000000e+00  0.000000e+00  0.000000e+00  0.000000e+00  1.370000e-02
1.890348e-03  0.000000e+00  0.000000e+00  0.000000e+00  0.000000e+00  0.000000e+00  0.000000e+00  0.000000e+00  0.000000e+00  0.000000e+00  0.000000e+00  0.000000e+00  0.000000e+00  0.000000e+00  0.000000e+00  0.000000e+00  1.120000e-02
2.138561e-03  0.000000e+00  0.000000e+00  0.000000e+00  0.000000e+00  0.000000e+00  0.000000e+00  0.000000e+00  0.000000e+00  0.000000e+00  0.000000e+00  0.000000e+00  0.000000e+00  0.000000e+00  0.000000e+00  0.000000e+00  1.190000e-02
2.419365e-03  0.000000e+00  0.000000e+00  0.000000e+00  0.000000e+00  0.000000e+00  0.000000e+00  0.000000e+00  0.000000e+00  0.000000e+00  0.000000e+00  0.000000e+00  0.000000e+00  0.000000e+00  0.000000e+00  0.000000e+00  1.220000e-02
2.737039e-03  0.000000e+00  0.000000e+00  0.000000e+00  0.000000e+00  0.000000e+00  0.000000e+00  0.000000e+00  1.000000e-04  0.000000e+00  0.000000e+00  0.000000e+00  0.000000e+00  0.000000e+00  0.000000e+00  0.000000e+00  1.120000e-02
3.096427e-03  0.000000e+00  0.000000e+00  0.000000e+00  0.000000e+00  0.000000e+00  0.000000e+00  0.000000e+00  1.250000e-02  0.000000e+00  0.000000e+00  0.000000e+00  0.000000e+00  0.000000e+00  0.000000e+00  0.000000e+00  1.250000e-02
3.503003e-03  0.000000e+00  0.000000e+00  0.000000e+00  0.000000e+00  0.000000e+00  0.000000e+00  0.000000e+00  1.390000e-02  0.000000e+00  0.000000e+00  0.000000e+00  0.000000e+00  0.000000e+00  0.000000e+00  0.000000e+00  1.390000e-02
3.962966e-03  0.000000e+00  0.000000e+00  0.000000e+00  0.000000e+00  0.000000e+00  0.000000e+00  0.000000e+00  1.230000e-02  0.000000e+00  0.000000e+00  0.000000e+00  0.000000e+00  0.000000e+00  0.000000e+00  0.000000e+00  1.230000e-02
4.483323e-03  0.000000e+00  0.000000e+00  0.000000e+00  0.000000e+00  0.000000e+00  0.000000e+00  0.000000e+00  1.320000e-02  0.000000e+00  0.000000e+00  0.000000e+00  0.000000e+00  0.000000e+00  0.000000e+00  0.000000e+00  1.320000e-02
5.072007e-03  0.000000e+00  0.000000e+00  0.000000e+00  0.000000e+00  0.000000e+00  0.000000e+00  0.000000e+00  1.480000e-02  0.000000e+00  0.000000e+00  0.000000e+00  0.000000e+00  0.000000e+00  0.000000e+00  0.000000e+00  1.480000e-02
5.737987e-03  0.000000e+00  0.000000e+00  0.000000e+00  0.000000e+00  0.000000e+00  0.000000e+00  0.000000e+00  1.520000e-02  0.000000e+00  0.000000e+00  0.000000e+00  0.000000e+00  0.000000e+00  0.000000e+00  0.000000e+00  1.520000e-02
6.491414e-03  0.000000e+00  0.000000e+00  0.000000e+00  0.000000e+00  0.000000e+00  0.000000e+00  0.000000e+00  1.440000e-02  0.000000e+00  0.000000e+00  0.000000e+00  0.000000e+00  0.000000e+00  0.000000e+00  0.000000e+00  1.440000e-02
7.343770e-03  0.000000e+00  0.000000e+00  0.000000e+00  0.000000e+00  0.000000e+00  0.000000e+00  0.000000e+00  1.400000e-02  0.000000e+00  0.000000e+00  0.000000e+00  0.000000e+00  0.000000e+00  0.000000e+00  0.000000e+00  1.400000e-02
8.308045e-03  0.000000e+00  0.000000e+00  0.000000e+00  0.000000e+00  0.000000e+00  0.000000e+00  0.000000e+00  1.340000e-02  0.000000e+00  0.000000e+00  0.000000e+00  0.000000e+00  0.000000e+00  0.000000e+00  0.000000e+00  1.340000e-02
9.398934e-03  0.000000e+00  0.000000e+00  0.000000e+00  0.000000e+00  0.000000e+00  0.000000e+00  0.000000e+00  1.870000e-02  0.000000e+00  0.000000e+00  0.000000e+00  0.000000e+00  0.000000e+00  0.000000e+00  0.000000e+00  1.870000e-02
1.063306e-02  0.000000e+00  0.000000e+00  0.000000e+00  0.000000e+00  0.000000e+00  0.000000e+00  0.000000e+00  1.440000e-02  0.000000e+00  0.000000e+00  0.000000e+00  0.000000e+00  0.000000e+00  0.000000e+00  0.000000e+00  1.440000e-02
1.202924e-02  0.000000e+00  0.000000e+00  0.000000e+00  0.000000e+00  0.000000e+00  0.000000e+00  0.000000e+00  1.540000e-02  0.000000e+00  0.000000e+00  0.000000e+00  0.000000e+00  0.000000e+00  0.000000e+00  0.000000e+00  1.540000e-02
1.360874e-02  0.000000e+00  0.000000e+00  0.000000e+00  0.000000e+00  0.000000e+00  0.000000e+00  0.000000e+00  1.600000e-02  0.000000e+00  0.000000e+00  0.000000e+00  0.000000e+00  0.000000e+00  0.000000e+00  0.000000e+00  1.600000e-02
1.539563e-02  0.000000e+00  0.000000e+00  0.000000e+00  0.000000e+00  0.000000e+00  0.000000e+00  0.000000e+00  1.680000e-02  0.000000e+00  0.000000e+00  0.000000e+00  0.000000e+00  0.000000e+00  0.000000e+00  0.000000e+00  1.680000e-02
1.741716e-02  0.000000e+00  0.000000e+00  0.000000e+00  0.000000e+00  0.000000e+00  0.000000e+00  0.000000e+00  1.870000e-02  0.000000e+00  0.000000e+00  0.000000e+00  0.000000e+00  0.000000e+00  0.000000e+00  0.000000e+00  1.870000e-02
1.970412e-02  0.000000e+00  0.000000e+00  0.000000e+00  0.000000e+00  0.000000e+00  0.000000e+00  0.000000e+00  1.720000e-02  0.000000e+00  0.000000e+00  0.000000e+00  0.000000e+00  0.000000e+00  0.000000e+00  0.000000e+00  1.720000e-02
2.229137e-02  0.000000e+00  0.000000e+00  0.000000e+00  0.000000e+00  0.000000e+00  0.000000e+00  0.000000e+00  1.890000e-02  0.000000e+00  0.000000e+00  0.000000e+00  0.000000e+00  0.000000e+00  0.000000e+00  0.000000e+00  1.890000e-02
2.521835e-02  0.000000e+00  0.000000e+00  0.000000e+00  0.000000e+00  0.000000e+00  0.000000e+00  0.000000e+00  1.800000e-02  0.000000e+00  0.000000e+00  0.000000e+00  0.000000e+00  0.000000e+00  0.000000e+00  0.000000e+00  1.800000e-02
2.852964e-02  0.000000e+00  0.000000e+00  0.000000e+00  0.000000e+00  0.000000e+00  0.000000e+00  0.000000e+00  1.550000e-02  0.000000e+00  0.000000e+00  0.000000e+00  0.000000e+00  0.000000e+00  0.000000e+00  0.000000e+00  1.550000e-02
3.227573e-02  0.000000e+00  0.000000e+00  0.000000e+00  0.000000e+00  0.000000e+00  0.000000e+00  0.000000e+00  1.680000e-02  0.000000e+00  0.000000e+00  0.000000e+00  0.000000e+00  0.000000e+00  0.000000e+00  0.000000e+00  1.680000e-02
3.651370e-02  0.000000e+00  0.000000e+00  0.000000e+00  0.000000e+00  0.000000e+00  0.000000e+00  0.000000e+00  1.750000e-02  0.000000e+00  0.000000e+00  0.000000e+00  0.000000e+00  0.000000e+00  0.000000e+00  0.000000e+00  1.750000e-02
4.130814e-02  0.000000e+00  0.000000e+00  0.000000e+00  0.000000e+00  0.000000e+00  0.000000e+00  0.000000e+00  1.620000e-02  0.000000e+00  0.000000e+00  0.000000e+00  0.000000e+00  0.000000e+00  0.000000e+00  0.000000e+00  1.620000e-02
4.673211e-02  0.000000e+00  0.000000e+00  0.000000e+00  0.000000e+00  0.000000e+00  0.000000e+00  0.000000e+00  1.920000e-02  0.000000e+00  0.000000e+00  0.000000e+00  0.000000e+00  0.000000e+00  0.000000e+00  0.000000e+00  1.920000e-02
5.286827e-02  0.000000e+00  0.000000e+00  0.000000e+00  0.000000e+00  0.000000e+00  0.000000e+00  0.000000e+00  1.800000e-02  0.000000e+00  0.000000e+00  0.000000e+00  0.000000e+00  0.000000e+00  0.000000e+00  0.000000e+00  1.800000e-02
5.981015e-02  0.000000e+00  0.000000e+00  0.000000e+00  0.000000e+00  0.000000e+00  0.000000e+00  0.000000e+00  1.710000e-02  0.000000e+00  0.000000e+00  0.000000e+00  0.000000e+00  0.000000e+00  0.000000e+00  0.000000e+00  1.710000e-02
6.766352e-02  0.000000e+00  0.000000e+00  0.000000e+00  0.000000e+00  0.000000e+00  0.000000e+00  0.000000e+00  1.560000e-02  0.000000e+00  0.000000e+00  0.000000e+00  0.000000e+00  0.000000e+00  0.000000e+00  3.900000e-03  1.560000e-02
7.654809e-02  0.000000e+00  0.000000e+00  0.000000e+00  0.000000e+00  0.000000e+00  0.000000e+00  0.000000e+00  1.670000e-02  0.000000e+00  0.000000e+00  0.000000e+00  0.000000e+00  0.000000e+00  0.000000e+00  1.100000e-02  1.670000e-02
8.659925e-02  0.000000e+00  0.000000e+00  0.000000e+00  0.000000e+00  0.000000e+00  0.000000e+00  0.000000e+00  1.840000e-02  0.000000e+00  0.000000e+00  0.000000e+00  0.000000e+00  0.000000e+00  0.000000e+00  1.260000e-02  1.840000e-02
9.797017e-02  0.000000e+00  0.000000e+00  0.000000e+00  0.000000e+00  0.000000e+00  0.000000e+00  0.000000e+00  1.860000e-02  0.000000e+00  0.000000e+00  0.000000e+00  0.000000e+00  0.000000e+00  0.000000e+00  1.400000e-02  1.860000e-02
1.108342e-01  0.000000e+00  0.000000e+00  0.000000e+00  0.000000e+00  0.000000e+00  0.000000e+00  0.000000e+00  1.340000e-02  0.000000e+00  0.000000e+00  0.000000e+00  0.000000e+00  0.000000e+00  0.000000e+00  1.530000e-02  1.340000e-02
1.253872e-01  0.000000e+00  0.000000e+00  0.000000e+00  0.000000e+00  0.000000e+00  0.000000e+00  0.000000e+00  1.520000e-02  0.000000e+00  0.000000e+00  0.000000e+00  0.000000e+00  0.000000e+00  0.000000e+00  1.490000e-02  1.520000e-02
1.418512e-01  0.000000e+00  0.000000e+00  0.000000e+00  0.000000e+00  0.000000e+00  0.000000e+00  0.000000e+00  1.500000e-02  0.000000e+00  0.000000e+00  0.000000e+00  0.000000e+00  0.000000e+00  0.000000e+00  1.800000e-02  1.500000e-02
1.604770e-01  0.000000e+00  0.000000e+00  0.000000e+00  0.000000e+00  0.000000e+00  0.000000e+00  0.000000e+00  1.400000e-02  0.000000e+00  0.000000e+00  0.000000e+00  0.000000e+00  0.000000e+00  0.000000e+00  1.840000e-02  1.400000e-02
1.815485e-01  0.000000e+00  0.000000e+00  0.000000e+00  0.000000e+00  0.000000e+00  0.000000e+00  0.000000e+00  1.380000e-02  0.000000e+00  0.000000e+00  0.000000e+00  0.000000e+00  0.000000e+00  0.000000e+00  2.070000e-02  1.380000e-02
2.053867e-01  0.000000e+00  0.000000e+00  0.000000e+00  0.000000e+00  0.000000e+00  0.000000e+00  1.360000e-02  1.320000e-02  0.000000e+00  0.000000e+00  0.000000e+00  0.000000e+00  0.000000e+00  0.000000e+00  1.980000e-02  1.320000e-02
2.323551e-01  0.000000e+00  0.000000e+00  0.000000e+00  0.000000e+00  0.000000e+00  0.000000e+00  2.140000e-02  1.370000e-02  0.000000e+00  0.000000e+00  0.000000e+00  0.000000e+00  0.000000e+00  0.000000e+00  2.140000e-02  1.370000e-02
2.628645e-01  0.000000e+00  0.000000e+00  0.000000e+00  0.000000e+00  0.000000e+00  0.000000e+00  1.780000e-02  1.370000e-02  0.000000e+00  0.000000e+00  0.000000e+00  0.000000e+00  0.000000e+00  7.500000e-03  1.780000e-02  1.370000e-02
2.973799e-01  0.000000e+00  0.000000e+00  0.000000e+00  0.000000e+00  0.000000e+00  0.000000e+00  2.020000e-02  1.320000e-02  0.000000e+00  0.000000e+00  0.000000e+00  0.000000e+00  0.000000e+00  1.080000e-02  2.020000e-02  1.320000e-02
3.364274e-01  0.000000e+00  0.000000e+00  0.000000e+00  0.000000e+00  0.000000e+00  0.000000e+00  2.110000e-02  9.600000e-03  0.000000e+00  0.000000e+00  0.000000e+00  0.000000e+00  0.000000e+00  1.470000e-02  2.110000e-02  9.600000e-03
3.806021e-01  0.000000e+00  0.000000e+00  0.000000e+00  0.000000e+00  0.000000e+00  0.000000e+00  1.910000e-02  1.100000e-02  0.000000e+00  0.000000e+00  0.000000e+00  0.000000e+00  0.000000e+00  1.540000e-02  1.910000e-02  1.100000e-02
4.305771e-01  0.000000e+00  0.000000e+00  0.000000e+00  0.000000e+00  0.000000e+00  0.000000e+00  1.820000e-02  9.900000e-03  0.000000e+00  0.000000e+00  0.000000e+00  0.000000e+00  0.000000e+00  1.690000e-02  1.820000e-02  9.900000e-03
4.871140e-01  0.000000e+00  0.000000e+00  0.000000e+00  0.000000e+00  0.000000e+00  0.000000e+00  1.800000e-02  1.120000e-02  0.000000e+00  0.000000e+00  0.000000e+00  0.000000e+00  0.000000e+00  1.700000e-02  1.800000e-02  1.120000e-02
5.510746e-01  0.000000e+00  0.000000e+00  0.000000e+00  0.000000e+00  0.000000e+00  0.000000e+00  1.630000e-02  9.300000e-03  0.000000e+00  0.000000e+00  0.000000e+00  0.000000e+00  9.500000e-03  1.740000e-02  1.630000e-02  9.300000e-03
6.234335e-01  0.000000e+00  0.000000e+00  0.000000e+00  0.000000e+00  0.000000e+00  0.000000e+00  2.010000e-02  9.200000e-03  0.000000e+00  0.000000e+00  0.000000e+00  0.000000e+00  1.260000e-02  1.780000e-02  2.010000e-02  9.200000e-03
7.052935e-01  0.000000e+00  0.000000e+00  0.000000e+00  0.000000e+00  0.000000e+00  2.300000e-03  1.610000e-02  9.700000e-03  0.000000e+00  0.000000e+00  0.000000e+00  0.000000e+00  1.340000e-02  1.980000e-02  1.610000e-02  9.700000e-03
7.979022e-01  0.000000e+00  0.000000e+00  0.000000e+00  0.000000e+00  0.000000e+00  1.910000e-02  1.670000e-02  9.500000e-03  0.000000e+00  0.000000e+00  0.000000e+00  0.000000e+00  1.400000e-02  1.910000e-02  1.670000e-02  9.500000e-03
9.026708e-01  0.000000e+00  0.000000e+00  0.000000e+00  0.000000e+00  0.000000e+00  1.820000e-02  1.660000e-02  7.900000e-03  0.000000e+00  0.000000e+00  0.000000e+00  0.000000e+00  1.660000e-02  1.820000e-02  1.660000e-02  1.090000e-02
1.021196e+00  0.000000e+00  0.000000e+00  0.000000e+00  0.000000e+00  0.000000e+00  1.730000e-02  1.710000e-02  0.000000e+00  0.000000e+00  0.000000e+00  0.000000e+00  0.000000e+00  1.710000e-02  1.730000e-02  1.710000e-02  9.300000e-03
1.155284e+00  0.000000e+00  0.000000e+00  0.000000e+00  0.000000e+00  0.000000e+00  1.680000e-02  1.600000e-02  0.000000e+00  0.000000e+00  0.000000e+00  0.000000e+00  0.000000e+00  1.710000e-02  1.680000e-02  1.600000e-02  9.800000e-03
1.306979e+00  0.000000e+00  0.000000e+00  0.000000e+00  0.000000e+00  0.000000e+00  1.840000e-02  1.390000e-02  0.000000e+00  0.000000e+00  0.000000e+00  0.000000e+00  0.000000e+00  2.050000e-02  1.840000e-02  1.390000e-02  9.600000e-03
1.478592e+00  0.000000e+00  0.000000e+00  0.000000e+00  0.000000e+00  5.300000e-03  1.690000e-02  1.590000e-02  0.000000e+00  0.000000e+00  0.000000e+00  0.000000e+00  0.000000e+00  1.950000e-02  1.690000e-02  1.590000e-02  8.100000e-03
1.672739e+00  0.000000e+00  0.000000e+00  0.000000e+00  0.000000e+00  1.750000e-02  1.790000e-02  1.700000e-02  0.000000e+00  0.000000e+00  0.000000e+00  0.000000e+00  8.300000e-03  1.750000e-02  1.790000e-02  1.700000e-02  6.500000e-03
1.892378e+00  0.000000e+00  0.000000e+00  0.000000e+00  0.000000e+00  1.710000e-02  1.640000e-02  1.790000e-02  0.000000e+00  0.000000e+00  0.000000e+00  0.000000e+00  1.450000e-02  1.710000e-02  1.640000e-02  1.790000e-02  7.300000e-03
2.140857e+00  0.000000e+00  0.000000e+00  0.000000e+00  0.000000e+00  1.850000e-02  1.900000e-02  1.490000e-02  0.000000e+00  0.000000e+00  0.000000e+00  0.000000e+00  1.410000e-02  1.850000e-02  1.900000e-02  1.490000e-02  7.500000e-03
2.421963e+00  0.000000e+00  0.000000e+00  0.000000e+00  0.000000e+00  1.840000e-02  1.670000e-02  1.620000e-02  0.000000e+00  0.000000e+00  0.000000e+00  0.000000e+00  1.570000e-02  1.840000e-02  1.670000e-02  1.620000e-02  6.800000e-03
2.739979e+00  0.000000e+00  0.000000e+00  0.000000e+00  0.000000e+00  1.710000e-02  1.530000e-02  1.680000e-02  0.000000e+00  0.000000e+00  0.000000e+00  0.000000e+00  1.380000e-02  1.710000e-02  1.530000e-02  1.680000e-02  6.000000e-03
3.099752e+00  0.000000e+00  0.000000e+00  0.000000e+00  0.000000e+00  1.810000e-02  1.780000e-02  1.510000e-02  0.000000e+00  0.000000e+00  0.000000e+00  0.000000e+00  1.980000e-02  1.810000e-02  1.780000e-02  1.510000e-02  7.300000e-03
3.506765e+00  0.000000e+00  0.000000e+00  0.000000e+00  0.000000e+00  1.620000e-02  1.840000e-02  1.570000e-02  0.000000e+00  0.000000e+00  0.000000e+00  0.000000e+00  1.630000e-02  1.620000e-02  1.840000e-02  1.570000e-02  6.200000e-03
3.967221e+00  0.000000e+00  0.000000e+00  0.000000e+00  0.000000e+00  1.670000e-02  1.500000e-02  1.520000e-02  0.000000e+00  0.000000e+00  0.000000e+00  0.000000e+00  1.980000e-02  1.670000e-02  1.500000e-02  1.520000e-02  5.700000e-03
4.488138e+00  0.000000e+00  0.000000e+00  0.000000e+00  2.600000e-03  1.840000e-02  1.730000e-02  1.410000e-02  0.000000e+00  0.000000e+00  0.000000e+00  0.000000e+00  1.530000e-02  1.840000e-02  1.730000e-02  1.410000e-02  6.100000e-03
5.077453e+00  0.000000e+00  0.000000e+00  0.000000e+00  1.850000e-02  1.480000e-02  1.840000e-02  1.410000e-02  0.000000e+00  0.000000e+00  0.000000e+00  0.000000e+00  1.850000e-02  1.480000e-02  1.840000e-02  1.410000e-02  5.900000e-03
5.744149e+00  0.000000e+00  0.000000e+00  0.000000e+00  1.790000e-02  1.580000e-02  1.660000e-02  1.590000e-02  0.000000e+00  0.000000e+00  0.000000e+00  0.000000e+00  1.790000e-02  1.580000e-02  1.660000e-02  1.590000e-02  5.000000e-03
6.498385e+00  0.000000e+00  0.000000e+00  0.000000e+00  1.970000e-02  1.880000e-02  1.480000e-02  1.460000e-02  0.000000e+00  0.000000e+00  0.000000e+00  0.000000e+00  1.970000e-02  1.880000e-02  1.480000e-02  1.460000e-02  5.700000e-03
7.351656e+00  0.000000e+00  0.000000e+00  0.000000e+00  1.770000e-02  1.890000e-02  1.470000e-02  1.400000e-02  0.000000e+00  0.000000e+00  0.000000e+00  0.000000e+00  1.770000e-02  1.890000e-02  1.470000e-02  1.400000e-02  3.800000e-03
8.316966e+00  0.000000e+00  0.000000e+00  0.000000e+00  1.720000e-02  1.760000e-02  1.440000e-02  1.450000e-02  0.000000e+00  0.000000e+00  0.000000e+00  0.000000e+00  1.720000e-02  1.760000e-02  1.440000e-02  1.450000e-02  3.500000e-03
9.409027e+00  0.000000e+00  0.000000e+00  0.000000e+00  1.710000e-02  1.660000e-02  1.480000e-02  1.440000e-02  0.000000e+00  0.000000e+00  0.000000e+00  6.300000e-03  1.710000e-02  1.660000e-02  1.480000e-02  1.440000e-02  3.000000e-03
1.064448e+01  0.000000e+00  0.000000e+00  0.000000e+00  1.630000e-02  1.540000e-02  1.540000e-02  1.530000e-02  0.000000e+00  0.000000e+00  0.000000e+00  1.310000e-02  1.630000e-02  1.540000e-02  1.540000e-02  1.530000e-02  3.200000e-03
1.204215e+01  0.000000e+00  0.000000e+00  0.000000e+00  1.880000e-02  1.530000e-02  1.540000e-02  1.410000e-02  0.000000e+00  0.000000e+00  0.000000e+00  1.530000e-02  1.880000e-02  1.530000e-02  1.540000e-02  1.410000e-02  3.700000e-03
1.362335e+01  0.000000e+00  0.000000e+00  0.000000e+00  1.700000e-02  1.520000e-02  1.370000e-02  1.430000e-02  0.000000e+00  0.000000e+00  0.000000e+00  1.730000e-02  1.700000e-02  1.520000e-02  1.370000e-02  1.430000e-02  2.000000e-03
1.541217e+01  0.000000e+00  0.000000e+00  0.000000e+00  1.800000e-02  1.540000e-02  1.400000e-02  1.410000e-02  0.000000e+00  0.000000e+00  0.000000e+00  1.780000e-02  1.800000e-02  1.540000e-02  1.400000e-02  1.410000e-02  0.000000e+00
1.743586e+01  0.000000e+00  0.000000e+00  0.000000e+00  1.700000e-02  1.400000e-02  1.480000e-02  1.110000e-02  0.000000e+00  0.000000e+00  0.000000e+00  1.490000e-02  1.700000e-02  1.400000e-02  1.480000e-02  1.110000e-02  0.000000e+00
1.972528e+01  0.000000e+00  0.000000e+00  0.000000e+00  1.640000e-02  1.660000e-02  1.400000e-02  1.140000e-02  0.000000e+00  0.000000e+00  0.000000e+00  2.110000e-02  1.640000e-02  1.660000e-02  1.400000e-02  1.140000e-02  0.000000e+00
2.231531e+01  0.000000e+00  0.000000e+00  0.000000e+00  1.750000e-02  1.340000e-02  1.460000e-02  1.340000e-02  0.000000e+00  0.000000e+00  0.000000e+00  1.840000e-02  1.750000e-02  1.340000e-02  1.460000e-02  1.340000e-02  0.000000e+00
2.524543e+01  0.000000e+00  0.000000e+00  6.700000e-03  1.720000e-02  1.480000e-02  1.350000e-02  1.370000e-02  0.000000e+00  0.000000e+00  0.000000e+00  1.750000e-02  1.720000e-02  1.480000e-02  1.350000e-02  1.370000e-02  0.000000e+00
2.856028e+01  0.000000e+00  0.000000e+00  1.670000e-02  1.480000e-02  1.470000e-02  1.370000e-02  1.080000e-02  0.000000e+00  0.000000e+00  0.000000e+00  1.670000e-02  1.480000e-02  1.470000e-02  1.370000e-02  1.080000e-02  0.000000e+00
3.231039e+01  0.000000e+00  0.000000e+00  1.820000e-02  1.710000e-02  1.450000e-02  1.290000e-02  1.050000e-02  0.000000e+00  0.000000e+00  0.000000e+00  1.820000e-02  1.710000e-02  1.450000e-02  1.290000e-02  1.050000e-02  0.000000e+00
3.655291e+01  0.000000e+00  0.000000e+00  1.860000e-02  1.680000e-02  1.520000e-02  1.300000e-02  1.290000e-02  0.000000e+00  0.000000e+00  0.000000e+00  1.860000e-02  1.680000e-02  1.520000e-02  1.300000e-02  1.290000e-02  0.000000e+00
4.135250e+01  0.000000e+00  0.000000e+00  1.670000e-02  1.390000e-02  1.490000e-02  1.170000e-02  9.900000e-03  0.000000e+00  0.000000e+00  0.000000e+00  1.670000e-02  1.390000e-02  1.490000e-02  1.170000e-02  1.050000e-02  0.000000e+00
4.678229e+01  0.000000e+00  0.000000e+00  1.860000e-02  1.750000e-02  1.390000e-02  1.230000e-02  0.000000e+00  0.000000e+00  0.000000e+00  9.200000e-03  1.860000e-02  1.750000e-02  1.390000e-02  1.230000e-02  9.200000e-03  0.000000e+00
5.292504e+01  0.000000e+00  0.000000e+00  1.840000e-02  1.560000e-02  1.410000e-02  1.250000e-02  0.000000e+00  0.000000e+00  0.000000e+00  1.380000e-02  1.840000e-02  1.560000e-02  1.410000e-02  1.250000e-02  1.080000e-02  0.000000e+00
5.987437e+01  0.000000e+00  0.000000e+00  1.810000e-02  1.600000e-02  1.350000e-02  1.170000e-02  0.000000e+00  0.000000e+00  0.000000e+00  1.540000e-02  1.810000e-02  1.600000e-02  1.350000e-02  1.170000e-02  9.300000e-03  0.000000e+00
6.773618e+01  0.000000e+00  0.000000e+00  1.770000e-02  1.530000e-02  1.370000e-02  1.310000e-02  0.000000e+00  0.000000e+00  0.000000e+00  1.720000e-02  1.770000e-02  1.530000e-02  1.370000e-02  1.310000e-02  8.800000e-03  0.000000e+00
7.663029e+01  0.000000e+00  0.000000e+00  1.890000e-02  1.380000e-02  1.360000e-02  1.400000e-02  0.000000e+00  0.000000e+00  0.000000e+00  1.810000e-02  1.890000e-02  1.380000e-02  1.360000e-02  1.400000e-02  7.800000e-03  0.000000e+00
8.669224e+01  0.000000e+00  0.000000e+00  1.940000e-02  1.540000e-02  1.050000e-02  1.400000e-02  0.000000e+00  0.000000e+00  0.000000e+00  1.870000e-02  1.940000e-02  1.540000e-02  1.050000e-02  1.400000e-02  8.300000e-03  0.000000e+00
9.807538e+01  0.000000e+00  0.000000e+00  1.860000e-02  1.460000e-02  1.160000e-02  1.440000e-02  0.000000e+00  0.000000e+00  0.000000e+00  1.860000e-02  1.860000e-02  1.460000e-02  1.160000e-02  1.440000e-02  8.200000e-03  0.000000e+00
1.109532e+02  0.000000e+00  0.000000e+00  1.760000e-02  1.610000e-02  1.310000e-02  1.290000e-02  0.000000e+00  0.000000e+00  0.000000e+00  1.880000e-02  1.760000e-02  1.610000e-02  1.310000e-02  1.290000e-02  6.500000e-03  0.000000e+00
1.255219e+02  0.000000e+00  1.410000e-02  1.840000e-02  1.480000e-02  1.180000e-02  1.380000e-02  0.000000e+00  0.000000e+00  0.000000e+00  1.930000e-02  1.840000e-02  1.480000e-02  1.180000e-02  1.380000e-02  7.200000e-03  0.000000e+00
1.420036e+02  0.000000e+00  1.980000e-02  1.780000e-02  1.350000e-02  1.360000e-02  1.060000e-02  0.000000e+00  0.000000e+00  0.000000e+00  1.980000e-02  1.780000e-02  1.350000e-02  1.360000e-02  1.060000e-02  7.700000e-03  0.000000e+00
1.606494e+02  0.000000e+00  2.050000e-02  1.820000e-02  1.490000e-02  1.440000e-02  1.140000e-02  0.000000e+00  0.000000e+00  0.000000e+00  2.050000e-02  1.820000e-02  1.490000e-02  1.440000e-02  1.140000e-02  8.000000e-03  0.000000e+00
1.817434e+02  0.000000e+00  1.990000e-02  1.770000e-02  1.440000e-02  1.430000e-02  1.050000e-02  0.000000e+00  0.000000e+00  0.000000e+00  1.990000e-02  1.770000e-02  1.440000e-02  1.430000e-02  1.050000e-02  6.000000e-03  0.000000e+00
2.056073e+02  0.000000e+00  1.770000e-02  1.720000e-02  1.310000e-02  1.240000e-02  5.600000e-03  0.000000e+00  0.000000e+00  0.000000e+00  1.770000e-02  1.720000e-02  1.310000e-02  1.240000e-02  9.200000e-03  6.900000e-03  0.000000e+00
2.326046e+02  0.000000e+00  2.200000e-02  1.550000e-02  1.380000e-02  1.410000e-02  0.000000e+00  0.000000e+00  0.000000e+00  0.000000e+00  2.200000e-02  1.550000e-02  1.380000e-02  1.410000e-02  1.280000e-02  5.800000e-03  0.000000e+00
2.631467e+02  0.000000e+00  1.900000e-02  1.960000e-02  1.340000e-02  1.210000e-02  0.000000e+00  0.000000e+00  0.000000e+00  0.000000e+00  1.900000e-02  1.960000e-02  1.340000e-02  1.210000e-02  1.030000e-02  5.700000e-03  0.000000e+00
2.976993e+02  0.000000e+00  1.900000e-02  1.780000e-02  1.360000e-02  1.190000e-02  0.000000e+00  0.000000e+00  0.000000e+00  0.000000e+00  1.900000e-02  1.780000e-02  1.360000e-02  1.190000e-02  1.080000e-02  4.500000e-03  0.000000e+00
3.367887e+02  0.000000e+00  2.100000e-02  1.590000e-02  1.260000e-02  1.200000e-02  0.000000e+00  0.000000e+00  0.000000e+00  0.000000e+00  2.100000e-02  1.590000e-02  1.260000e-02  1.200000e-02  1.060000e-02  5.800000e-03  0.000000e+00
3.810108e+02  0.000000e+00  1.890000e-02  1.710000e-02  1.510000e-02  1.310000e-02  0.000000e+00  0.000000e+00  0.000000e+00  0.000000e+00  1.890000e-02  1.710000e-02  1.510000e-02  1.310000e-02  9.000000e-03  4.900000e-03  0.000000e+00
4.310394e+02  0.000000e+00  2.040000e-02  1.950000e-02  1.430000e-02  1.100000e-03  0.000000e+00  0.000000e+00  0.000000e+00  0.000000e+00  2.040000e-02  1.950000e-02  1.430000e-02  1.390000e-02  1.190000e-02  3.000000e-03  0.000000e+00
4.876371e+02  0.000000e+00  2.150000e-02  1.800000e-02  1.390000e-02  0.000000e+00  0.000000e+00  0.000000e+00  0.000000e+00  0.000000e+00  2.150000e-02  1.800000e-02  1.390000e-02  1.260000e-02  8.300000e-03  0.000000e+00  0.000000e+00
5.516664e+02  0.000000e+00  2.010000e-02  1.790000e-02  1.670000e-02  0.000000e+00  0.000000e+00  0.000000e+00  0.000000e+00  0.000000e+00  2.010000e-02  1.790000e-02  1.670000e-02  1.170000e-02  8.500000e-03  0.000000e+00  0.000000e+00
6.241030e+02  0.000000e+00  2.260000e-02  1.860000e-02  1.600000e-02  0.000000e+00  0.000000e+00  0.000000e+00  0.000000e+00  0.000000e+00  2.260000e-02  1.860000e-02  1.600000e-02  1.070000e-02  8.800000e-03  0.000000e+00  0.000000e+00
7.060509e+02  0.000000e+00  2.050000e-02  1.570000e-02  1.580000e-02  0.000000e+00  0.000000e+00  0.000000e+00  0.000000e+00  0.000000e+00  2.050000e-02  1.570000e-02  1.580000e-02  1.140000e-02  8.100000e-03  0.000000e+00  0.000000e+00
7.987590e+02  0.000000e+00  2.190000e-02  1.830000e-02  1.550000e-02  0.000000e+00  0.000000e+00  0.000000e+00  0.000000e+00  0.000000e+00  2.190000e-02  1.830000e-02  1.550000e-02  1.180000e-02  8.700000e-03  0.000000e+00  0.000000e+00
9.036402e+02  0.000000e+00  2.150000e-02  1.730000e-02  1.280000e-02  0.000000e+00  0.000000e+00  0.000000e+00  0.000000e+00  0.000000e+00  2.150000e-02  1.730000e-02  1.400000e-02  1.170000e-02  6.700000e-03  0.000000e+00  0.000000e+00
1.022293e+03  0.000000e+00  2.320000e-02  1.830000e-02  0.000000e+00  0.000000e+00  0.000000e+00  0.000000e+00  0.000000e+00  1.260000e-02  2.320000e-02  1.830000e-02  1.640000e-02  9.500000e-03  8.100000e-03  0.000000e+00  0.000000e+00
1.156525e+03  0.000000e+00  2.340000e-02  1.830000e-02  0.000000e+00  0.000000e+00  0.000000e+00  0.000000e+00  0.000000e+00  1.580000e-02  2.340000e-02  1.830000e-02  1.410000e-02  1.050000e-02  5.800000e-03  0.000000e+00  0.000000e+00
1.308383e+03  0.000000e+00  2.320000e-02  1.740000e-02  0.000000e+00  0.000000e+00  0.000000e+00  0.000000e+00  0.000000e+00  1.650000e-02  2.320000e-02  1.740000e-02  1.460000e-02  9.500000e-03  3.000000e-03  0.000000e+00  0.000000e+00
1.480180e+03  0.000000e+00  2.290000e-02  1.760000e-02  0.000000e+00  0.000000e+00  0.000000e+00  0.000000e+00  0.000000e+00  1.880000e-02  2.290000e-02  1.760000e-02  1.410000e-02  8.300000e-03  0.000000e+00  0.000000e+00  0.000000e+00
1.674535e+03  0.000000e+00  2.320000e-02  1.990000e-02  0.000000e+00  0.000000e+00  0.000000e+00  0.000000e+00  0.000000e+00  2.080000e-02  2.320000e-02  1.990000e-02  1.610000e-02  7.200000e-03  0.000000e+00  0.000000e+00  0.000000e+00
1.894410e+03  0.000000e+00  2.480000e-02  2.140000e-02  0.000000e+00  0.000000e+00  0.000000e+00  0.000000e+00  0.000000e+00  2.320000e-02  2.480000e-02  2.140000e-02  1.300000e-02  7.300000e-03  0.000000e+00  0.000000e+00  0.000000e+00
2.143156e+03  0.000000e+00  1.980000e-02  2.050000e-02  0.000000e+00  0.000000e+00  0.000000e+00  0.000000e+00  0.000000e+00  2.630000e-02  1.980000e-02  2.050000e-02  1.360000e-02  0.000000e+00  0.000000e+00  0.000000e+00  0.000000e+00
2.424563e+03  2.430000e-02  2.670000e-02  2.190000e-02  0.000000e+00  0.000000e+00  0.000000e+00  0.000000e+00  0.000000e+00  2.530000e-02  2.670000e-02  2.240000e-02  1.060000e-02  0.000000e+00  0.000000e+00  0.000000e+00  0.000000e+00
2.742921e+03  2.510000e-02  2.440000e-02  0.000000e+00  0.000000e+00  0.000000e+00  0.000000e+00  0.000000e+00  0.000000e+00  2.510000e-02  2.440000e-02  1.930000e-02  1.500000e-02  0.000000e+00  0.000000e+00  0.000000e+00  0.000000e+00
3.103080e+03  2.520000e-02  2.560000e-02  0.000000e+00  0.000000e+00  0.000000e+00  0.000000e+00  0.000000e+00  0.000000e+00  2.520000e-02  2.560000e-02  1.940000e-02  6.300000e-03  0.000000e+00  0.000000e+00  0.000000e+00  0.000000e+00
3.510531e+03  2.820000e-02  2.390000e-02  0.000000e+00  0.000000e+00  0.000000e+00  0.000000e+00  0.000000e+00  0.000000e+00  2.820000e-02  2.390000e-02  2.070000e-02  0.000000e+00  0.000000e+00  0.000000e+00  0.000000e+00  0.000000e+00
3.971482e+03  2.990000e-02  2.500000e-02  0.000000e+00  0.000000e+00  0.000000e+00  0.000000e+00  0.000000e+00  0.000000e+00  2.990000e-02  2.500000e-02  1.890000e-02  0.000000e+00  0.000000e+00  0.000000e+00  0.000000e+00  0.000000e+00
4.492957e+03  3.420000e-02  2.420000e-02  0.000000e+00  0.000000e+00  0.000000e+00  0.000000e+00  0.000000e+00  0.000000e+00  3.420000e-02  2.420000e-02  1.970000e-02  0.000000e+00  0.000000e+00  0.000000e+00  0.000000e+00  0.000000e+00
5.082906e+03  3.230000e-02  2.430000e-02  0.000000e+00  0.000000e+00  0.000000e+00  0.000000e+00  0.000000e+00  0.000000e+00  3.230000e-02  2.430000e-02  2.010000e-02  0.000000e+00  0.000000e+00  0.000000e+00  0.000000e+00  0.000000e+00
5.750317e+03  3.290000e-02  5.000000e-03  0.000000e+00  0.000000e+00  0.000000e+00  0.000000e+00  0.000000e+00  0.000000e+00  3.290000e-02  2.420000e-02  1.640000e-02  0.000000e+00  0.000000e+00  0.000000e+00  0.000000e+00  0.000000e+00
6.505363e+03  3.470000e-02  0.000000e+00  0.000000e+00  0.000000e+00  0.000000e+00  0.000000e+00  0.000000e+00  0.000000e+00  3.470000e-02  2.310000e-02  0.000000e+00  0.000000e+00  0.000000e+00  0.000000e+00  0.000000e+00  0.000000e+00
7.359551e+03  3.700000e-02  0.000000e+00  0.000000e+00  0.000000e+00  0.000000e+00  0.000000e+00  0.000000e+00  0.000000e+00  3.700000e-02  2.440000e-02  0.000000e+00  0.000000e+00  0.000000e+00  0.000000e+00  0.000000e+00  0.000000e+00
8.325897e+03  4.220000e-02  0.000000e+00  0.000000e+00  0.000000e+00  0.000000e+00  0.000000e+00  0.000000e+00  0.000000e+00  4.220000e-02  2.450000e-02  0.000000e+00  0.000000e+00  0.000000e+00  0.000000e+00  0.000000e+00  0.000000e+00
9.419130e+03  3.750000e-02  0.000000e+00  0.000000e+00  0.000000e+00  0.000000e+00  0.000000e+00  0.000000e+00  0.000000e+00  3.750000e-02  2.590000e-02  0.000000e+00  0.000000e+00  0.000000e+00  0.000000e+00  0.000000e+00  0.000000e+00
1.065591e+04  3.830000e-02  0.000000e+00  0.000000e+00  0.000000e+00  0.000000e+00  0.000000e+00  0.000000e+00  0.000000e+00  3.830000e-02  1.790000e-02  0.000000e+00  0.000000e+00  0.000000e+00  0.000000e+00  0.000000e+00  0.000000e+00
1.205509e+04  4.140000e-02  0.000000e+00  0.000000e+00  0.000000e+00  0.000000e+00  0.000000e+00  0.000000e+00  0.000000e+00  4.140000e-02  0.000000e+00  0.000000e+00  0.000000e+00  0.000000e+00  0.000000e+00  0.000000e+00  0.000000e+00
1.363798e+04  3.510000e-02  0.000000e+00  0.000000e+00  0.000000e+00  0.000000e+00  0.000000e+00  0.000000e+00  0.000000e+00  3.510000e-02  0.000000e+00  0.000000e+00  0.000000e+00  0.000000e+00  0.000000e+00  0.000000e+00  0.000000e+00
1.542872e+04  3.990000e-02  0.000000e+00  0.000000e+00  0.000000e+00  0.000000e+00  0.000000e+00  0.000000e+00  0.000000e+00  3.990000e-02  0.000000e+00  0.000000e+00  0.000000e+00  0.000000e+00  0.000000e+00  0.000000e+00  0.000000e+00
1.745459e+04  3.610000e-02  0.000000e+00  0.000000e+00  0.000000e+00  0.000000e+00  0.000000e+00  0.000000e+00  0.000000e+00  3.610000e-02  0.000000e+00  0.000000e+00  0.000000e+00  0.000000e+00  0.000000e+00  0.000000e+00  0.000000e+00
1.974646e+04  3.500000e-02  0.000000e+00  0.000000e+00  0.000000e+00  0.000000e+00  0.000000e+00  0.000000e+00  0.000000e+00  3.500000e-02  0.000000e+00  0.000000e+00  0.000000e+00  0.000000e+00  0.000000e+00  0.000000e+00  0.000000e+00
2.233928e+04  3.230000e-02  0.000000e+00  0.000000e+00  0.000000e+00  0.000000e+00  0.000000e+00  0.000000e+00  0.000000e+00  3.230000e-02  0.000000e+00  0.000000e+00  0.000000e+00  0.000000e+00  0.000000e+00  0.000000e+00  0.000000e+00
2.527254e+04  3.420000e-02  0.000000e+00  0.000000e+00  0.000000e+00  0.000000e+00  0.000000e+00  0.000000e+00  0.000000e+00  3.420000e-02  0.000000e+00  0.000000e+00  0.000000e+00  0.000000e+00  0.000000e+00  0.000000e+00  0.000000e+00
2.859095e+04  4.200000e-03  0.000000e+00  0.000000e+00  0.000000e+00  0.000000e+00  0.000000e+00  0.000000e+00  0.000000e+00  3.180000e-02  0.000000e+00  0.000000e+00  0.000000e+00  0.000000e+00  0.000000e+00  0.000000e+00  0.000000e+00
3.234509e+04  0.000000e+00  0.000000e+00  0.000000e+00  0.000000e+00  0.000000e+00  0.000000e+00  0.000000e+00  0.000000e+00  3.100000e-02  0.000000e+00  0.000000e+00  0.000000e+00  0.000000e+00  0.000000e+00  0.000000e+00  0.000000e+00
3.659216e+04  0.000000e+00  0.000000e+00  0.000000e+00  0.000000e+00  0.000000e+00  0.000000e+00  0.000000e+00  0.000000e+00  2.990000e-02  0.000000e+00  0.000000e+00  0.000000e+00  0.000000e+00  0.000000e+00  0.000000e+00  0.000000e+00
4.139690e+04  0.000000e+00  0.000000e+00  0.000000e+00  0.000000e+00  0.000000e+00  0.000000e+00  0.000000e+00  0.000000e+00  2.700000e-02  0.000000e+00  0.000000e+00  0.000000e+00  0.000000e+00  0.000000e+00  0.000000e+00  0.000000e+00
4.683253e+04  0.000000e+00  0.000000e+00  0.000000e+00  0.000000e+00  0.000000e+00  0.000000e+00  0.000000e+00  0.000000e+00  1.950000e-02  0.000000e+00  0.000000e+00  0.000000e+00  0.000000e+00  0.000000e+00  0.000000e+00  0.000000e+00
