1.974596e-03  0.000000e+00  0.000000e+00  0.000000e+00  0.000000e+00  0.000000e+00  0.000000e+00  0.000000e+00  0.000000e+00  0.000000e+00  0.000000e+00  0.000000e+00  0.000000e+00  0.000000e+00  0.000000e+00  0.000000e+00  5.200000e-03
2.099521e-03  0.000000e+00  0.000000e+00  0.000000e+00  0.000000e+00  0.000000e+00  0.000000e+00  0.000000e+00  0.000000e+00  0.000000e+00  0.000000e+00  0.000000e+00  0.000000e+00  0.000000e+00  0.000000e+00  0.000000e+00  5.900000e-03
2.232350e-03  0.000000e+00  0.000000e+00  0.000000e+00  0.000000e+00  0.000000e+00  0.000000e+00  0.000000e+00  0.000000e+00  0.000000e+00  0.000000e+00  0.000000e+00  0.000000e+00  0.000000e+00  0.000000e+00  0.000000e+00  5.600000e-03
2.373582e-03  0.000000e+00  0.000000e+00  0.000000e+00  0.000000e+00  0.000000e+00  0.000000e+00  0.000000e+00  0.000000e+00  0.000000e+00  0.000000e+00  0.000000e+00  0.000000e+00  0.000000e+00  0.000000e+00  0.000000e+00  4.700000e-03
2.523750e-03  0.000000e+00  0.000000e+00  0.000000e+00  0.000000e+00  0.000000e+00  0.000000e+00  0.000000e+00  0.000000e+00  0.000000e+00  0.000000e+00  0.000000e+00  0.000000e+00  0.000000e+00  0.000000e+00  0.000000e+00  6.500000e-03
2.683418e-03  0.000000e+00  0.000000e+00  0.000000e+00  0.000000e+00  0.000000e+00  0.000000e+00  0.000000e+00  0.000000e+00  0.000000e+00  0.000000e+00  0.000000e+00  0.000000e+00  0.000000e+00  0.000000e+00  4.400000e-03  5.900000e-03
2.853187e-03  0.000000e+00  0.000000e+00  0.000000e+00  0.000000e+00  0.000000e+00  0.000000e+00  0.000000e+00  0.000000e+00  0.000000e+00  0.000000e+00  0.000000e+00  0.000000e+00  0.000000e+00  0.000000e+00  5.700000e-03  7.300000e-03
3.033697e-03  0.000000e+00  0.000000e+00  0.000000e+00  0.000000e+00  0.000000e+00  0.000000e+00  0.000000e+00  0.000000e+00  0.000000e+00  0.000000e+00  0.000000e+00  0.000000e+00  0.000000e+00  0.000000e+00  4.400000e-03  6.600000e-03
3.225628e-03  0.000000e+00  0.000000e+00  0.000000e+00  0.000000e+00  0.000000e+00  0.000000e+00  0.000000e+00  0.000000e+00  0.000000e+00  0.000000e+00  0.000000e+00  0.000000e+00  0.000000e+00  0.000000e+00  6.200000e-03  7.000000e-03
3.429701e-03  0.000000e+00  0.000000e+00  0.000000e+00  0.000000e+00  0.000000e+00  0.000000e+00  0.000000e+00  0.000000e+00  0.000000e+00  0.000000e+00  0.000000e+00  0.000000e+00  0.000000e+00  0.000000e+00  5.300000e-03  7.900000e-03
3.646685e-03  0.000000e+00  0.000000e+00  0.000000e+00  0.000000e+00  0.000000e+00  0.000000e+00  0.000000e+00  0.000000e+00  0.000000e+00  0.000000e+00  0.000000e+00  0.000000e+00  0.000000e+00  0.000000e+00  6.000000e-03  7.100000e-03
3.877397e-03  0.000000e+00  0.000000e+00  0.000000e+00  0.000000e+00  0.000000e+00  0.000000e+00  0.000000e+00  0.000000e+00  0.000000e+00  0.000000e+00  0.000000e+00  0.000000e+00  0.000000e+00  0.000000e+00  7.600000e-03  9.000000e-03
4.122705e-03  0.000000e+00  0.000000e+00  0.000000e+00  0.000000e+00  0.000000e+00  0.000000e+00  0.000000e+00  0.000000e+00  0.000000e+00  0.000000e+00  0.000000e+00  0.000000e+00  0.000000e+00  0.000000e+00  6.700000e-03  8.300000e-03
4.383533e-03  0.000000e+00  0.000000e+00  0.000000e+00  0.000000e+00  0.000000e+00  0.000000e+00  0.000000e+00  0.000000e+00  0.000000e+00  0.000000e+00  0.000000e+00  0.000000e+00  0.000000e+00  0.000000e+00  5.700000e-03  7.600000e-03
4.660862e-03  0.000000e+00  0.000000e+00  0.000000e+00  0.000000e+00  0.000000e+00  0.000000e+00  0.000000e+00  0.000000e+00  0.000000e+00  0.000000e+00  0.000000e+00  0.000000e+00  0.000000e+00  0.000000e+00  6.900000e-03  8.200000e-03
4.955737e-03  0.000000e+00  0.000000e+00  0.000000e+00  0.000000e+00  0.000000e+00  0.000000e+00  0.000000e+00  0.000000e+00  0.000000e+00  0.000000e+00  0.000000e+00  0.000000e+00  0.000000e+00  0.000000e+00  7.700000e-03  8.000000e-03
5.269267e-03  0.000000e+00  0.000000e+00  0.000000e+00  0.000000e+00  0.000000e+00  0.000000e+00  0.000000e+00  0.000000e+00  0.000000e+00  0.000000e+00  0.000000e+00  0.000000e+00  0.000000e+00  5.000000e-04  8.700000e-03  9.700000e-03
5.602634e-03  0.000000e+00  0.000000e+00  0.000000e+00  0.000000e+00  0.000000e+00  0.000000e+00  0.000000e+00  0.000000e+00  0.000000e+00  0.000000e+00  0.000000e+00  0.000000e+00  0.000000e+00  4.500000e-03  8.800000e-03  1.110000e-02
5.957091e-03  0.000000e+00  0.000000e+00  0.000000e+00  0.000000e+00  0.000000e+00  0.000000e+00  0.000000e+00  5.000000e-03  0.000000e+00  0.000000e+00  0.000000e+00  0.000000e+00  0.000000e+00  4.600000e-03  9.400000e-03  8.400000e-03
6.333973e-03  0.000000e+00  0.000000e+00  0.000000e+00  0.000000e+00  0.000000e+00  0.000000e+00  0.000000e+00  9.500000e-03  0.000000e+00  0.000000e+00  0.000000e+00  0.000000e+00  0.000000e+00  6.600000e-03  7.500000e-03  9.500000e-03
6.734700e-03  0.000000e+00  0.000000e+00  0.000000e+00  0.000000e+00  0.000000e+00  0.000000e+00  0.000000e+00  1.050000e-02  0.000000e+00  0.000000e+00  0.000000e+00  0.000000e+00  0.000000e+00  6.400000e-03  8.600000e-03  1.050000e-02
7.160778e-03  0.000000e+00  0.000000e+00  0.000000e+00  0.000000e+00  0.000000e+00  0.000000e+00  0.000000e+00  1.010000e-02  0.000000e+00  0.000000e+00  0.000000e+00  0.000000e+00  0.000000e+00  5.300000e-03  1.050000e-02  1.010000e-02
7.613813e-03  0.000000e+00  0.000000e+00  0.000000e+00  0.000000e+00  0.000000e+00  0.000000e+00  0.000000e+00  1.040000e-02  0.000000e+00  0.000000e+00  0.000000e+00  0.000000e+00  0.000000e+00  7.000000e-03  8.200000e-03  1.040000e-02
8.095510e-03  0.000000e+00  0.000000e+00  0.000000e+00  0.000000e+00  0.000000e+00  0.000000e+00  1.600000e-03  9.900000e-03  0.000000e+00  0.000000e+00  0.000000e+00  0.000000e+00  0.000000e+00  6.000000e-03  8.300000e-03  9.900000e-03
8.607682e-03  0.000000e+00  0.000000e+00  0.000000e+00  0.000000e+00  0.000000e+00  0.000000e+00  9.700000e-03  1.200000e-02  0.000000e+00  0.000000e+00  0.000000e+00  0.000000e+00  0.000000e+00  6.500000e-03  9.700000e-03  1.200000e-02
9.152257e-03  0.000000e+00  0.000000e+00  0.000000e+00  0.000000e+00  0.000000e+00  0.000000e+00  1.160000e-02  1.030000e-02  0.000000e+00  0.000000e+00  0.000000e+00  0.000000e+00  0.000000e+00  8.100000e-03  1.160000e-02  1.030000e-02
9.731286e-03  0.000000e+00  0.000000e+00  0.000000e+00  0.000000e+00  0.000000e+00  0.000000e+00  1.120000e-02  1.140000e-02  0.000000e+00  0.000000e+00  0.000000e+00  0.000000e+00  0.000000e+00  6.300000e-03  1.120000e-02  1.140000e-02
1.034695e-02  0.000000e+00  0.000000e+00  0.000000e+00  0.000000e+00  0.000000e+00  0.000000e+00  1.010000e-02  1.130000e-02  0.000000e+00  0.000000e+00  0.000000e+00  0.000000e+00  0.000000e+00  6.300000e-03  1.010000e-02  1.130000e-02
1.100156e-02  0.000000e+00  0.000000e+00  0.000000e+00  0.000000e+00  0.000000e+00  0.000000e+00  1.340000e-02  1.190000e-02  0.000000e+00  0.000000e+00  0.000000e+00  0.000000e+00  0.000000e+00  8.900000e-03  1.340000e-02  1.190000e-02
1.169759e-02  0.000000e+00  0.000000e+00  0.000000e+00  0.000000e+00  0.000000e+00  0.000000e+00  1.120000e-02  1.360000e-02  0.000000e+00  0.000000e+00  0.000000e+00  0.000000e+00  0.000000e+00  7.200000e-03  1.120000e-02  1.360000e-02
1.243765e-02  0.000000e+00  0.000000e+00  0.000000e+00  0.000000e+00  0.000000e+00  0.000000e+00  1.220000e-02  1.210000e-02  0.000000e+00  0.000000e+00  0.000000e+00  0.000000e+00  3.500000e-03  7.900000e-03  1.220000e-02  1.210000e-02
1.322453e-02  0.000000e+00  0.000000e+00  0.000000e+00  0.000000e+00  0.000000e+00  0.000000e+00  1.350000e-02  1.350000e-02  0.000000e+00  0.000000e+00  0.000000e+00  0.000000e+00  5.500000e-03  8.800000e-03  1.350000e-02  1.350000e-02
1.406119e-02  0.000000e+00  0.000000e+00  0.000000e+00  0.000000e+00  0.000000e+00  0.000000e+00  1.170000e-02  1.410000e-02  0.000000e+00  0.000000e+00  0.000000e+00  0.000000e+00  5.200000e-03  8.900000e-03  1.170000e-02  1.410000e-02
1.495079e-02  0.000000e+00  0.000000e+00  0.000000e+00  0.000000e+00  0.000000e+00  0.000000e+00  1.280000e-02  1.420000e-02  0.000000e+00  0.000000e+00  0.000000e+00  0.000000e+00  6.100000e-03  8.100000e-03  1.280000e-02  1.420000e-02
1.589667e-02  0.000000e+00  0.000000e+00  0.000000e+00  0.000000e+00  0.000000e+00  0.000000e+00  1.240000e-02  1.560000e-02  0.000000e+00  0.000000e+00  0.000000e+00  0.000000e+00  6.500000e-03  9.400000e-03  1.240000e-02  1.560000e-02
1.690239e-02  0.000000e+00  0.000000e+00  0.000000e+00  0.000000e+00  0.000000e+00  2.000000e-03  1.350000e-02  1.580000e-02  0.000000e+00  0.000000e+00  0.000000e+00  0.000000e+00  6.600000e-03  9.700000e-03  1.350000e-02  1.580000e-02
1.797174e-02  0.000000e+00  0.000000e+00  0.000000e+00  0.000000e+00  0.000000e+00  1.050000e-02  1.500000e-02  1.700000e-02  0.000000e+00  0.000000e+00  0.000000e+00  0.000000e+00  7.500000e-03  1.050000e-02  1.500000e-02  1.700000e-02
1.910875e-02  0.000000e+00  0.000000e+00  0.000000e+00  0.000000e+00  0.000000e+00  8.200000e-03  1.330000e-02  1.690000e-02  0.000000e+00  0.000000e+00  0.000000e+00  0.000000e+00  7.300000e-03  8.200000e-03  1.330000e-02  1.690000e-02
2.031768e-02  0.000000e+00  0.000000e+00  0.000000e+00  0.000000e+00  0.000000e+00  9.000000e-03  1.540000e-02  1.630000e-02  0.000000e+00  0.000000e+00  0.000000e+00  0.000000e+00  7.900000e-03  9.000000e-03  1.540000e-02  1.630000e-02
2.160311e-02  0.000000e+00  0.000000e+00  0.000000e+00  0.000000e+00  0.000000e+00  1.060000e-02  1.580000e-02  1.830000e-02  0.000000e+00  0.000000e+00  0.000000e+00  0.000000e+00  6.600000e-03  1.060000e-02  1.580000e-02  1.830000e-02
2.296985e-02  0.000000e+00  0.000000e+00  0.000000e+00  0.000000e+00  0.000000e+00  9.900000e-03  1.510000e-02  1.610000e-02  0.000000e+00  0.000000e+00  0.000000e+00  0.000000e+00  7.200000e-03  9.900000e-03  1.510000e-02  1.610000e-02
2.442307e-02  0.000000e+00  0.000000e+00  0.000000e+00  0.000000e+00  0.000000e+00  1.010000e-02  1.710000e-02  1.590000e-02  0.000000e+00  0.000000e+00  0.000000e+00  0.000000e+00  6.500000e-03  1.010000e-02  1.710000e-02  1.590000e-02
2.596822e-02  0.000000e+00  0.000000e+00  0.000000e+00  0.000000e+00  0.000000e+00  1.230000e-02  1.530000e-02  1.960000e-02  0.000000e+00  0.000000e+00  0.000000e+00  0.000000e+00  6.700000e-03  1.230000e-02  1.530000e-02  1.960000e-02
2.761113e-02  0.000000e+00  0.000000e+00  0.000000e+00  0.000000e+00  0.000000e+00  1.090000e-02  1.780000e-02  1.860000e-02  0.000000e+00  0.000000e+00  0.000000e+00  0.000000e+00  7.600000e-03  1.090000e-02  1.780000e-02  1.860000e-02
2.935798e-02  0.000000e+00  0.000000e+00  0.000000e+00  0.000000e+00  0.000000e+00  1.050000e-02  1.750000e-02  2.080000e-02  0.000000e+00  0.000000e+00  0.000000e+00  0.000000e+00  7.900000e-03  1.050000e-02  1.750000e-02  2.080000e-02
3.121535e-02  0.000000e+00  0.000000e+00  0.000000e+00  0.000000e+00  0.000000e+00  1.040000e-02  2.100000e-02  1.660000e-02  0.000000e+00  0.000000e+00  0.000000e+00  0.000000e+00  8.400000e-03  1.040000e-02  2.100000e-02  1.660000e-02
3.319023e-02  0.000000e+00  0.000000e+00  0.000000e+00  0.000000e+00  0.000000e+00  1.070000e-02  2.180000e-02  1.950000e-02  0.000000e+00  0.000000e+00  0.000000e+00  0.000000e+00  7.700000e-03  1.070000e-02  2.180000e-02  1.950000e-02
3.529004e-02  0.000000e+00  0.000000e+00  0.000000e+00  0.000000e+00  0.000000e+00  1.180000e-02  2.390000e-02  1.850000e-02  0.000000e+00  0.000000e+00  0.000000e+00  0.000000e+00  8.100000e-03  1.180000e-02  2.390000e-02  1.850000e-02
3.752271e-02  0.000000e+00  0.000000e+00  0.000000e+00  0.000000e+00  0.000000e+00  1.170000e-02  2.050000e-02  1.870000e-02  0.000000e+00  0.000000e+00  0.000000e+00  0.000000e+00  9.900000e-03  1.170000e-02  2.050000e-02  1.870000e-02
3.989663e-02  0.000000e+00  0.000000e+00  0.000000e+00  0.000000e+00  6.000000e-03  1.230000e-02  2.350000e-02  2.140000e-02  0.000000e+00  0.000000e+00  0.000000e+00  0.000000e+00  8.300000e-03  1.230000e-02  2.350000e-02  2.140000e-02
4.242074e-02  0.000000e+00  0.000000e+00  0.000000e+00  0.000000e+00  8.600000e-03  1.210000e-02  2.110000e-02  1.990000e-02  0.000000e+00  0.000000e+00  0.000000e+00  0.000000e+00  8.600000e-03  1.210000e-02  2.110000e-02  1.990000e-02
4.510453e-02  0.000000e+00  0.000000e+00  0.000000e+00  0.000000e+00  1.040000e-02  1.010000e-02  2.140000e-02  1.960000e-02  0.000000e+00  0.000000e+00  0.000000e+00  0.000000e+00  1.040000e-02  1.010000e-02  2.140000e-02  1.960000e-02
4.795813e-02  0.000000e+00  0.000000e+00  0.000000e+00  0.000000e+00  9.600000e-03  1.460000e-02  2.170000e-02  1.710000e-02  0.000000e+00  0.000000e+00  0.000000e+00  0.000000e+00  9.600000e-03  1.460000e-02  2.170000e-02  1.710000e-02
5.099225e-02  0.000000e+00  0.000000e+00  0.000000e+00  0.000000e+00  9.900000e-03  1.380000e-02  1.920000e-02  2.070000e-02  0.000000e+00  0.000000e+00  0.000000e+00  0.000000e+00  9.900000e-03  1.380000e-02  1.920000e-02  2.070000e-02
5.421834e-02  0.000000e+00  0.000000e+00  0.000000e+00  0.000000e+00  1.120000e-02  1.270000e-02  1.810000e-02  1.860000e-02  0.000000e+00  0.000000e+00  0.000000e+00  0.000000e+00  1.120000e-02  1.270000e-02  1.810000e-02  1.860000e-02
5.764852e-02  0.000000e+00  0.000000e+00  0.000000e+00  0.000000e+00  9.400000e-03  1.690000e-02  1.860000e-02  1.850000e-02  0.000000e+00  0.000000e+00  0.000000e+00  0.000000e+00  9.400000e-03  1.690000e-02  1.860000e-02  1.850000e-02
6.129573e-02  0.000000e+00  0.000000e+00  0.000000e+00  0.000000e+00  1.180000e-02  1.210000e-02  2.380000e-02  1.780000e-02  0.000000e+00  0.000000e+00  0.000000e+00  0.000000e+00  1.180000e-02  1.210000e-02  2.380000e-02  1.780000e-02
6.517367e-02  0.000000e+00  0.000000e+00  0.000000e+00  0.000000e+00  1.020000e-02  1.520000e-02  1.870000e-02  1.970000e-02  0.000000e+00  0.000000e+00  0.000000e+00  2.400000e-03  1.020000e-02  1.520000e-02  1.870000e-02  1.970000e-02
6.929696e-02  0.000000e+00  0.000000e+00  0.000000e+00  0.000000e+00  1.050000e-02  1.560000e-02  2.030000e-02  1.540000e-02  0.000000e+00  0.000000e+00  0.000000e+00  5.500000e-03  1.050000e-02  1.560000e-02  2.030000e-02  1.540000e-02
7.368111e-02  0.000000e+00  0.000000e+00  0.000000e+00  0.000000e+00  9.400000e-03  1.690000e-02  1.710000e-02  1.280000e-02  0.000000e+00  0.000000e+00  0.000000e+00  4.800000e-03  9.400000e-03  1.690000e-02  1.710000e-02  1.280000e-02
7.834264e-02  0.000000e+00  0.000000e+00  0.000000e+00  0.000000e+00  1.200000e-02  1.690000e-02  1.570000e-02  1.380000e-02  0.000000e+00  0.000000e+00  0.000000e+00  5.600000e-03  1.200000e-02  1.690000e-02  1.570000e-02  1.380000e-02
8.329908e-02  0.000000e+00  0.000000e+00  0.000000e+00  0.000000e+00  1.120000e-02  1.620000e-02  1.780000e-02  1.330000e-02  0.000000e+00  0.000000e+00  0.000000e+00  6.400000e-03  1.120000e-02  1.620000e-02  1.780000e-02  1.330000e-02
8.856909e-02  0.000000e+00  0.000000e+00  0.000000e+00  0.000000e+00  1.090000e-02  1.760000e-02  1.500000e-02  7.400000e-03  0.000000e+00  0.000000e+00  0.000000e+00  7.900000e-03  1.090000e-02  1.760000e-02  1.500000e-02  1.400000e-02
9.417252e-02  0.000000e+00  0.000000e+00  0.000000e+00  0.000000e+00  1.150000e-02  1.860000e-02  1.420000e-02  0.000000e+00  0.000000e+00  0.000000e+00  0.000000e+00  7.300000e-03  1.150000e-02  1.860000e-02  1.420000e-02  1.230000e-02
1.001305e-01  0.000000e+00  0.000000e+00  0.000000e+00  0.000000e+00  1.380000e-02  2.000000e-02  1.550000e-02  0.000000e+00  0.000000e+00  0.000000e+00  0.000000e+00  7.500000e-03  1.380000e-02  2.000000e-02  1.550000e-02  1.180000e-02
1.064653e-01  0.000000e+00  0.000000e+00  0.000000e+00  0.000000e+00  1.290000e-02  1.860000e-02  3.900000e-03  0.000000e+00  0.000000e+00  0.000000e+00  0.000000e+00  7.800000e-03  1.290000e-02  1.860000e-02  1.220000e-02  1.050000e-02
1.132010e-01  0.000000e+00  0.000000e+00  0.000000e+00  0.000000e+00  1.560000e-02  1.720000e-02  0.000000e+00  0.000000e+00  0.000000e+00  0.000000e+00  0.000000e+00  8.800000e-03  1.560000e-02  1.720000e-02  1.130000e-02  9.700000e-03
1.203628e-01  0.000000e+00  0.000000e+00  0.000000e+00  0.000000e+00  1.380000e-02  1.970000e-02  0.000000e+00  0.000000e+00  0.000000e+00  0.000000e+00  0.000000e+00  8.100000e-03  1.380000e-02  1.970000e-02  1.100000e-02  9.900000e-03
1.279777e-01  0.000000e+00  0.000000e+00  0.000000e+00  0.000000e+00  1.160000e-02  1.740000e-02  0.000000e+00  0.000000e+00  0.000000e+00  0.000000e+00  0.000000e+00  8.600000e-03  1.160000e-02  1.740000e-02  1.080000e-02  8.500000e-03
1.360743e-01  0.000000e+00  0.000000e+00  0.000000e+00  0.000000e+00  1.220000e-02  1.860000e-02  0.000000e+00  0.000000e+00  0.000000e+00  0.000000e+00  0.000000e+00  7.800000e-03  1.220000e-02  1.860000e-02  9.100000e-03  9.300000e-03
1.446832e-01  0.000000e+00  0.000000e+00  0.000000e+00  0.000000e+00  1.410000e-02  1.830000e-02  0.000000e+00  0.000000e+00  0.000000e+00  0.000000e+00  0.000000e+00  8.700000e-03  1.410000e-02  1.830000e-02  8.900000e-03  7.400000e-03
1.538368e-01  0.000000e+00  0.000000e+00  0.000000e+00  0.000000e+00  1.570000e-02  1.760000e-02  0.000000e+00  0.000000e+00  0.000000e+00  0.000000e+00  0.000000e+00  8.500000e-03  1.570000e-02  1.760000e-02  8.100000e-03  7.200000e-03
1.635694e-01  0.000000e+00  0.000000e+00  0.000000e+00  0.000000e+00  1.400000e-02  1.780000e-02  0.000000e+00  0.000000e+00  0.000000e+00  0.000000e+00  0.000000e+00  9.100000e-03  1.400000e-02  1.780000e-02  6.900000e-03  5.800000e-03
1.739179e-01  0.000000e+00  0.000000e+00  0.000000e+00  0.000000e+00  1.470000e-02  1.750000e-02  0.000000e+00  0.000000e+00  0.000000e+00  0.000000e+00  0.000000e+00  8.100000e-03  1.470000e-02  1.750000e-02  6.600000e-03  5.700000e-03
1.849210e-01  0.000000e+00  0.000000e+00  0.000000e+00  0.000000e+00  1.550000e-02  1.780000e-02  0.000000e+00  0.000000e+00  0.000000e+00  0.000000e+00  0.000000e+00  1.040000e-02  1.550000e-02  1.780000e-02  6.900000e-03  5.400000e-03
1.966202e-01  0.000000e+00  0.000000e+00  0.000000e+00  8.700000e-03  1.880000e-02  1.850000e-02  0.000000e+00  0.000000e+00  0.000000e+00  0.000000e+00  0.000000e+00  1.040000e-02  1.880000e-02  1.850000e-02  5.800000e-03  4.900000e-03
2.090596e-01  0.000000e+00  0.000000e+00  0.000000e+00  1.090000e-02  1.420000e-02  1.460000e-02  0.000000e+00  0.000000e+00  0.000000e+00  0.000000e+00  0.000000e+00  1.090000e-02  1.420000e-02  1.460000e-02  5.600000e-03  3.600000e-03
2.222860e-01  0.000000e+00  0.000000e+00  0.000000e+00  1.050000e-02  1.550000e-02  1.410000e-02  0.000000e+00  0.000000e+00  0.000000e+00  0.000000e+00  0.000000e+00  1.050000e-02  1.550000e-02  1.410000e-02  4.700000e-03  3.000000e-03
2.363492e-01  0.000000e+00  0.000000e+00  0.000000e+00  9.600000e-03  1.820000e-02  1.710000e-02  0.000000e+00  0.000000e+00  0.000000e+00  0.000000e+00  0.000000e+00  9.600000e-03  1.820000e-02  1.710000e-02  3.500000e-03  4.000000e-03
2.513021e-01  0.000000e+00  0.000000e+00  0.000000e+00  1.160000e-02  1.810000e-02  1.390000e-02  0.000000e+00  0.000000e+00  0.000000e+00  0.000000e+00  3.700000e-03  1.160000e-02  1.810000e-02  1.390000e-02  5.700000e-03  3.100000e-03
2.672011e-01  0.000000e+00  0.000000e+00  0.000000e+00  1.260000e-02  1.690000e-02  1.180000e-02  0.000000e+00  0.000000e+00  0.000000e+00  0.000000e+00  6.800000e-03  1.260000e-02  1.690000e-02  1.180000e-02  4.800000e-03  3.000000e-03
2.841058e-01  0.000000e+00  0.000000e+00  0.000000e+00  1.430000e-02  1.750000e-02  1.440000e-02  0.000000e+00  0.000000e+00  0.000000e+00  0.000000e+00  8.500000e-03  1.430000e-02  1.750000e-02  1.440000e-02  3.600000e-03  3.000000e-03
3.020801e-01  0.000000e+00  0.000000e+00  0.000000e+00  1.130000e-02  1.950000e-02  1.050000e-02  0.000000e+00  0.000000e+00  0.000000e+00  0.000000e+00  7.200000e-03  1.130000e-02  1.950000e-02  1.050000e-02  3.200000e-03  3.000000e-04
3.211916e-01  0.000000e+00  0.000000e+00  0.000000e+00  1.270000e-02  1.550000e-02  4.400000e-03  0.000000e+00  0.000000e+00  0.000000e+00  0.000000e+00  8.700000e-03  1.270000e-02  1.550000e-02  1.350000e-02  2.400000e-03  0.000000e+00
3.415121e-01  0.000000e+00  0.000000e+00  0.000000e+00  1.280000e-02  1.820000e-02  0.000000e+00  0.000000e+00  0.000000e+00  0.000000e+00  0.000000e+00  8.500000e-03  1.280000e-02  1.820000e-02  1.000000e-02  2.900000e-03  0.000000e+00
3.631183e-01  0.000000e+00  0.000000e+00  0.000000e+00  1.370000e-02  1.610000e-02  0.000000e+00  0.000000e+00  0.000000e+00  0.000000e+00  0.000000e+00  9.300000e-03  1.370000e-02  1.610000e-02  9.800000e-03  3.800000e-03  0.000000e+00
3.860914e-01  0.000000e+00  0.000000e+00  0.000000e+00  1.180000e-02  1.710000e-02  0.000000e+00  0.000000e+00  0.000000e+00  0.000000e+00  0.000000e+00  8.700000e-03  1.180000e-02  1.710000e-02  9.800000e-03  1.100000e-03  0.000000e+00
4.105180e-01  0.000000e+00  0.000000e+00  0.000000e+00  1.420000e-02  1.900000e-02  0.000000e+00  0.000000e+00  0.000000e+00  0.000000e+00  0.000000e+00  1.070000e-02  1.420000e-02  1.900000e-02  9.900000e-03  0.000000e+00  0.000000e+00
4.364899e-01  0.000000e+00  0.000000e+00  0.000000e+00  1.500000e-02  1.640000e-02  0.000000e+00  0.000000e+00  0.000000e+00  0.000000e+00  0.000000e+00  9.000000e-03  1.500000e-02  1.640000e-02  7.600000e-03  0.000000e+00  0.000000e+00
4.641049e-01  0.000000e+00  0.000000e+00  0.000000e+00  1.600000e-02  1.640000e-02  0.000000e+00  0.000000e+00  0.000000e+00  0.000000e+00  0.000000e+00  1.070000e-02  1.600000e-02  1.640000e-02  7.100000e-03  0.000000e+00  0.000000e+00
4.934670e-01  0.000000e+00  0.000000e+00  0.000000e+00  1.510000e-02  1.960000e-02  0.000000e+00  0.000000e+00  0.000000e+00  0.000000e+00  3.900000e-03  1.090000e-02  1.510000e-02  1.960000e-02  6.900000e-03  0.000000e+00  0.000000e+00
5.246868e-01  0.000000e+00  0.000000e+00  0.000000e+00  1.720000e-02  1.590000e-02  0.000000e+00  0.000000e+00  0.000000e+00  0.000000e+00  6.400000e-03  1.100000e-02  1.720000e-02  1.590000e-02  6.300000e-03  0.000000e+00  0.000000e+00
5.578817e-01  0.000000e+00  0.000000e+00  0.000000e+00  1.520000e-02  1.360000e-02  0.000000e+00  0.000000e+00  0.000000e+00  0.000000e+00  8.100000e-03  1.160000e-02  1.520000e-02  1.360000e-02  6.000000e-03  0.000000e+00  0.000000e+00
5.931768e-01  0.000000e+00  0.000000e+00  2.300000e-03  1.720000e-02  1.370000e-02  0.000000e+00  0.000000e+00  0.000000e+00  0.000000e+00  9.700000e-03  1.200000e-02  1.720000e-02  1.370000e-02  6.300000e-03  0.000000e+00  0.000000e+00
6.307048e-01  0.000000e+00  0.000000e+00  1.220000e-02  1.720000e-02  1.330000e-02  0.000000e+00  0.000000e+00  0.000000e+00  0.000000e+00  9.400000e-03  1.220000e-02  1.720000e-02  1.330000e-02  5.900000e-03  0.000000e+00  0.000000e+00
6.706071e-01  0.000000e+00  0.000000e+00  1.160000e-02  1.690000e-02  1.390000e-02  0.000000e+00  0.000000e+00  0.000000e+00  0.000000e+00  8.900000e-03  1.160000e-02  1.690000e-02  1.390000e-02  3.500000e-03  0.000000e+00  0.000000e+00
7.130338e-01  0.000000e+00  0.000000e+00  1.320000e-02  2.110000e-02  1.320000e-02  0.000000e+00  0.000000e+00  0.000000e+00  0.000000e+00  1.080000e-02  1.320000e-02  2.110000e-02  1.320000e-02  3.300000e-03  0.000000e+00  0.000000e+00
7.581448e-01  0.000000e+00  0.000000e+00  1.380000e-02  1.900000e-02  1.140000e-02  0.000000e+00  0.000000e+00  0.000000e+00  0.000000e+00  1.130000e-02  1.380000e-02  1.900000e-02  1.140000e-02  3.400000e-03  0.000000e+00  0.000000e+00
8.061097e-01  0.000000e+00  0.000000e+00  1.230000e-02  2.120000e-02  1.500000e-03  0.000000e+00  0.000000e+00  0.000000e+00  0.000000e+00  1.330000e-02  1.230000e-02  2.120000e-02  1.190000e-02  5.100000e-03  0.000000e+00  0.000000e+00
8.571092e-01  0.000000e+00  0.000000e+00  1.760000e-02  2.160000e-02  0.000000e+00  0.000000e+00  0.000000e+00  0.000000e+00  0.000000e+00  1.170000e-02  1.760000e-02  2.160000e-02  1.130000e-02  4.300000e-03  0.000000e+00  0.000000e+00
9.113352e-01  0.000000e+00  0.000000e+00  1.820000e-02  1.720000e-02  0.000000e+00  0.000000e+00  0.000000e+00  0.000000e+00  0.000000e+00  1.390000e-02  1.820000e-02  1.720000e-02  1.070000e-02  3.000000e-03  0.000000e+00  0.000000e+00
9.689919e-01  0.000000e+00  0.000000e+00  1.900000e-02  1.940000e-02  0.000000e+00  0.000000e+00  0.000000e+00  0.000000e+00  0.000000e+00  1.140000e-02  1.900000e-02  1.940000e-02  1.060000e-02  3.400000e-03  0.000000e+00  0.000000e+00
1.030296e+00  0.000000e+00  0.000000e+00  1.880000e-02  2.130000e-02  0.000000e+00  0.000000e+00  0.000000e+00  0.000000e+00  0.000000e+00  1.340000e-02  1.880000e-02  2.130000e-02  8.800000e-03  3.000000e-03  0.000000e+00  0.000000e+00
1.095479e+00  0.000000e+00  1.210000e-02  1.980000e-02  1.950000e-02  0.000000e+00  0.000000e+00  0.000000e+00  0.000000e+00  0.000000e+00  1.490000e-02  1.980000e-02  1.950000e-02  6.700000e-03  2.600000e-03  0.000000e+00  0.000000e+00
1.164786e+00  0.000000e+00  1.560000e-02  1.880000e-02  2.260000e-02  0.000000e+00  0.000000e+00  0.000000e+00  0.000000e+00  0.000000e+00  1.560000e-02  1.880000e-02  2.260000e-02  8.300000e-03  3.000000e-03  0.000000e+00  0.000000e+00
1.238478e+00  0.000000e+00  1.470000e-02  2.220000e-02  2.020000e-02  0.000000e+00  0.000000e+00  0.000000e+00  0.000000e+00  0.000000e+00  1.470000e-02  2.220000e-02  2.020000e-02  7.800000e-03  2.100000e-03  0.000000e+00  0.000000e+00
1.316831e+00  0.000000e+00  1.810000e-02  2.180000e-02  2.130000e-02  0.000000e+00  0.000000e+00  0.000000e+00  0.000000e+00  0.000000e+00  1.810000e-02  2.180000e-02  2.130000e-02  6.000000e-03  1.800000e-03  0.000000e+00  0.000000e+00
1.400142e+00  0.000000e+00  1.670000e-02  2.290000e-02  2.070000e-02  0.000000e+00  0.000000e+00  0.000000e+00  0.000000e+00  0.000000e+00  1.670000e-02  2.290000e-02  2.070000e-02  6.100000e-03  1.800000e-03  0.000000e+00  0.000000e+00
1.488724e+00  0.000000e+00  2.000000e-02  2.360000e-02  2.270000e-02  0.000000e+00  0.000000e+00  0.000000e+00  0.000000e+00  2.800000e-03  2.000000e-02  2.360000e-02  2.270000e-02  5.200000e-03  0.000000e+00  0.000000e+00  0.000000e+00
1.582910e+00  0.000000e+00  2.180000e-02  2.500000e-02  1.790000e-02  0.000000e+00  0.000000e+00  0.000000e+00  0.000000e+00  9.200000e-03  2.180000e-02  2.500000e-02  1.790000e-02  6.500000e-03  0.000000e+00  0.000000e+00  0.000000e+00
1.683054e+00  0.000000e+00  2.570000e-02  2.330000e-02  2.080000e-02  0.000000e+00  0.000000e+00  0.000000e+00  0.000000e+00  9.900000e-03  2.570000e-02  2.330000e-02  2.080000e-02  4.500000e-03  0.000000e+00  0.000000e+00  0.000000e+00
1.789535e+00  0.000000e+00  2.490000e-02  2.910000e-02  2.050000e-02  0.000000e+00  0.000000e+00  0.000000e+00  0.000000e+00  1.090000e-02  2.490000e-02  2.910000e-02  2.050000e-02  4.800000e-03  0.000000e+00  0.000000e+00  0.000000e+00
1.902752e+00  0.000000e+00  2.360000e-02  2.560000e-02  1.920000e-02  0.000000e+00  0.000000e+00  0.000000e+00  0.000000e+00  1.490000e-02  2.360000e-02  2.560000e-02  1.920000e-02  4.800000e-03  0.000000e+00  0.000000e+00  0.000000e+00
2.023132e+00  0.000000e+00  2.560000e-02  2.630000e-02  1.640000e-02  0.000000e+00  0.000000e+00  0.000000e+00  0.000000e+00  1.310000e-02  2.560000e-02  2.630000e-02  1.640000e-02  4.000000e-03  0.000000e+00  0.000000e+00  0.000000e+00
2.151127e+00  0.000000e+00  2.680000e-02  2.650000e-02  1.800000e-02  0.000000e+00  0.000000e+00  0.000000e+00  0.000000e+00  1.810000e-02  2.680000e-02  2.650000e-02  1.800000e-02  3.800000e-03  0.000000e+00  0.000000e+00  0.000000e+00
2.287221e+00  0.000000e+00  2.410000e-02  2.870000e-02  1.490000e-02  0.000000e+00  0.000000e+00  0.000000e+00  0.000000e+00  1.730000e-02  2.410000e-02  2.870000e-02  1.790000e-02  3.500000e-03  0.000000e+00  0.000000e+00  0.000000e+00
2.431925e+00  0.000000e+00  2.500000e-02  2.420000e-02  0.000000e+00  0.000000e+00  0.000000e+00  0.000000e+00  0.000000e+00  1.870000e-02  2.500000e-02  2.420000e-02  1.510000e-02  3.900000e-03  0.000000e+00  0.000000e+00  0.000000e+00
2.585783e+00  0.000000e+00  2.650000e-02  2.450000e-02  0.000000e+00  0.000000e+00  0.000000e+00  0.000000e+00  0.000000e+00  1.950000e-02  2.650000e-02  2.450000e-02  1.450000e-02  3.300000e-03  0.000000e+00  0.000000e+00  0.000000e+00
2.749376e+00  2.210000e-02  2.850000e-02  2.310000e-02  0.000000e+00  0.000000e+00  0.000000e+00  0.000000e+00  0.000000e+00  2.270000e-02  2.850000e-02  2.310000e-02  1.560000e-02  2.600000e-03  0.000000e+00  0.000000e+00  0.000000e+00
2.923318e+00  2.510000e-02  2.920000e-02  2.330000e-02  0.000000e+00  0.000000e+00  0.000000e+00  0.000000e+00  0.000000e+00  2.510000e-02  2.920000e-02  2.330000e-02  1.150000e-02  1.400000e-03  0.000000e+00  0.000000e+00  0.000000e+00
3.108266e+00  2.290000e-02  2.900000e-02  2.540000e-02  0.000000e+00  0.000000e+00  0.000000e+00  0.000000e+00  0.000000e+00  2.290000e-02  2.900000e-02  2.540000e-02  1.050000e-02  0.000000e+00  0.000000e+00  0.000000e+00  0.000000e+00
3.304914e+00  2.380000e-02  2.610000e-02  2.350000e-02  0.000000e+00  0.000000e+00  0.000000e+00  0.000000e+00  0.000000e+00  2.380000e-02  2.610000e-02  2.350000e-02  1.180000e-02  0.000000e+00  0.000000e+00  0.000000e+00  0.000000e+00
3.514003e+00  2.940000e-02  3.160000e-02  2.320000e-02  0.000000e+00  0.000000e+00  0.000000e+00  0.000000e+00  0.000000e+00  2.940000e-02  3.160000e-02  2.320000e-02  1.140000e-02  0.000000e+00  0.000000e+00  0.000000e+00  0.000000e+00
3.736320e+00  2.630000e-02  3.060000e-02  2.300000e-02  0.000000e+00  0.000000e+00  0.000000e+00  0.000000e+00  0.000000e+00  2.630000e-02  3.060000e-02  2.300000e-02  9.000000e-03  0.000000e+00  0.000000e+00  0.000000e+00  0.000000e+00
3.972703e+00  2.550000e-02  2.500000e-02  2.100000e-02  0.000000e+00  0.000000e+00  0.000000e+00  0.000000e+00  0.000000e+00  2.550000e-02  2.500000e-02  2.100000e-02  8.900000e-03  0.000000e+00  0.000000e+00  0.000000e+00  0.000000e+00
4.224041e+00  2.630000e-02  2.850000e-02  1.620000e-02  0.000000e+00  0.000000e+00  0.000000e+00  0.000000e+00  0.000000e+00  2.630000e-02  2.850000e-02  2.080000e-02  7.400000e-03  0.000000e+00  0.000000e+00  0.000000e+00  0.000000e+00
4.491280e+00  2.770000e-02  2.600000e-02  0.000000e+00  0.000000e+00  0.000000e+00  0.000000e+00  0.000000e+00  0.000000e+00  2.770000e-02  2.600000e-02  2.110000e-02  7.100000e-03  0.000000e+00  0.000000e+00  0.000000e+00  0.000000e+00
4.775426e+00  2.620000e-02  2.720000e-02  0.000000e+00  0.000000e+00  0.000000e+00  0.000000e+00  0.000000e+00  0.000000e+00  2.620000e-02  2.720000e-02  1.830000e-02  5.200000e-03  0.000000e+00  0.000000e+00  0.000000e+00  0.000000e+00
5.077549e+00  2.750000e-02  2.380000e-02  0.000000e+00  0.000000e+00  0.000000e+00  0.000000e+00  0.000000e+00  0.000000e+00  2.750000e-02  2.380000e-02  1.930000e-02  4.000000e-03  0.000000e+00  0.000000e+00  0.000000e+00  0.000000e+00
5.398786e+00  2.560000e-02  2.490000e-02  0.000000e+00  0.000000e+00  0.000000e+00  0.000000e+00  0.000000e+00  0.000000e+00  2.560000e-02  2.490000e-02  1.840000e-02  0.000000e+00  0.000000e+00  0.000000e+00  0.000000e+00  0.000000e+00
5.740346e+00  2.770000e-02  2.530000e-02  0.000000e+00  0.000000e+00  0.000000e+00  0.000000e+00  0.000000e+00  0.000000e+00  2.770000e-02  2.530000e-02  1.540000e-02  0.000000e+00  0.000000e+00  0.000000e+00  0.000000e+00  0.000000e+00
6.103516e+00  2.670000e-02  3.100000e-03  0.000000e+00  0.000000e+00  0.000000e+00  0.000000e+00  0.000000e+00  0.000000e+00  2.670000e-02  2.410000e-02  1.230000e-02  0.000000e+00  0.000000e+00  0.000000e+00  0.000000e+00  0.000000e+00
6.489662e+00  2.790000e-02  0.000000e+00  0.000000e+00  0.000000e+00  0.000000e+00  0.000000e+00  0.000000e+00  0.000000e+00  2.790000e-02  2.260000e-02  1.130000e-02  0.000000e+00  0.000000e+00  0.000000e+00  0.000000e+00  0.000000e+00
6.900238e+00  3.250000e-02  0.000000e+00  0.000000e+00  0.000000e+00  0.000000e+00  0.000000e+00  0.000000e+00  0.000000e+00  3.250000e-02  2.190000e-02  9.300000e-03  0.000000e+00  0.000000e+00  0.000000e+00  0.000000e+00  0.000000e+00
7.336790e+00  3.010000e-02  0.000000e+00  0.000000e+00  0.000000e+00  0.000000e+00  0.000000e+00  0.000000e+00  0.000000e+00  3.010000e-02  2.080000e-02  5.000000e-03  0.000000e+00  0.000000e+00  0.000000e+00  0.000000e+00  0.000000e+00
7.800961e+00  3.090000e-02  0.000000e+00  0.000000e+00  0.000000e+00  0.000000e+00  0.000000e+00  0.000000e+00  0.000000e+00  3.090000e-02  1.790000e-02  0.000000e+00  0.000000e+00  0.000000e+00  0.000000e+00  0.000000e+00  0.000000e+00
8.294498e+00  3.380000e-02  0.000000e+00  0.000000e+00  0.000000e+00  0.000000e+00  0.000000e+00  0.000000e+00  0.000000e+00  3.380000e-02  1.300000e-02  0.000000e+00  0.000000e+00  0.000000e+00  0.000000e+00  0.000000e+00  0.000000e+00
8.819259e+00  3.700000e-02  0.000000e+00  0.000000e+00  0.000000e+00  0.000000e+00  0.000000e+00  0.000000e+00  0.000000e+00  3.700000e-02  1.070000e-02  0.000000e+00  0.000000e+00  0.000000e+00  0.000000e+00  0.000000e+00  0.000000e+00
9.377220e+00  3.490000e-02  0.000000e+00  0.000000e+00  0.000000e+00  0.000000e+00  0.000000e+00  0.000000e+00  0.000000e+00  3.490000e-02  7.100000e-03  0.000000e+00  0.000000e+00  0.000000e+00  0.000000e+00  0.000000e+00  0.000000e+00
9.970481e+00  3.410000e-02  0.000000e+00  0.000000e+00  0.000000e+00  0.000000e+00  0.000000e+00  0.000000e+00  0.000000e+00  3.410000e-02  0.000000e+00  0.000000e+00  0.000000e+00  0.000000e+00  0.000000e+00  0.000000e+00  0.000000e+00
1.060127e+01  3.090000e-02  0.000000e+00  0.000000e+00  0.000000e+00  0.000000e+00  0.000000e+00  0.000000e+00  0.000000e+00  3.090000e-02  0.000000e+00  0.000000e+00  0.000000e+00  0.000000e+00  0.000000e+00  0.000000e+00  0.000000e+00
1.127198e+01  2.510000e-02  0.000000e+00  0.000000e+00  0.000000e+00  0.000000e+00  0.000000e+00  0.000000e+00  0.000000e+00  3.000000e-02  0.000000e+00  0.000000e+00  0.000000e+00  0.000000e+00  0.000000e+00  0.000000e+00  0.000000e+00
1.198511e+01  0.000000e+00  0.000000e+00  0.000000e+00  0.000000e+00  0.000000e+00  0.000000e+00  0.000000e+00  0.000000e+00  2.970000e-02  0.000000e+00  0.000000e+00  0.000000e+00  0.000000e+00  0.000000e+00  0.000000e+00  0.000000e+00
1.274336e+01  0.000000e+00  0.000000e+00  0.000000e+00  0.000000e+00  0.000000e+00  0.000000e+00  0.000000e+00  0.000000e+00  2.720000e-02  0.000000e+00  0.000000e+00  0.000000e+00  0.000000e+00  0.000000e+00  0.000000e+00  0.000000e+00
1.354959e+01  0.000000e+00  0.000000e+00  0.000000e+00  0.000000e+00  0.000000e+00  0.000000e+00  0.000000e+00  0.000000e+00  2.160000e-02  0.000000e+00  0.000000e+00  0.000000e+00  0.000000e+00  0.000000e+00  0.000000e+00  0.000000e+00
1.440682e+01  0.000000e+00  0.000000e+00  0.000000e+00  0.000000e+00  0.000000e+00  0.000000e+00  0.000000e+00  0.000000e+00  1.840000e-02  0.000000e+00  0.000000e+00  0.000000e+00  0.000000e+00  0.000000e+00  0.000000e+00  0.000000e+00
1.531828e+01  0.000000e+00  0.000000e+00  0.000000e+00  0.000000e+00  0.000000e+00  0.000000e+00  0.000000e+00  0.000000e+00  1.500000e-02  0.000000e+00  0.000000e+00  0.000000e+00  0.000000e+00  0.000000e+00  0.000000e+00  0.000000e+00
1.628741e+01  0.000000e+00  0.000000e+00  0.000000e+00  0.000000e+00  0.000000e+00  0.000000e+00  0.000000e+00  0.000000e+00  1.050000e-02  0.000000e+00  0.000000e+00  0.000000e+00  0.000000e+00  0.000000e+00  0.000000e+00  0.000000e+00
1.731785e+01  0.000000e+00  0.000000e+00  0.000000e+00  0.000000e+00  0.000000e+00  0.000000e+00  0.000000e+00  0.000000e+00  7.700000e-03  0.000000e+00  0.000000e+00  0.000000e+00  0.000000e+00  0.000000e+00  0.000000e+00  0.000000e+00
