2.882865e-03  0.000000e+00  0.000000e+00  0.000000e+00  0.000000e+00  0.000000e+00  0.000000e+00  0.000000e+00  0.000000e+00  0.000000e+00  0.000000e+00  0.000000e+00  0.000000e+00  0.000000e+00  0.000000e+00  0.000000e+00  7.381676e-03
3.216264e-03  0.000000e+00  0.000000e+00  0.000000e+00  0.000000e+00  0.000000e+00  0.000000e+00  0.000000e+00  0.000000e+00  0.000000e+00  0.000000e+00  0.000000e+00  0.000000e+00  0.000000e+00  0.000000e+00  0.000000e+00  1.128962e-02
3.588220e-03  0.000000e+00  0.000000e+00  0.000000e+00  0.000000e+00  0.000000e+00  0.000000e+00  0.000000e+00  0.000000e+00  0.000000e+00  0.000000e+00  0.000000e+00  0.000000e+00  0.000000e+00  0.000000e+00  0.000000e+00  1.020408e-02
4.003192e-03  0.000000e+00  0.000000e+00  0.000000e+00  0.000000e+00  0.000000e+00  0.000000e+00  0.000000e+00  0.000000e+00  0.000000e+00  0.000000e+00  0.000000e+00  0.000000e+00  0.000000e+00  0.000000e+00  0.000000e+00  1.085541e-02
4.466155e-03  0.000000e+00  0.000000e+00  0.000000e+00  0.000000e+00  0.000000e+00  0.000000e+00  0.000000e+00  0.000000e+00  0.000000e+00  0.000000e+00  0.000000e+00  0.000000e+00  0.000000e+00  0.000000e+00  0.000000e+00  8.901433e-03
4.982660e-03  0.000000e+00  0.000000e+00  0.000000e+00  0.000000e+00  0.000000e+00  0.000000e+00  0.000000e+00  0.000000e+00  0.000000e+00  0.000000e+00  0.000000e+00  0.000000e+00  0.000000e+00  0.000000e+00  0.000000e+00  1.194095e-02
5.558897e-03  0.000000e+00  0.000000e+00  0.000000e+00  0.000000e+00  0.000000e+00  0.000000e+00  0.000000e+00  0.000000e+00  0.000000e+00  0.000000e+00  0.000000e+00  0.000000e+00  0.000000e+00  0.000000e+00  0.000000e+00  8.901433e-03
6.201775e-03  0.000000e+00  0.000000e+00  0.000000e+00  0.000000e+00  0.000000e+00  0.000000e+00  0.000000e+00  0.000000e+00  0.000000e+00  0.000000e+00  0.000000e+00  0.000000e+00  0.000000e+00  0.000000e+00  0.000000e+00  1.150673e-02
6.919001e-03  0.000000e+00  0.000000e+00  0.000000e+00  0.000000e+00  0.000000e+00  0.000000e+00  0.000000e+00  0.000000e+00  0.000000e+00  0.000000e+00  0.000000e+00  0.000000e+00  0.000000e+00  0.000000e+00  0.000000e+00  1.128962e-02
7.719172e-03  0.000000e+00  0.000000e+00  0.000000e+00  0.000000e+00  0.000000e+00  0.000000e+00  0.000000e+00  0.000000e+00  0.000000e+00  0.000000e+00  0.000000e+00  0.000000e+00  0.000000e+00  0.000000e+00  0.000000e+00  1.107251e-02
8.611883e-03  0.000000e+00  0.000000e+00  0.000000e+00  0.000000e+00  0.000000e+00  0.000000e+00  0.000000e+00  0.000000e+00  0.000000e+00  0.000000e+00  0.000000e+00  0.000000e+00  0.000000e+00  0.000000e+00  0.000000e+00  1.194095e-02
9.607834e-03  0.000000e+00  0.000000e+00  0.000000e+00  0.000000e+00  0.000000e+00  0.000000e+00  0.000000e+00  0.000000e+00  0.000000e+00  0.000000e+00  0.000000e+00  0.000000e+00  0.000000e+00  0.000000e+00  0.000000e+00  1.259227e-02
1.071897e-02  0.000000e+00  0.000000e+00  0.000000e+00  0.000000e+00  0.000000e+00  0.000000e+00  0.000000e+00  8.033000e-03  0.000000e+00  0.000000e+00  0.000000e+00  0.000000e+00  0.000000e+00  0.000000e+00  0.000000e+00  1.498046e-02
1.195860e-02  0.000000e+00  0.000000e+00  0.000000e+00  0.000000e+00  0.000000e+00  0.000000e+00  0.000000e+00  1.541468e-02  0.000000e+00  0.000000e+00  0.000000e+00  0.000000e+00  0.000000e+00  0.000000e+00  0.000000e+00  1.541468e-02
1.334159e-02  0.000000e+00  0.000000e+00  0.000000e+00  0.000000e+00  0.000000e+00  0.000000e+00  0.000000e+00  1.389492e-02  0.000000e+00  0.000000e+00  0.000000e+00  0.000000e+00  0.000000e+00  0.000000e+00  0.000000e+00  1.389492e-02
1.488453e-02  0.000000e+00  0.000000e+00  0.000000e+00  0.000000e+00  0.000000e+00  0.000000e+00  0.000000e+00  1.498046e-02  0.000000e+00  0.000000e+00  0.000000e+00  0.000000e+00  0.000000e+00  0.000000e+00  0.000000e+00  1.498046e-02
1.660590e-02  0.000000e+00  0.000000e+00  0.000000e+00  0.000000e+00  0.000000e+00  0.000000e+00  0.000000e+00  1.584889e-02  0.000000e+00  0.000000e+00  0.000000e+00  0.000000e+00  0.000000e+00  0.000000e+00  0.000000e+00  1.584889e-02
1.852635e-02  0.000000e+00  0.000000e+00  0.000000e+00  0.000000e+00  0.000000e+00  0.000000e+00  0.000000e+00  1.172384e-02  0.000000e+00  0.000000e+00  0.000000e+00  0.000000e+00  0.000000e+00  0.000000e+00  0.000000e+00  1.172384e-02
2.066889e-02  0.000000e+00  0.000000e+00  0.000000e+00  0.000000e+00  0.000000e+00  0.000000e+00  0.000000e+00  1.736865e-02  0.000000e+00  0.000000e+00  0.000000e+00  0.000000e+00  0.000000e+00  0.000000e+00  0.000000e+00  1.736865e-02
2.305922e-02  0.000000e+00  0.000000e+00  0.000000e+00  0.000000e+00  0.000000e+00  0.000000e+00  0.000000e+00  1.606600e-02  0.000000e+00  0.000000e+00  0.000000e+00  0.000000e+00  0.000000e+00  0.000000e+00  0.000000e+00  1.606600e-02
2.572598e-02  0.000000e+00  0.000000e+00  0.000000e+00  0.000000e+00  0.000000e+00  0.000000e+00  0.000000e+00  1.563178e-02  0.000000e+00  0.000000e+00  0.000000e+00  0.000000e+00  0.000000e+00  0.000000e+00  0.000000e+00  1.563178e-02
2.870115e-02  0.000000e+00  0.000000e+00  0.000000e+00  0.000000e+00  0.000000e+00  0.000000e+00  0.000000e+00  1.650022e-02  0.000000e+00  0.000000e+00  0.000000e+00  0.000000e+00  0.000000e+00  0.000000e+00  0.000000e+00  1.650022e-02
3.202040e-02  0.000000e+00  0.000000e+00  0.000000e+00  0.000000e+00  0.000000e+00  0.000000e+00  0.000000e+00  1.693443e-02  0.000000e+00  0.000000e+00  0.000000e+00  0.000000e+00  0.000000e+00  0.000000e+00  0.000000e+00  1.693443e-02
3.572351e-02  0.000000e+00  0.000000e+00  0.000000e+00  0.000000e+00  0.000000e+00  0.000000e+00  0.000000e+00  1.975684e-02  0.000000e+00  0.000000e+00  0.000000e+00  0.000000e+00  0.000000e+00  0.000000e+00  0.000000e+00  1.975684e-02
3.985488e-02  0.000000e+00  0.000000e+00  0.000000e+00  0.000000e+00  0.000000e+00  0.000000e+00  0.000000e+00  1.736865e-02  0.000000e+00  0.000000e+00  0.000000e+00  0.000000e+00  0.000000e+00  0.000000e+00  0.000000e+00  1.736865e-02
4.446403e-02  0.000000e+00  0.000000e+00  0.000000e+00  0.000000e+00  0.000000e+00  0.000000e+00  0.000000e+00  1.671733e-02  0.000000e+00  0.000000e+00  0.000000e+00  0.000000e+00  0.000000e+00  0.000000e+00  0.000000e+00  1.671733e-02
4.960623e-02  0.000000e+00  0.000000e+00  0.000000e+00  0.000000e+00  0.000000e+00  0.000000e+00  0.000000e+00  1.519757e-02  0.000000e+00  0.000000e+00  0.000000e+00  0.000000e+00  0.000000e+00  0.000000e+00  0.000000e+00  1.519757e-02
5.534311e-02  0.000000e+00  0.000000e+00  0.000000e+00  0.000000e+00  0.000000e+00  0.000000e+00  0.000000e+00  2.105949e-02  0.000000e+00  0.000000e+00  0.000000e+00  0.000000e+00  0.000000e+00  0.000000e+00  0.000000e+00  2.105949e-02
6.174346e-02  0.000000e+00  0.000000e+00  0.000000e+00  0.000000e+00  0.000000e+00  0.000000e+00  0.000000e+00  1.715154e-02  0.000000e+00  0.000000e+00  0.000000e+00  0.000000e+00  0.000000e+00  0.000000e+00  0.000000e+00  1.715154e-02
6.888400e-02  0.000000e+00  0.000000e+00  0.000000e+00  0.000000e+00  0.000000e+00  0.000000e+00  0.000000e+00  1.932262e-02  0.000000e+00  0.000000e+00  0.000000e+00  0.000000e+00  0.000000e+00  0.000000e+00  0.000000e+00  1.932262e-02
7.685033e-02  0.000000e+00  0.000000e+00  0.000000e+00  0.000000e+00  0.000000e+00  0.000000e+00  0.000000e+00  1.563178e-02  0.000000e+00  0.000000e+00  0.000000e+00  0.000000e+00  0.000000e+00  0.000000e+00  0.000000e+00  1.563178e-02
8.573795e-02  0.000000e+00  0.000000e+00  0.000000e+00  0.000000e+00  0.000000e+00  0.000000e+00  0.000000e+00  1.346070e-02  0.000000e+00  0.000000e+00  0.000000e+00  0.000000e+00  0.000000e+00  0.000000e+00  0.000000e+00  1.346070e-02
9.565342e-02  0.000000e+00  0.000000e+00  0.000000e+00  0.000000e+00  0.000000e+00  0.000000e+00  0.000000e+00  1.498046e-02  0.000000e+00  0.000000e+00  0.000000e+00  0.000000e+00  0.000000e+00  0.000000e+00  0.000000e+00  1.498046e-02
1.067156e-01  0.000000e+00  0.000000e+00  0.000000e+00  0.000000e+00  0.000000e+00  0.000000e+00  0.000000e+00  1.563178e-02  0.000000e+00  0.000000e+00  0.000000e+00  0.000000e+00  0.000000e+00  0.000000e+00  0.000000e+00  1.563178e-02
1.190571e-01  0.000000e+00  0.000000e+00  0.000000e+00  0.000000e+00  0.000000e+00  0.000000e+00  0.000000e+00  1.888841e-02  0.000000e+00  0.000000e+00  0.000000e+00  0.000000e+00  0.000000e+00  0.000000e+00  0.000000e+00  1.888841e-02
1.328259e-01  0.000000e+00  0.000000e+00  0.000000e+00  0.000000e+00  0.000000e+00  0.000000e+00  0.000000e+00  1.736865e-02  0.000000e+00  0.000000e+00  0.000000e+00  0.000000e+00  0.000000e+00  0.000000e+00  0.000000e+00  1.736865e-02
1.481870e-01  0.000000e+00  0.000000e+00  0.000000e+00  0.000000e+00  0.000000e+00  0.000000e+00  0.000000e+00  1.628311e-02  0.000000e+00  0.000000e+00  0.000000e+00  0.000000e+00  0.000000e+00  0.000000e+00  0.000000e+00  1.628311e-02
1.653246e-01  0.000000e+00  0.000000e+00  0.000000e+00  0.000000e+00  0.000000e+00  0.000000e+00  0.000000e+00  1.519757e-02  0.000000e+00  0.000000e+00  0.000000e+00  0.000000e+00  0.000000e+00  0.000000e+00  0.000000e+00  1.519757e-02
1.844441e-01  0.000000e+00  0.000000e+00  0.000000e+00  0.000000e+00  0.000000e+00  0.000000e+00  0.000000e+00  1.389492e-02  0.000000e+00  0.000000e+00  0.000000e+00  0.000000e+00  0.000000e+00  0.000000e+00  0.000000e+00  1.389492e-02
2.057748e-01  0.000000e+00  0.000000e+00  0.000000e+00  0.000000e+00  0.000000e+00  0.000000e+00  0.000000e+00  1.519757e-02  0.000000e+00  0.000000e+00  0.000000e+00  0.000000e+00  0.000000e+00  0.000000e+00  0.000000e+00  1.519757e-02
2.295723e-01  0.000000e+00  0.000000e+00  0.000000e+00  0.000000e+00  0.000000e+00  0.000000e+00  0.000000e+00  1.736865e-02  0.000000e+00  0.000000e+00  0.000000e+00  0.000000e+00  0.000000e+00  0.000000e+00  0.000000e+00  1.736865e-02
2.561220e-01  0.000000e+00  0.000000e+00  0.000000e+00  0.000000e+00  0.000000e+00  0.000000e+00  0.000000e+00  1.563178e-02  0.000000e+00  0.000000e+00  0.000000e+00  0.000000e+00  0.000000e+00  0.000000e+00  0.000000e+00  1.563178e-02
2.857421e-01  0.000000e+00  0.000000e+00  0.000000e+00  0.000000e+00  0.000000e+00  0.000000e+00  0.000000e+00  1.454624e-02  0.000000e+00  0.000000e+00  0.000000e+00  0.000000e+00  0.000000e+00  0.000000e+00  0.000000e+00  1.454624e-02
3.187878e-01  0.000000e+00  0.000000e+00  0.000000e+00  0.000000e+00  0.000000e+00  0.000000e+00  0.000000e+00  1.736865e-02  0.000000e+00  0.000000e+00  0.000000e+00  0.000000e+00  0.000000e+00  0.000000e+00  0.000000e+00  1.736865e-02
3.556551e-01  0.000000e+00  0.000000e+00  0.000000e+00  0.000000e+00  0.000000e+00  0.000000e+00  0.000000e+00  1.693443e-02  0.000000e+00  0.000000e+00  0.000000e+00  0.000000e+00  0.000000e+00  0.000000e+00  0.000000e+00  1.693443e-02
3.967861e-01  0.000000e+00  0.000000e+00  0.000000e+00  0.000000e+00  0.000000e+00  0.000000e+00  0.000000e+00  1.671733e-02  0.000000e+00  0.000000e+00  0.000000e+00  0.000000e+00  0.000000e+00  0.000000e+00  0.000000e+00  1.671733e-02
4.426738e-01  0.000000e+00  0.000000e+00  0.000000e+00  0.000000e+00  0.000000e+00  0.000000e+00  0.000000e+00  1.454624e-02  0.000000e+00  0.000000e+00  0.000000e+00  0.000000e+00  0.000000e+00  0.000000e+00  0.000000e+00  1.454624e-02
4.938684e-01  0.000000e+00  0.000000e+00  0.000000e+00  0.000000e+00  0.000000e+00  0.000000e+00  0.000000e+00  1.845419e-02  0.000000e+00  0.000000e+00  0.000000e+00  0.000000e+00  0.000000e+00  0.000000e+00  1.736865e-03  1.845419e-02
5.509835e-01  0.000000e+00  0.000000e+00  0.000000e+00  0.000000e+00  0.000000e+00  0.000000e+00  0.000000e+00  1.411203e-02  0.000000e+00  0.000000e+00  0.000000e+00  0.000000e+00  0.000000e+00  0.000000e+00  1.128962e-02  1.411203e-02
6.147039e-01  0.000000e+00  0.000000e+00  0.000000e+00  0.000000e+00  0.000000e+00  0.000000e+00  0.000000e+00  1.280938e-02  0.000000e+00  0.000000e+00  0.000000e+00  0.000000e+00  0.000000e+00  0.000000e+00  1.107251e-02  1.280938e-02
6.857935e-01  0.000000e+00  0.000000e+00  0.000000e+00  0.000000e+00  0.000000e+00  0.000000e+00  0.000000e+00  1.280938e-02  0.000000e+00  0.000000e+00  0.000000e+00  0.000000e+00  0.000000e+00  0.000000e+00  1.454624e-02  1.280938e-02
7.651045e-01  0.000000e+00  0.000000e+00  0.000000e+00  0.000000e+00  0.000000e+00  0.000000e+00  0.000000e+00  1.346070e-02  0.000000e+00  0.000000e+00  0.000000e+00  0.000000e+00  0.000000e+00  0.000000e+00  1.628311e-02  1.346070e-02
8.535876e-01  0.000000e+00  0.000000e+00  0.000000e+00  0.000000e+00  0.000000e+00  0.000000e+00  0.000000e+00  1.389492e-02  0.000000e+00  0.000000e+00  0.000000e+00  0.000000e+00  0.000000e+00  0.000000e+00  1.367781e-02  1.389492e-02
9.523037e-01  0.000000e+00  0.000000e+00  0.000000e+00  0.000000e+00  0.000000e+00  0.000000e+00  0.000000e+00  1.237516e-02  0.000000e+00  0.000000e+00  0.000000e+00  0.000000e+00  0.000000e+00  0.000000e+00  1.389492e-02  1.237516e-02
1.062436e+00  0.000000e+00  0.000000e+00  0.000000e+00  0.000000e+00  0.000000e+00  0.000000e+00  0.000000e+00  1.150673e-02  0.000000e+00  0.000000e+00  0.000000e+00  0.000000e+00  0.000000e+00  0.000000e+00  1.867130e-02  1.150673e-02
1.185305e+00  0.000000e+00  0.000000e+00  0.000000e+00  0.000000e+00  0.000000e+00  0.000000e+00  0.000000e+00  1.063830e-02  0.000000e+00  0.000000e+00  0.000000e+00  0.000000e+00  0.000000e+00  0.000000e+00  1.845419e-02  1.063830e-02
1.322384e+00  0.000000e+00  0.000000e+00  0.000000e+00  0.000000e+00  0.000000e+00  0.000000e+00  0.000000e+00  1.302649e-03  0.000000e+00  0.000000e+00  0.000000e+00  0.000000e+00  0.000000e+00  0.000000e+00  1.411203e-02  1.128962e-02
1.475316e+00  0.000000e+00  0.000000e+00  0.000000e+00  0.000000e+00  0.000000e+00  0.000000e+00  1.650022e-02  0.000000e+00  0.000000e+00  0.000000e+00  0.000000e+00  0.000000e+00  0.000000e+00  2.388189e-03  1.758576e-02  1.280938e-02
1.645934e+00  0.000000e+00  0.000000e+00  0.000000e+00  0.000000e+00  0.000000e+00  0.000000e+00  1.498046e-02  0.000000e+00  0.000000e+00  0.000000e+00  0.000000e+00  0.000000e+00  0.000000e+00  1.324360e-02  1.498046e-02  1.020408e-02
1.836284e+00  0.000000e+00  0.000000e+00  0.000000e+00  0.000000e+00  0.000000e+00  0.000000e+00  1.823708e-02  0.000000e+00  0.000000e+00  0.000000e+00  0.000000e+00  0.000000e+00  0.000000e+00  1.237516e-02  1.823708e-02  8.250109e-03
2.048647e+00  0.000000e+00  0.000000e+00  0.000000e+00  0.000000e+00  0.000000e+00  0.000000e+00  1.563178e-02  0.000000e+00  0.000000e+00  0.000000e+00  0.000000e+00  0.000000e+00  0.000000e+00  1.128962e-02  1.563178e-02  6.079027e-03
2.285570e+00  0.000000e+00  0.000000e+00  0.000000e+00  0.000000e+00  0.000000e+00  0.000000e+00  1.519757e-02  0.000000e+00  0.000000e+00  0.000000e+00  0.000000e+00  0.000000e+00  0.000000e+00  1.215805e-02  1.519757e-02  1.020408e-02
2.549893e+00  0.000000e+00  0.000000e+00  0.000000e+00  0.000000e+00  0.000000e+00  0.000000e+00  1.563178e-02  0.000000e+00  0.000000e+00  0.000000e+00  0.000000e+00  0.000000e+00  6.947460e-03  1.346070e-02  1.563178e-02  7.381676e-03
2.844784e+00  0.000000e+00  0.000000e+00  0.000000e+00  0.000000e+00  0.000000e+00  0.000000e+00  1.758576e-02  0.000000e+00  0.000000e+00  0.000000e+00  0.000000e+00  0.000000e+00  1.128962e-02  1.128962e-02  1.758576e-02  1.063830e-02
3.173779e+00  0.000000e+00  0.000000e+00  0.000000e+00  0.000000e+00  0.000000e+00  0.000000e+00  1.650022e-02  0.000000e+00  0.000000e+00  0.000000e+00  0.000000e+00  0.000000e+00  1.237516e-02  1.650022e-02  1.650022e-02  9.118541e-03
3.540822e+00  0.000000e+00  0.000000e+00  0.000000e+00  0.000000e+00  0.000000e+00  0.000000e+00  1.801997e-02  0.000000e+00  0.000000e+00  0.000000e+00  0.000000e+00  0.000000e+00  1.215805e-02  1.389492e-02  1.801997e-02  7.598784e-03
3.950312e+00  0.000000e+00  0.000000e+00  0.000000e+00  0.000000e+00  0.000000e+00  0.000000e+00  1.389492e-02  0.000000e+00  0.000000e+00  0.000000e+00  0.000000e+00  0.000000e+00  1.063830e-02  1.801997e-02  1.389492e-02  8.250109e-03
4.407160e+00  0.000000e+00  0.000000e+00  0.000000e+00  0.000000e+00  0.000000e+00  5.427703e-03  1.541468e-02  0.000000e+00  0.000000e+00  0.000000e+00  0.000000e+00  0.000000e+00  1.432914e-02  1.563178e-02  1.541468e-02  8.684325e-03
4.916841e+00  0.000000e+00  0.000000e+00  0.000000e+00  0.000000e+00  0.000000e+00  1.302649e-02  1.606600e-02  0.000000e+00  0.000000e+00  0.000000e+00  0.000000e+00  0.000000e+00  1.432914e-02  1.302649e-02  1.606600e-02  6.947460e-03
5.485467e+00  0.000000e+00  0.000000e+00  0.000000e+00  0.000000e+00  0.000000e+00  1.671733e-02  1.432914e-02  0.000000e+00  0.000000e+00  0.000000e+00  0.000000e+00  7.598784e-03  1.650022e-02  1.671733e-02  1.432914e-02  6.079027e-03
6.119853e+00  0.000000e+00  0.000000e+00  0.000000e+00  0.000000e+00  0.000000e+00  1.606600e-02  1.563178e-02  0.000000e+00  0.000000e+00  0.000000e+00  0.000000e+00  1.128962e-02  1.194095e-02  1.606600e-02  1.563178e-02  7.381676e-03
6.827604e+00  0.000000e+00  0.000000e+00  0.000000e+00  0.000000e+00  0.000000e+00  1.454624e-02  1.628311e-02  0.000000e+00  0.000000e+00  0.000000e+00  0.000000e+00  1.237516e-02  1.780287e-02  1.454624e-02  1.628311e-02  5.210595e-03
7.617206e+00  0.000000e+00  0.000000e+00  0.000000e+00  0.000000e+00  8.467217e-03  1.780287e-02  1.389492e-02  0.000000e+00  0.000000e+00  0.000000e+00  0.000000e+00  1.476335e-02  1.498046e-02  1.780287e-02  1.389492e-02  0.000000e+00
8.498125e+00  0.000000e+00  0.000000e+00  0.000000e+00  0.000000e+00  1.845419e-02  1.389492e-02  1.867130e-02  0.000000e+00  0.000000e+00  0.000000e+00  0.000000e+00  1.519757e-02  1.845419e-02  1.389492e-02  1.867130e-02  0.000000e+00
9.480920e+00  0.000000e+00  0.000000e+00  0.000000e+00  0.000000e+00  1.476335e-02  1.650022e-02  1.975684e-02  0.000000e+00  0.000000e+00  0.000000e+00  0.000000e+00  1.107251e-02  1.476335e-02  1.650022e-02  1.975684e-02  0.000000e+00
1.057737e+01  0.000000e+00  0.000000e+00  0.000000e+00  0.000000e+00  1.411203e-02  1.715154e-02  1.693443e-02  0.000000e+00  0.000000e+00  0.000000e+00  0.000000e+00  1.432914e-02  1.411203e-02  1.715154e-02  1.693443e-02  0.000000e+00
1.180063e+01  0.000000e+00  0.000000e+00  0.000000e+00  0.000000e+00  1.650022e-02  1.606600e-02  1.671733e-02  0.000000e+00  0.000000e+00  0.000000e+00  0.000000e+00  1.715154e-02  1.650022e-02  1.606600e-02  1.671733e-02  0.000000e+00
1.316536e+01  0.000000e+00  0.000000e+00  0.000000e+00  0.000000e+00  1.432914e-02  1.628311e-02  1.541468e-02  0.000000e+00  0.000000e+00  0.000000e+00  0.000000e+00  1.498046e-02  1.432914e-02  1.628311e-02  1.541468e-02  0.000000e+00
1.468791e+01  0.000000e+00  0.000000e+00  0.000000e+00  0.000000e+00  1.280938e-02  1.324360e-02  1.758576e-02  0.000000e+00  0.000000e+00  0.000000e+00  0.000000e+00  1.237516e-02  1.280938e-02  1.324360e-02  1.758576e-02  0.000000e+00
1.638654e+01  0.000000e+00  0.000000e+00  0.000000e+00  1.215805e-02  1.888841e-02  1.476335e-02  1.628311e-02  0.000000e+00  0.000000e+00  0.000000e+00  0.000000e+00  1.584889e-02  1.888841e-02  1.476335e-02  1.628311e-02  0.000000e+00
1.828162e+01  0.000000e+00  0.000000e+00  0.000000e+00  1.736865e-02  1.693443e-02  1.259227e-02  1.736865e-02  0.000000e+00  0.000000e+00  0.000000e+00  7.381676e-03  1.736865e-02  1.693443e-02  1.259227e-02  1.736865e-02  0.000000e+00
2.039587e+01  0.000000e+00  0.000000e+00  0.000000e+00  1.476335e-02  1.411203e-02  1.584889e-02  1.736865e-02  0.000000e+00  0.000000e+00  0.000000e+00  1.259227e-02  1.476335e-02  1.411203e-02  1.584889e-02  1.736865e-02  0.000000e+00
2.275462e+01  0.000000e+00  0.000000e+00  0.000000e+00  1.498046e-02  1.346070e-02  1.693443e-02  1.128962e-02  0.000000e+00  0.000000e+00  0.000000e+00  1.107251e-02  1.498046e-02  1.346070e-02  1.693443e-02  1.128962e-02  0.000000e+00
2.538615e+01  0.000000e+00  0.000000e+00  0.000000e+00  1.454624e-02  1.563178e-02  1.801997e-02  1.606600e-02  0.000000e+00  0.000000e+00  0.000000e+00  1.584889e-02  1.454624e-02  1.563178e-02  1.801997e-02  1.606600e-02  0.000000e+00
2.832202e+01  0.000000e+00  0.000000e+00  0.000000e+00  1.845419e-02  1.302649e-02  1.715154e-02  1.780287e-02  0.000000e+00  0.000000e+00  0.000000e+00  1.476335e-02  1.845419e-02  1.302649e-02  1.715154e-02  1.780287e-02  0.000000e+00
3.159742e+01  0.000000e+00  0.000000e+00  0.000000e+00  1.280938e-02  1.541468e-02  1.650022e-02  1.389492e-02  0.000000e+00  0.000000e+00  0.000000e+00  1.259227e-02  1.280938e-02  1.541468e-02  1.650022e-02  1.389492e-02  0.000000e+00
3.525162e+01  0.000000e+00  0.000000e+00  0.000000e+00  1.650022e-02  1.389492e-02  1.541468e-02  1.280938e-02  0.000000e+00  0.000000e+00  0.000000e+00  1.519757e-02  1.650022e-02  1.389492e-02  1.541468e-02  1.280938e-02  0.000000e+00
3.932841e+01  0.000000e+00  0.000000e+00  0.000000e+00  1.367781e-02  1.888841e-02  1.411203e-02  1.693443e-02  0.000000e+00  0.000000e+00  0.000000e+00  1.628311e-02  1.367781e-02  1.888841e-02  1.411203e-02  1.693443e-02  0.000000e+00
4.387669e+01  0.000000e+00  0.000000e+00  0.000000e+00  1.541468e-02  1.867130e-02  1.606600e-02  1.606600e-02  0.000000e+00  0.000000e+00  0.000000e+00  1.606600e-02  1.541468e-02  1.867130e-02  1.606600e-02  1.606600e-02  0.000000e+00
4.895096e+01  0.000000e+00  0.000000e+00  8.684325e-04  1.476335e-02  1.650022e-02  1.128962e-02  1.498046e-02  0.000000e+00  0.000000e+00  0.000000e+00  1.389492e-02  1.476335e-02  1.650022e-02  1.128962e-02  1.498046e-02  0.000000e+00
5.461206e+01  0.000000e+00  0.000000e+00  1.563178e-02  1.628311e-02  1.628311e-02  1.584889e-02  1.845419e-02  0.000000e+00  0.000000e+00  0.000000e+00  1.563178e-02  1.628311e-02  1.628311e-02  1.584889e-02  1.845419e-02  0.000000e+00
6.092786e+01  0.000000e+00  0.000000e+00  1.541468e-02  1.693443e-02  1.519757e-02  1.389492e-02  1.237516e-02  0.000000e+00  0.000000e+00  8.684325e-03  1.541468e-02  1.693443e-02  1.519757e-02  1.389492e-02  1.237516e-02  0.000000e+00
6.797408e+01  0.000000e+00  0.000000e+00  1.498046e-02  1.324360e-02  1.411203e-02  1.650022e-02  1.606600e-02  0.000000e+00  0.000000e+00  1.063830e-02  1.498046e-02  1.324360e-02  1.411203e-02  1.650022e-02  1.606600e-02  0.000000e+00
7.583518e+01  0.000000e+00  0.000000e+00  1.932262e-02  1.888841e-02  1.606600e-02  1.346070e-02  1.172384e-02  0.000000e+00  0.000000e+00  1.389492e-02  1.932262e-02  1.888841e-02  1.606600e-02  1.346070e-02  1.172384e-02  0.000000e+00
8.460540e+01  0.000000e+00  0.000000e+00  1.389492e-02  1.389492e-02  1.563178e-02  1.432914e-02  1.628311e-02  0.000000e+00  0.000000e+00  1.498046e-02  1.389492e-02  1.389492e-02  1.563178e-02  1.432914e-02  1.628311e-02  0.000000e+00
9.438989e+01  0.000000e+00  0.000000e+00  1.606600e-02  1.888841e-02  1.563178e-02  1.367781e-02  1.650022e-02  0.000000e+00  0.000000e+00  1.606600e-02  1.606600e-02  1.888841e-02  1.563178e-02  1.367781e-02  1.650022e-02  0.000000e+00
1.053059e+02  0.000000e+00  0.000000e+00  1.606600e-02  1.693443e-02  1.302649e-02  1.411203e-02  1.107251e-02  0.000000e+00  0.000000e+00  1.454624e-02  1.606600e-02  1.693443e-02  1.302649e-02  1.411203e-02  1.107251e-02  0.000000e+00
1.174844e+02  0.000000e+00  0.000000e+00  1.715154e-02  1.584889e-02  1.454624e-02  1.606600e-02  1.215805e-02  0.000000e+00  0.000000e+00  1.324360e-02  1.715154e-02  1.584889e-02  1.454624e-02  1.606600e-02  1.215805e-02  0.000000e+00
1.310713e+02  0.000000e+00  0.000000e+00  1.628311e-02  1.693443e-02  1.346070e-02  1.628311e-02  1.237516e-02  0.000000e+00  0.000000e+00  1.715154e-02  1.628311e-02  1.693443e-02  1.346070e-02  1.628311e-02  1.237516e-02  0.000000e+00
1.462295e+02  0.000000e+00  0.000000e+00  1.519757e-02  1.758576e-02  1.367781e-02  1.584889e-02  9.335649e-03  0.000000e+00  0.000000e+00  1.823708e-02  1.519757e-02  1.758576e-02  1.367781e-02  1.584889e-02  9.335649e-03  0.000000e+00
1.631407e+02  0.000000e+00  8.467217e-03  1.715154e-02  1.454624e-02  1.128962e-02  1.476335e-02  1.172384e-02  0.000000e+00  0.000000e+00  1.584889e-02  1.715154e-02  1.454624e-02  1.128962e-02  1.476335e-02  1.172384e-02  0.000000e+00
1.820077e+02  0.000000e+00  1.736865e-02  1.715154e-02  1.476335e-02  1.498046e-02  1.628311e-02  2.171081e-03  0.000000e+00  0.000000e+00  1.736865e-02  1.715154e-02  1.476335e-02  1.498046e-02  1.628311e-02  9.552757e-03  0.000000e+00
2.030566e+02  0.000000e+00  1.628311e-02  1.780287e-02  1.389492e-02  1.519757e-02  1.584889e-02  0.000000e+00  0.000000e+00  0.000000e+00  1.628311e-02  1.780287e-02  1.389492e-02  1.519757e-02  1.584889e-02  1.128962e-02  0.000000e+00
2.265398e+02  0.000000e+00  1.823708e-02  1.715154e-02  1.628311e-02  1.888841e-02  1.432914e-02  0.000000e+00  0.000000e+00  0.000000e+00  1.823708e-02  1.715154e-02  1.628311e-02  1.888841e-02  1.432914e-02  9.986974e-03  0.000000e+00
2.527388e+02  0.000000e+00  1.823708e-02  1.715154e-02  1.194095e-02  1.563178e-02  1.910551e-02  0.000000e+00  0.000000e+00  0.000000e+00  1.823708e-02  1.715154e-02  1.194095e-02  1.563178e-02  1.910551e-02  8.901433e-03  0.000000e+00
2.819676e+02  0.000000e+00  1.693443e-02  2.236214e-02  1.801997e-02  1.736865e-02  1.280938e-02  0.000000e+00  0.000000e+00  0.000000e+00  1.693443e-02  2.236214e-02  1.801997e-02  1.736865e-02  1.280938e-02  8.033000e-03  0.000000e+00
3.145768e+02  0.000000e+00  2.062527e-02  1.888841e-02  1.650022e-02  1.628311e-02  1.758576e-02  0.000000e+00  0.000000e+00  0.000000e+00  2.062527e-02  1.888841e-02  1.650022e-02  1.628311e-02  1.758576e-02  8.467217e-03  0.000000e+00
3.509571e+02  0.000000e+00  1.975684e-02  1.476335e-02  1.519757e-02  1.758576e-02  1.389492e-02  0.000000e+00  0.000000e+00  0.000000e+00  1.975684e-02  1.476335e-02  1.519757e-02  1.758576e-02  1.389492e-02  1.389492e-02  0.000000e+00
3.915448e+02  0.000000e+00  2.236214e-02  1.628311e-02  1.563178e-02  1.584889e-02  1.128962e-02  0.000000e+00  0.000000e+00  0.000000e+00  2.236214e-02  1.628311e-02  1.563178e-02  1.584889e-02  1.128962e-02  8.467217e-03  0.000000e+00
4.368263e+02  0.000000e+00  1.693443e-02  1.736865e-02  1.432914e-02  1.867130e-02  1.367781e-02  0.000000e+00  0.000000e+00  0.000000e+00  1.693443e-02  1.736865e-02  1.432914e-02  1.867130e-02  1.367781e-02  8.250109e-03  0.000000e+00
4.873446e+02  0.000000e+00  1.780287e-02  1.780287e-02  1.953973e-02  1.280938e-02  1.736865e-02  0.000000e+00  0.000000e+00  0.000000e+00  1.780287e-02  1.780287e-02  1.953973e-02  1.280938e-02  1.736865e-02  7.381676e-03  0.000000e+00
5.437053e+02  0.000000e+00  2.084238e-02  1.888841e-02  1.628311e-02  1.606600e-02  1.346070e-02  0.000000e+00  0.000000e+00  0.000000e+00  2.084238e-02  1.888841e-02  1.628311e-02  1.606600e-02  1.346070e-02  5.644811e-03  0.000000e+00
6.065840e+02  0.000000e+00  1.845419e-02  1.780287e-02  1.975684e-02  1.758576e-02  4.125054e-03  0.000000e+00  0.000000e+00  0.000000e+00  1.845419e-02  1.780287e-02  1.975684e-02  1.758576e-02  1.541468e-02  8.033000e-03  0.000000e+00
6.767345e+02  0.000000e+00  1.845419e-02  1.888841e-02  2.084238e-02  1.736865e-02  0.000000e+00  0.000000e+00  0.000000e+00  0.000000e+00  1.845419e-02  1.888841e-02  2.084238e-02  1.736865e-02  1.563178e-02  7.381676e-03  0.000000e+00
7.549978e+02  0.000000e+00  1.932262e-02  1.650022e-02  1.715154e-02  1.801997e-02  0.000000e+00  0.000000e+00  0.000000e+00  2.171081e-04  1.932262e-02  1.650022e-02  1.715154e-02  1.801997e-02  1.150673e-02  5.427703e-03  0.000000e+00
8.423122e+02  0.000000e+00  1.867130e-02  1.997395e-02  1.606600e-02  1.389492e-02  0.000000e+00  0.000000e+00  0.000000e+00  1.541468e-02  1.867130e-02  1.997395e-02  1.606600e-02  1.758576e-02  1.476335e-02  7.164568e-03  0.000000e+00
9.397243e+02  0.000000e+00  2.301346e-02  1.845419e-02  1.693443e-02  0.000000e+00  0.000000e+00  0.000000e+00  0.000000e+00  1.172384e-02  2.301346e-02  1.845419e-02  1.693443e-02  1.389492e-02  1.259227e-02  6.296135e-03  0.000000e+00
1.048402e+03  0.000000e+00  2.127660e-02  2.323057e-02  2.127660e-02  0.000000e+00  0.000000e+00  0.000000e+00  0.000000e+00  1.715154e-02  2.127660e-02  2.323057e-02  2.127660e-02  1.823708e-02  1.215805e-02  2.822406e-03  0.000000e+00
1.169648e+03  0.000000e+00  1.975684e-02  2.105949e-02  2.084238e-02  0.000000e+00  0.000000e+00  0.000000e+00  0.000000e+00  1.867130e-02  1.975684e-02  2.105949e-02  2.084238e-02  1.519757e-02  1.085541e-02  0.000000e+00  0.000000e+00
1.304916e+03  0.000000e+00  2.431611e-02  2.236214e-02  2.084238e-02  0.000000e+00  0.000000e+00  0.000000e+00  0.000000e+00  1.584889e-02  2.431611e-02  2.236214e-02  2.084238e-02  1.367781e-02  9.118541e-03  0.000000e+00  0.000000e+00
1.455828e+03  0.000000e+00  2.323057e-02  2.800695e-02  8.467217e-03  0.000000e+00  0.000000e+00  0.000000e+00  0.000000e+00  1.997395e-02  2.323057e-02  2.800695e-02  2.257924e-02  1.150673e-02  1.367781e-02  0.000000e+00  0.000000e+00
1.624192e+03  0.000000e+00  2.518454e-02  2.105949e-02  0.000000e+00  0.000000e+00  0.000000e+00  0.000000e+00  0.000000e+00  2.084238e-02  2.518454e-02  2.105949e-02  1.823708e-02  1.541468e-02  7.815892e-03  0.000000e+00  0.000000e+00
1.812027e+03  1.042119e-02  2.692141e-02  2.214503e-02  0.000000e+00  0.000000e+00  0.000000e+00  0.000000e+00  0.000000e+00  2.540165e-02  2.692141e-02  2.214503e-02  1.823708e-02  1.476335e-02  1.194095e-02  0.000000e+00  0.000000e+00
2.021586e+03  2.171081e-02  2.648719e-02  2.453322e-02  0.000000e+00  0.000000e+00  0.000000e+00  0.000000e+00  0.000000e+00  2.171081e-02  2.648719e-02  2.453322e-02  1.823708e-02  1.107251e-02  3.473730e-03  0.000000e+00  0.000000e+00
2.255379e+03  2.648719e-02  2.844116e-02  2.171081e-02  0.000000e+00  0.000000e+00  0.000000e+00  0.000000e+00  0.000000e+00  2.648719e-02  2.844116e-02  2.171081e-02  1.801997e-02  1.367781e-02  0.000000e+00  0.000000e+00  0.000000e+00
2.516210e+03  2.431611e-02  2.627008e-02  2.344768e-02  0.000000e+00  0.000000e+00  0.000000e+00  0.000000e+00  0.000000e+00  2.431611e-02  2.627008e-02  2.344768e-02  1.715154e-02  3.690838e-03  0.000000e+00  0.000000e+00  0.000000e+00
2.807206e+03  2.822406e-02  2.778984e-02  7.164568e-03  0.000000e+00  0.000000e+00  0.000000e+00  0.000000e+00  0.000000e+00  2.822406e-02  2.778984e-02  2.062527e-02  1.736865e-02  0.000000e+00  0.000000e+00  0.000000e+00  0.000000e+00
3.131855e+03  2.540165e-02  2.540165e-02  0.000000e+00  0.000000e+00  0.000000e+00  0.000000e+00  0.000000e+00  0.000000e+00  2.540165e-02  2.540165e-02  2.366479e-02  1.346070e-02  0.000000e+00  0.000000e+00  0.000000e+00  0.000000e+00
3.494049e+03  3.126357e-02  2.388189e-02  0.000000e+00  0.000000e+00  0.000000e+00  0.000000e+00  0.000000e+00  0.000000e+00  3.126357e-02  2.388189e-02  2.952670e-02  0.000000e+00  0.000000e+00  0.000000e+00  0.000000e+00  0.000000e+00
3.898131e+03  3.039514e-02  2.844116e-02  0.000000e+00  0.000000e+00  0.000000e+00  0.000000e+00  0.000000e+00  0.000000e+00  3.039514e-02  2.844116e-02  2.583587e-02  0.000000e+00  0.000000e+00  0.000000e+00  0.000000e+00  0.000000e+00
4.348944e+03  3.039514e-02  2.909249e-02  0.000000e+00  0.000000e+00  0.000000e+00  0.000000e+00  0.000000e+00  0.000000e+00  3.039514e-02  2.909249e-02  2.084238e-02  0.000000e+00  0.000000e+00  0.000000e+00  0.000000e+00  0.000000e+00
4.851893e+03  3.777681e-02  1.172384e-02  0.000000e+00  0.000000e+00  0.000000e+00  0.000000e+00  0.000000e+00  0.000000e+00  3.777681e-02  2.583587e-02  1.780287e-02  0.000000e+00  0.000000e+00  0.000000e+00  0.000000e+00  0.000000e+00
5.413007e+03  3.017803e-02  0.000000e+00  0.000000e+00  0.000000e+00  0.000000e+00  0.000000e+00  0.000000e+00  0.000000e+00  3.017803e-02  2.648719e-02  3.690838e-03  0.000000e+00  0.000000e+00  0.000000e+00  0.000000e+00  0.000000e+00
6.039013e+03  3.126357e-02  0.000000e+00  0.000000e+00  0.000000e+00  0.000000e+00  0.000000e+00  0.000000e+00  0.000000e+00  3.126357e-02  2.952670e-02  0.000000e+00  0.000000e+00  0.000000e+00  0.000000e+00  0.000000e+00  0.000000e+00
6.737415e+03  3.821103e-02  0.000000e+00  0.000000e+00  0.000000e+00  0.000000e+00  0.000000e+00  0.000000e+00  0.000000e+00  3.821103e-02  3.082935e-02  0.000000e+00  0.000000e+00  0.000000e+00  0.000000e+00  0.000000e+00  0.000000e+00
7.516587e+03  3.973079e-02  0.000000e+00  0.000000e+00  0.000000e+00  0.000000e+00  0.000000e+00  0.000000e+00  0.000000e+00  3.973079e-02  2.105949e-02  0.000000e+00  0.000000e+00  0.000000e+00  0.000000e+00  0.000000e+00  0.000000e+00
8.385869e+03  3.821103e-02  0.000000e+00  0.000000e+00  0.000000e+00  0.000000e+00  0.000000e+00  0.000000e+00  0.000000e+00  3.821103e-02  1.280938e-02  0.000000e+00  0.000000e+00  0.000000e+00  0.000000e+00  0.000000e+00  0.000000e+00
9.355682e+03  3.799392e-02  0.000000e+00  0.000000e+00  0.000000e+00  0.000000e+00  0.000000e+00  0.000000e+00  0.000000e+00  3.799392e-02  0.000000e+00  0.000000e+00  0.000000e+00  0.000000e+00  0.000000e+00  0.000000e+00  0.000000e+00
1.043765e+04  3.603995e-02  0.000000e+00  0.000000e+00  0.000000e+00  0.000000e+00  0.000000e+00  0.000000e+00  0.000000e+00  3.603995e-02  0.000000e+00  0.000000e+00  0.000000e+00  0.000000e+00  0.000000e+00  0.000000e+00  0.000000e+00
1.164475e+04  3.473730e-02  0.000000e+00  0.000000e+00  0.000000e+00  0.000000e+00  0.000000e+00  0.000000e+00  0.000000e+00  3.473730e-02  0.000000e+00  0.000000e+00  0.000000e+00  0.000000e+00  0.000000e+00  0.000000e+00  0.000000e+00
1.299145e+04  3.821103e-02  0.000000e+00  0.000000e+00  0.000000e+00  0.000000e+00  0.000000e+00  0.000000e+00  0.000000e+00  3.821103e-02  0.000000e+00  0.000000e+00  0.000000e+00  0.000000e+00  0.000000e+00  0.000000e+00  0.000000e+00
1.449389e+04  3.495441e-02  0.000000e+00  0.000000e+00  0.000000e+00  0.000000e+00  0.000000e+00  0.000000e+00  0.000000e+00  3.495441e-02  0.000000e+00  0.000000e+00  0.000000e+00  0.000000e+00  0.000000e+00  0.000000e+00  0.000000e+00
1.617009e+04  3.256622e-02  0.000000e+00  0.000000e+00  0.000000e+00  0.000000e+00  0.000000e+00  0.000000e+00  0.000000e+00  3.256622e-02  0.000000e+00  0.000000e+00  0.000000e+00  0.000000e+00  0.000000e+00  0.000000e+00  0.000000e+00
1.804013e+04  2.149370e-02  0.000000e+00  0.000000e+00  0.000000e+00  0.000000e+00  0.000000e+00  0.000000e+00  0.000000e+00  2.909249e-02  0.000000e+00  0.000000e+00  0.000000e+00  0.000000e+00  0.000000e+00  0.000000e+00  0.000000e+00
2.012645e+04  0.000000e+00  0.000000e+00  0.000000e+00  0.000000e+00  0.000000e+00  0.000000e+00  0.000000e+00  0.000000e+00  2.648719e-02  0.000000e+00  0.000000e+00  0.000000e+00  0.000000e+00  0.000000e+00  0.000000e+00  0.000000e+00
2.245404e+04  0.000000e+00  0.000000e+00  0.000000e+00  0.000000e+00  0.000000e+00  0.000000e+00  0.000000e+00  0.000000e+00  2.909249e-02  0.000000e+00  0.000000e+00  0.000000e+00  0.000000e+00  0.000000e+00  0.000000e+00  0.000000e+00
2.505082e+04  0.000000e+00  0.000000e+00  0.000000e+00  0.000000e+00  0.000000e+00  0.000000e+00  0.000000e+00  0.000000e+00  3.104646e-02  0.000000e+00  0.000000e+00  0.000000e+00  0.000000e+00  0.000000e+00  0.000000e+00  0.000000e+00
2.794791e+04  0.000000e+00  0.000000e+00  0.000000e+00  0.000000e+00  0.000000e+00  0.000000e+00  0.000000e+00  0.000000e+00  2.366479e-02  0.000000e+00  0.000000e+00  0.000000e+00  0.000000e+00  0.000000e+00  0.000000e+00  0.000000e+00
3.118004e+04  0.000000e+00  0.000000e+00  0.000000e+00  0.000000e+00  0.000000e+00  0.000000e+00  0.000000e+00  0.000000e+00  1.693443e-02  0.000000e+00  0.000000e+00  0.000000e+00  0.000000e+00  0.000000e+00  0.000000e+00  0.000000e+00
