2.359129e-04  0.000000e+00  0.000000e+00  0.000000e+00  0.000000e+00  0.000000e+00  0.000000e+00  0.000000e+00  0.000000e+00  0.000000e+00  0.000000e+00  0.000000e+00  0.000000e+00  0.000000e+00  0.000000e+00  0.000000e+00  6.000000e-03
2.663160e-04  0.000000e+00  0.000000e+00  0.000000e+00  0.000000e+00  0.000000e+00  0.000000e+00  0.000000e+00  0.000000e+00  0.000000e+00  0.000000e+00  0.000000e+00  0.000000e+00  0.000000e+00  0.000000e+00  0.000000e+00  6.300000e-03
3.006373e-04  0.000000e+00  0.000000e+00  0.000000e+00  0.000000e+00  0.000000e+00  0.000000e+00  0.000000e+00  0.000000e+00  0.000000e+00  0.000000e+00  0.000000e+00  0.000000e+00  0.000000e+00  0.000000e+00  0.000000e+00  7.100000e-03
3.393817e-04  0.000000e+00  0.000000e+00  0.000000e+00  0.000000e+00  0.000000e+00  0.000000e+00  0.000000e+00  0.000000e+00  0.000000e+00  0.000000e+00  0.000000e+00  0.000000e+00  0.000000e+00  0.000000e+00  0.000000e+00  6.600000e-03
3.831192e-04  0.000000e+00  0.000000e+00  0.000000e+00  0.000000e+00  0.000000e+00  0.000000e+00  0.000000e+00  0.000000e+00  0.000000e+00  0.000000e+00  0.000000e+00  0.000000e+00  0.000000e+00  0.000000e+00  0.000000e+00  9.400000e-03
4.324935e-04  0.000000e+00  0.000000e+00  0.000000e+00  0.000000e+00  0.000000e+00  0.000000e+00  0.000000e+00  0.000000e+00  0.000000e+00  0.000000e+00  0.000000e+00  0.000000e+00  0.000000e+00  0.000000e+00  0.000000e+00  8.900000e-03
4.882307e-04  0.000000e+00  0.000000e+00  0.000000e+00  0.000000e+00  0.000000e+00  0.000000e+00  0.000000e+00  0.000000e+00  0.000000e+00  0.000000e+00  0.000000e+00  0.000000e+00  0.000000e+00  0.000000e+00  0.000000e+00  8.200000e-03
5.511511e-04  0.000000e+00  0.000000e+00  0.000000e+00  0.000000e+00  0.000000e+00  0.000000e+00  0.000000e+00  0.000000e+00  0.000000e+00  0.000000e+00  0.000000e+00  0.000000e+00  0.000000e+00  0.000000e+00  0.000000e+00  1.000000e-02
6.221803e-04  0.000000e+00  0.000000e+00  0.000000e+00  0.000000e+00  0.000000e+00  0.000000e+00  0.000000e+00  0.000000e+00  0.000000e+00  0.000000e+00  0.000000e+00  0.000000e+00  0.000000e+00  0.000000e+00  0.000000e+00  9.500000e-03
7.023634e-04  0.000000e+00  0.000000e+00  0.000000e+00  0.000000e+00  0.000000e+00  0.000000e+00  0.000000e+00  0.000000e+00  0.000000e+00  0.000000e+00  0.000000e+00  0.000000e+00  0.000000e+00  0.000000e+00  0.000000e+00  1.110000e-02
7.928800e-04  0.000000e+00  0.000000e+00  0.000000e+00  0.000000e+00  0.000000e+00  0.000000e+00  0.000000e+00  0.000000e+00  0.000000e+00  0.000000e+00  0.000000e+00  0.000000e+00  0.000000e+00  0.000000e+00  0.000000e+00  9.500000e-03
8.950618e-04  0.000000e+00  0.000000e+00  0.000000e+00  0.000000e+00  0.000000e+00  0.000000e+00  0.000000e+00  0.000000e+00  0.000000e+00  0.000000e+00  0.000000e+00  0.000000e+00  0.000000e+00  0.000000e+00  0.000000e+00  1.340000e-02
1.010412e-03  0.000000e+00  0.000000e+00  0.000000e+00  0.000000e+00  0.000000e+00  0.000000e+00  0.000000e+00  0.000000e+00  0.000000e+00  0.000000e+00  0.000000e+00  0.000000e+00  0.000000e+00  0.000000e+00  0.000000e+00  1.420000e-02
1.140628e-03  0.000000e+00  0.000000e+00  0.000000e+00  0.000000e+00  0.000000e+00  0.000000e+00  0.000000e+00  0.000000e+00  0.000000e+00  0.000000e+00  0.000000e+00  0.000000e+00  0.000000e+00  0.000000e+00  0.000000e+00  1.260000e-02
1.287626e-03  0.000000e+00  0.000000e+00  0.000000e+00  0.000000e+00  0.000000e+00  0.000000e+00  0.000000e+00  1.110000e-02  0.000000e+00  0.000000e+00  0.000000e+00  0.000000e+00  0.000000e+00  0.000000e+00  0.000000e+00  1.330000e-02
1.453568e-03  0.000000e+00  0.000000e+00  0.000000e+00  0.000000e+00  0.000000e+00  0.000000e+00  0.000000e+00  1.430000e-02  0.000000e+00  0.000000e+00  0.000000e+00  0.000000e+00  0.000000e+00  0.000000e+00  0.000000e+00  1.430000e-02
1.640896e-03  0.000000e+00  0.000000e+00  0.000000e+00  0.000000e+00  0.000000e+00  0.000000e+00  0.000000e+00  1.600000e-02  0.000000e+00  0.000000e+00  0.000000e+00  0.000000e+00  0.000000e+00  0.000000e+00  0.000000e+00  1.600000e-02
1.852365e-03  0.000000e+00  0.000000e+00  0.000000e+00  0.000000e+00  0.000000e+00  0.000000e+00  0.000000e+00  1.600000e-02  0.000000e+00  0.000000e+00  0.000000e+00  0.000000e+00  0.000000e+00  0.000000e+00  0.000000e+00  1.600000e-02
2.091087e-03  0.000000e+00  0.000000e+00  0.000000e+00  0.000000e+00  0.000000e+00  0.000000e+00  0.000000e+00  1.490000e-02  0.000000e+00  0.000000e+00  0.000000e+00  0.000000e+00  0.000000e+00  0.000000e+00  0.000000e+00  1.490000e-02
2.360574e-03  0.000000e+00  0.000000e+00  0.000000e+00  0.000000e+00  0.000000e+00  0.000000e+00  0.000000e+00  1.350000e-02  0.000000e+00  0.000000e+00  0.000000e+00  0.000000e+00  0.000000e+00  0.000000e+00  0.000000e+00  1.350000e-02
2.664792e-03  0.000000e+00  0.000000e+00  0.000000e+00  0.000000e+00  0.000000e+00  0.000000e+00  0.000000e+00  1.600000e-02  0.000000e+00  0.000000e+00  0.000000e+00  0.000000e+00  0.000000e+00  0.000000e+00  0.000000e+00  1.600000e-02
3.008215e-03  0.000000e+00  0.000000e+00  0.000000e+00  0.000000e+00  0.000000e+00  0.000000e+00  0.000000e+00  1.630000e-02  0.000000e+00  0.000000e+00  0.000000e+00  0.000000e+00  0.000000e+00  0.000000e+00  0.000000e+00  1.630000e-02
3.395896e-03  0.000000e+00  0.000000e+00  0.000000e+00  0.000000e+00  0.000000e+00  0.000000e+00  0.000000e+00  1.750000e-02  0.000000e+00  0.000000e+00  0.000000e+00  0.000000e+00  0.000000e+00  0.000000e+00  0.000000e+00  1.750000e-02
3.833540e-03  0.000000e+00  0.000000e+00  0.000000e+00  0.000000e+00  0.000000e+00  0.000000e+00  0.000000e+00  1.580000e-02  0.000000e+00  0.000000e+00  0.000000e+00  0.000000e+00  0.000000e+00  0.000000e+00  0.000000e+00  1.580000e-02
4.327585e-03  0.000000e+00  0.000000e+00  0.000000e+00  0.000000e+00  0.000000e+00  0.000000e+00  0.000000e+00  1.440000e-02  0.000000e+00  0.000000e+00  0.000000e+00  0.000000e+00  0.000000e+00  0.000000e+00  0.000000e+00  1.440000e-02
4.885299e-03  0.000000e+00  0.000000e+00  0.000000e+00  0.000000e+00  0.000000e+00  0.000000e+00  0.000000e+00  1.640000e-02  0.000000e+00  0.000000e+00  0.000000e+00  0.000000e+00  0.000000e+00  0.000000e+00  0.000000e+00  1.640000e-02
5.514889e-03  0.000000e+00  0.000000e+00  0.000000e+00  0.000000e+00  0.000000e+00  0.000000e+00  0.000000e+00  1.710000e-02  0.000000e+00  0.000000e+00  0.000000e+00  0.000000e+00  0.000000e+00  0.000000e+00  0.000000e+00  1.710000e-02
6.225616e-03  0.000000e+00  0.000000e+00  0.000000e+00  0.000000e+00  0.000000e+00  0.000000e+00  0.000000e+00  1.840000e-02  0.000000e+00  0.000000e+00  0.000000e+00  0.000000e+00  0.000000e+00  0.000000e+00  0.000000e+00  1.840000e-02
7.027938e-03  0.000000e+00  0.000000e+00  0.000000e+00  0.000000e+00  0.000000e+00  0.000000e+00  0.000000e+00  1.450000e-02  0.000000e+00  0.000000e+00  0.000000e+00  0.000000e+00  0.000000e+00  0.000000e+00  0.000000e+00  1.450000e-02
7.933658e-03  0.000000e+00  0.000000e+00  0.000000e+00  0.000000e+00  0.000000e+00  0.000000e+00  0.000000e+00  1.690000e-02  0.000000e+00  0.000000e+00  0.000000e+00  0.000000e+00  0.000000e+00  0.000000e+00  0.000000e+00  1.690000e-02
8.956103e-03  0.000000e+00  0.000000e+00  0.000000e+00  0.000000e+00  0.000000e+00  0.000000e+00  0.000000e+00  1.620000e-02  0.000000e+00  0.000000e+00  0.000000e+00  0.000000e+00  0.000000e+00  0.000000e+00  0.000000e+00  1.620000e-02
1.011031e-02  0.000000e+00  0.000000e+00  0.000000e+00  0.000000e+00  0.000000e+00  0.000000e+00  0.000000e+00  1.680000e-02  0.000000e+00  0.000000e+00  0.000000e+00  0.000000e+00  0.000000e+00  0.000000e+00  0.000000e+00  1.680000e-02
1.141327e-02  0.000000e+00  0.000000e+00  0.000000e+00  0.000000e+00  0.000000e+00  0.000000e+00  0.000000e+00  1.620000e-02  0.000000e+00  0.000000e+00  0.000000e+00  0.000000e+00  0.000000e+00  0.000000e+00  0.000000e+00  1.620000e-02
1.288415e-02  0.000000e+00  0.000000e+00  0.000000e+00  0.000000e+00  0.000000e+00  0.000000e+00  0.000000e+00  1.540000e-02  0.000000e+00  0.000000e+00  0.000000e+00  0.000000e+00  0.000000e+00  0.000000e+00  3.700000e-03  1.540000e-02
1.454459e-02  0.000000e+00  0.000000e+00  0.000000e+00  0.000000e+00  0.000000e+00  0.000000e+00  0.000000e+00  1.910000e-02  0.000000e+00  0.000000e+00  0.000000e+00  0.000000e+00  0.000000e+00  0.000000e+00  1.100000e-02  1.910000e-02
1.641901e-02  0.000000e+00  0.000000e+00  0.000000e+00  0.000000e+00  0.000000e+00  0.000000e+00  0.000000e+00  1.590000e-02  0.000000e+00  0.000000e+00  0.000000e+00  0.000000e+00  0.000000e+00  0.000000e+00  1.200000e-02  1.590000e-02
1.853500e-02  0.000000e+00  0.000000e+00  0.000000e+00  0.000000e+00  0.000000e+00  0.000000e+00  0.000000e+00  1.420000e-02  0.000000e+00  0.000000e+00  0.000000e+00  0.000000e+00  0.000000e+00  0.000000e+00  1.140000e-02  1.420000e-02
2.092368e-02  0.000000e+00  0.000000e+00  0.000000e+00  0.000000e+00  0.000000e+00  0.000000e+00  0.000000e+00  1.400000e-02  0.000000e+00  0.000000e+00  0.000000e+00  0.000000e+00  0.000000e+00  0.000000e+00  1.580000e-02  1.400000e-02
2.362021e-02  0.000000e+00  0.000000e+00  0.000000e+00  0.000000e+00  0.000000e+00  0.000000e+00  0.000000e+00  1.790000e-02  0.000000e+00  0.000000e+00  0.000000e+00  0.000000e+00  0.000000e+00  0.000000e+00  1.530000e-02  1.790000e-02
2.666425e-02  0.000000e+00  0.000000e+00  0.000000e+00  0.000000e+00  0.000000e+00  0.000000e+00  0.000000e+00  1.560000e-02  0.000000e+00  0.000000e+00  0.000000e+00  0.000000e+00  0.000000e+00  0.000000e+00  1.510000e-02  1.560000e-02
3.010058e-02  0.000000e+00  0.000000e+00  0.000000e+00  0.000000e+00  0.000000e+00  0.000000e+00  0.000000e+00  1.430000e-02  0.000000e+00  0.000000e+00  0.000000e+00  0.000000e+00  0.000000e+00  0.000000e+00  1.540000e-02  1.430000e-02
3.397977e-02  0.000000e+00  0.000000e+00  0.000000e+00  0.000000e+00  0.000000e+00  0.000000e+00  0.000000e+00  1.430000e-02  0.000000e+00  0.000000e+00  0.000000e+00  0.000000e+00  0.000000e+00  0.000000e+00  1.710000e-02  1.430000e-02
3.835889e-02  0.000000e+00  0.000000e+00  0.000000e+00  0.000000e+00  0.000000e+00  0.000000e+00  0.000000e+00  1.540000e-02  0.000000e+00  0.000000e+00  0.000000e+00  0.000000e+00  0.000000e+00  0.000000e+00  1.750000e-02  1.540000e-02
4.330237e-02  0.000000e+00  0.000000e+00  0.000000e+00  0.000000e+00  0.000000e+00  0.000000e+00  1.830000e-02  1.540000e-02  0.000000e+00  0.000000e+00  0.000000e+00  0.000000e+00  0.000000e+00  0.000000e+00  1.900000e-02  1.540000e-02
4.888293e-02  0.000000e+00  0.000000e+00  0.000000e+00  0.000000e+00  0.000000e+00  0.000000e+00  1.890000e-02  1.380000e-02  0.000000e+00  0.000000e+00  0.000000e+00  0.000000e+00  0.000000e+00  3.900000e-03  1.890000e-02  1.380000e-02
5.518268e-02  0.000000e+00  0.000000e+00  0.000000e+00  0.000000e+00  0.000000e+00  0.000000e+00  1.970000e-02  1.570000e-02  0.000000e+00  0.000000e+00  0.000000e+00  0.000000e+00  0.000000e+00  1.130000e-02  1.970000e-02  1.570000e-02
6.229431e-02  0.000000e+00  0.000000e+00  0.000000e+00  0.000000e+00  0.000000e+00  0.000000e+00  1.920000e-02  1.400000e-02  0.000000e+00  0.000000e+00  0.000000e+00  0.000000e+00  0.000000e+00  1.550000e-02  1.920000e-02  1.400000e-02
7.032244e-02  0.000000e+00  0.000000e+00  0.000000e+00  0.000000e+00  0.000000e+00  0.000000e+00  1.900000e-02  1.500000e-02  0.000000e+00  0.000000e+00  0.000000e+00  0.000000e+00  0.000000e+00  1.540000e-02  1.900000e-02  1.500000e-02
7.938520e-02  0.000000e+00  0.000000e+00  0.000000e+00  0.000000e+00  0.000000e+00  0.000000e+00  2.070000e-02  1.200000e-02  0.000000e+00  0.000000e+00  0.000000e+00  0.000000e+00  0.000000e+00  1.470000e-02  2.070000e-02  1.200000e-02
8.961591e-02  0.000000e+00  0.000000e+00  0.000000e+00  0.000000e+00  0.000000e+00  0.000000e+00  1.660000e-02  1.350000e-02  0.000000e+00  0.000000e+00  0.000000e+00  0.000000e+00  0.000000e+00  1.600000e-02  1.660000e-02  1.350000e-02
1.011651e-01  0.000000e+00  0.000000e+00  0.000000e+00  0.000000e+00  0.000000e+00  0.000000e+00  1.830000e-02  1.480000e-02  0.000000e+00  0.000000e+00  0.000000e+00  0.000000e+00  0.000000e+00  1.570000e-02  1.830000e-02  1.480000e-02
1.142027e-01  0.000000e+00  0.000000e+00  0.000000e+00  0.000000e+00  0.000000e+00  0.000000e+00  1.530000e-02  1.490000e-02  0.000000e+00  0.000000e+00  0.000000e+00  0.000000e+00  9.600000e-03  1.730000e-02  1.530000e-02  1.490000e-02
1.289205e-01  0.000000e+00  0.000000e+00  0.000000e+00  0.000000e+00  0.000000e+00  0.000000e+00  1.550000e-02  1.050000e-02  0.000000e+00  0.000000e+00  0.000000e+00  0.000000e+00  1.120000e-02  1.840000e-02  1.550000e-02  1.050000e-02
1.455350e-01  0.000000e+00  0.000000e+00  0.000000e+00  0.000000e+00  0.000000e+00  1.120000e-02  1.840000e-02  1.230000e-02  0.000000e+00  0.000000e+00  0.000000e+00  0.000000e+00  1.360000e-02  1.800000e-02  1.840000e-02  1.230000e-02
1.642907e-01  0.000000e+00  0.000000e+00  0.000000e+00  0.000000e+00  0.000000e+00  1.920000e-02  1.720000e-02  1.210000e-02  0.000000e+00  0.000000e+00  0.000000e+00  0.000000e+00  1.790000e-02  1.920000e-02  1.720000e-02  1.210000e-02
1.854636e-01  0.000000e+00  0.000000e+00  0.000000e+00  0.000000e+00  0.000000e+00  1.490000e-02  1.650000e-02  1.220000e-02  0.000000e+00  0.000000e+00  0.000000e+00  0.000000e+00  1.650000e-02  1.490000e-02  1.650000e-02  1.220000e-02
2.093651e-01  0.000000e+00  0.000000e+00  0.000000e+00  0.000000e+00  0.000000e+00  1.750000e-02  1.350000e-02  1.150000e-02  0.000000e+00  0.000000e+00  0.000000e+00  0.000000e+00  1.510000e-02  1.750000e-02  1.350000e-02  1.150000e-02
2.363468e-01  0.000000e+00  0.000000e+00  0.000000e+00  0.000000e+00  0.000000e+00  1.640000e-02  1.510000e-02  8.300000e-03  0.000000e+00  0.000000e+00  0.000000e+00  0.000000e+00  1.840000e-02  1.640000e-02  1.510000e-02  8.300000e-03
2.668059e-01  0.000000e+00  0.000000e+00  0.000000e+00  0.000000e+00  0.000000e+00  1.700000e-02  1.590000e-02  1.060000e-02  0.000000e+00  0.000000e+00  0.000000e+00  0.000000e+00  1.690000e-02  1.700000e-02  1.590000e-02  1.060000e-02
3.011903e-01  0.000000e+00  0.000000e+00  0.000000e+00  0.000000e+00  2.400000e-03  1.670000e-02  1.580000e-02  9.500000e-03  0.000000e+00  0.000000e+00  0.000000e+00  0.000000e+00  1.820000e-02  1.670000e-02  1.580000e-02  9.500000e-03
3.400060e-01  0.000000e+00  0.000000e+00  0.000000e+00  0.000000e+00  1.560000e-02  1.860000e-02  1.670000e-02  9.500000e-03  0.000000e+00  0.000000e+00  0.000000e+00  0.000000e+00  1.560000e-02  1.860000e-02  1.670000e-02  1.030000e-02
3.838240e-01  0.000000e+00  0.000000e+00  0.000000e+00  0.000000e+00  1.760000e-02  1.710000e-02  1.580000e-02  0.000000e+00  0.000000e+00  0.000000e+00  0.000000e+00  8.400000e-03  1.760000e-02  1.710000e-02  1.580000e-02  6.500000e-03
4.332890e-01  0.000000e+00  0.000000e+00  0.000000e+00  0.000000e+00  1.570000e-02  1.530000e-02  1.530000e-02  0.000000e+00  0.000000e+00  0.000000e+00  0.000000e+00  1.190000e-02  1.570000e-02  1.530000e-02  1.530000e-02  7.100000e-03
4.891288e-01  0.000000e+00  0.000000e+00  0.000000e+00  0.000000e+00  1.670000e-02  1.640000e-02  1.280000e-02  0.000000e+00  0.000000e+00  0.000000e+00  0.000000e+00  1.410000e-02  1.670000e-02  1.640000e-02  1.280000e-02  8.600000e-03
5.521650e-01  0.000000e+00  0.000000e+00  0.000000e+00  0.000000e+00  1.620000e-02  1.380000e-02  1.650000e-02  0.000000e+00  0.000000e+00  0.000000e+00  0.000000e+00  1.690000e-02  1.620000e-02  1.380000e-02  1.650000e-02  8.100000e-03
6.233248e-01  0.000000e+00  0.000000e+00  0.000000e+00  0.000000e+00  1.690000e-02  1.660000e-02  1.520000e-02  0.000000e+00  0.000000e+00  0.000000e+00  0.000000e+00  1.590000e-02  1.690000e-02  1.660000e-02  1.520000e-02  8.100000e-03
7.036554e-01  0.000000e+00  0.000000e+00  0.000000e+00  0.000000e+00  1.560000e-02  1.660000e-02  1.440000e-02  0.000000e+00  0.000000e+00  0.000000e+00  0.000000e+00  1.920000e-02  1.560000e-02  1.660000e-02  1.440000e-02  7.500000e-03
7.943385e-01  0.000000e+00  0.000000e+00  0.000000e+00  0.000000e+00  1.820000e-02  1.420000e-02  1.470000e-02  0.000000e+00  0.000000e+00  0.000000e+00  0.000000e+00  1.610000e-02  1.820000e-02  1.420000e-02  1.470000e-02  6.300000e-03
8.967083e-01  0.000000e+00  0.000000e+00  0.000000e+00  0.000000e+00  1.800000e-02  1.780000e-02  1.470000e-02  0.000000e+00  0.000000e+00  0.000000e+00  0.000000e+00  1.730000e-02  1.800000e-02  1.780000e-02  1.470000e-02  6.700000e-03
1.012271e+00  0.000000e+00  0.000000e+00  0.000000e+00  1.300000e-03  1.790000e-02  1.520000e-02  1.430000e-02  0.000000e+00  0.000000e+00  0.000000e+00  0.000000e+00  1.650000e-02  1.790000e-02  1.520000e-02  1.430000e-02  6.800000e-03
1.142727e+00  0.000000e+00  0.000000e+00  0.000000e+00  1.620000e-02  1.480000e-02  1.750000e-02  1.230000e-02  0.000000e+00  0.000000e+00  0.000000e+00  0.000000e+00  1.620000e-02  1.480000e-02  1.750000e-02  1.230000e-02  6.500000e-03
1.289995e+00  0.000000e+00  0.000000e+00  0.000000e+00  1.440000e-02  1.640000e-02  1.350000e-02  1.370000e-02  0.000000e+00  0.000000e+00  0.000000e+00  0.000000e+00  1.440000e-02  1.640000e-02  1.350000e-02  1.370000e-02  7.200000e-03
1.456242e+00  0.000000e+00  0.000000e+00  0.000000e+00  1.860000e-02  1.300000e-02  1.410000e-02  1.390000e-02  0.000000e+00  0.000000e+00  0.000000e+00  0.000000e+00  1.860000e-02  1.300000e-02  1.410000e-02  1.390000e-02  6.100000e-03
1.643914e+00  0.000000e+00  0.000000e+00  0.000000e+00  1.650000e-02  1.690000e-02  1.590000e-02  1.360000e-02  0.000000e+00  0.000000e+00  0.000000e+00  0.000000e+00  1.650000e-02  1.690000e-02  1.590000e-02  1.360000e-02  5.700000e-03
1.855772e+00  0.000000e+00  0.000000e+00  0.000000e+00  1.680000e-02  1.490000e-02  1.290000e-02  1.230000e-02  0.000000e+00  0.000000e+00  0.000000e+00  0.000000e+00  1.680000e-02  1.490000e-02  1.290000e-02  1.230000e-02  5.100000e-03
2.094934e+00  0.000000e+00  0.000000e+00  0.000000e+00  1.520000e-02  1.630000e-02  1.370000e-02  1.350000e-02  0.000000e+00  0.000000e+00  0.000000e+00  0.000000e+00  1.520000e-02  1.630000e-02  1.370000e-02  1.350000e-02  6.600000e-03
2.364917e+00  0.000000e+00  0.000000e+00  0.000000e+00  1.720000e-02  1.690000e-02  1.570000e-02  1.500000e-02  0.000000e+00  0.000000e+00  0.000000e+00  6.000000e-03  1.720000e-02  1.690000e-02  1.570000e-02  1.500000e-02  5.600000e-03
2.669694e+00  0.000000e+00  0.000000e+00  0.000000e+00  1.610000e-02  1.450000e-02  1.230000e-02  1.260000e-02  0.000000e+00  0.000000e+00  0.000000e+00  1.300000e-02  1.610000e-02  1.450000e-02  1.230000e-02  1.260000e-02  4.700000e-03
3.013748e+00  0.000000e+00  0.000000e+00  0.000000e+00  1.710000e-02  1.360000e-02  1.450000e-02  1.430000e-02  0.000000e+00  0.000000e+00  0.000000e+00  1.290000e-02  1.710000e-02  1.360000e-02  1.450000e-02  1.430000e-02  5.000000e-03
3.402143e+00  0.000000e+00  0.000000e+00  0.000000e+00  1.680000e-02  1.410000e-02  1.680000e-02  1.370000e-02  0.000000e+00  0.000000e+00  0.000000e+00  1.720000e-02  1.680000e-02  1.410000e-02  1.680000e-02  1.370000e-02  5.100000e-03
3.840592e+00  0.000000e+00  0.000000e+00  0.000000e+00  1.710000e-02  1.540000e-02  1.130000e-02  1.230000e-02  0.000000e+00  0.000000e+00  0.000000e+00  1.800000e-02  1.710000e-02  1.540000e-02  1.130000e-02  1.230000e-02  4.500000e-03
4.335545e+00  0.000000e+00  0.000000e+00  0.000000e+00  1.580000e-02  1.500000e-02  1.260000e-02  1.280000e-02  0.000000e+00  0.000000e+00  0.000000e+00  1.700000e-02  1.580000e-02  1.500000e-02  1.260000e-02  1.280000e-02  2.900000e-03
4.894286e+00  0.000000e+00  0.000000e+00  0.000000e+00  1.720000e-02  1.380000e-02  1.460000e-02  1.500000e-02  0.000000e+00  0.000000e+00  0.000000e+00  1.920000e-02  1.720000e-02  1.380000e-02  1.460000e-02  1.500000e-02  3.500000e-03
5.525033e+00  0.000000e+00  0.000000e+00  0.000000e+00  1.690000e-02  1.570000e-02  1.270000e-02  1.190000e-02  0.000000e+00  0.000000e+00  0.000000e+00  1.700000e-02  1.690000e-02  1.570000e-02  1.270000e-02  1.190000e-02  0.000000e+00
6.237068e+00  0.000000e+00  0.000000e+00  0.000000e+00  1.740000e-02  1.550000e-02  1.330000e-02  1.090000e-02  0.000000e+00  0.000000e+00  0.000000e+00  1.470000e-02  1.740000e-02  1.550000e-02  1.330000e-02  1.090000e-02  0.000000e+00
7.040866e+00  0.000000e+00  0.000000e+00  1.690000e-02  1.570000e-02  1.330000e-02  1.380000e-02  1.100000e-02  0.000000e+00  0.000000e+00  0.000000e+00  1.690000e-02  1.570000e-02  1.330000e-02  1.380000e-02  1.100000e-02  0.000000e+00
7.948252e+00  0.000000e+00  0.000000e+00  1.570000e-02  1.740000e-02  1.410000e-02  1.230000e-02  1.050000e-02  0.000000e+00  0.000000e+00  0.000000e+00  1.570000e-02  1.740000e-02  1.410000e-02  1.230000e-02  1.050000e-02  0.000000e+00
8.972578e+00  0.000000e+00  0.000000e+00  1.560000e-02  1.440000e-02  1.380000e-02  1.130000e-02  9.000000e-03  0.000000e+00  0.000000e+00  0.000000e+00  1.560000e-02  1.440000e-02  1.380000e-02  1.130000e-02  9.000000e-03  0.000000e+00
1.012891e+01  0.000000e+00  0.000000e+00  1.890000e-02  1.380000e-02  1.220000e-02  1.330000e-02  7.400000e-03  0.000000e+00  0.000000e+00  0.000000e+00  1.890000e-02  1.380000e-02  1.220000e-02  1.330000e-02  8.600000e-03  0.000000e+00
1.143427e+01  0.000000e+00  0.000000e+00  1.760000e-02  1.540000e-02  1.510000e-02  1.100000e-02  0.000000e+00  0.000000e+00  0.000000e+00  0.000000e+00  1.760000e-02  1.540000e-02  1.510000e-02  1.100000e-02  1.000000e-02  0.000000e+00
1.290785e+01  0.000000e+00  0.000000e+00  1.900000e-02  1.510000e-02  1.210000e-02  1.150000e-02  0.000000e+00  0.000000e+00  0.000000e+00  9.300000e-03  1.900000e-02  1.510000e-02  1.210000e-02  1.150000e-02  8.300000e-03  0.000000e+00
1.457134e+01  0.000000e+00  0.000000e+00  1.500000e-02  1.560000e-02  1.160000e-02  1.300000e-02  0.000000e+00  0.000000e+00  0.000000e+00  1.540000e-02  1.500000e-02  1.560000e-02  1.160000e-02  1.300000e-02  9.000000e-03  0.000000e+00
1.644921e+01  0.000000e+00  0.000000e+00  1.930000e-02  1.520000e-02  1.360000e-02  1.230000e-02  0.000000e+00  0.000000e+00  0.000000e+00  1.830000e-02  1.930000e-02  1.520000e-02  1.360000e-02  1.230000e-02  7.400000e-03  0.000000e+00
1.856909e+01  0.000000e+00  0.000000e+00  1.810000e-02  1.500000e-02  1.140000e-02  1.090000e-02  0.000000e+00  0.000000e+00  0.000000e+00  1.710000e-02  1.810000e-02  1.500000e-02  1.140000e-02  1.090000e-02  9.200000e-03  0.000000e+00
2.096217e+01  0.000000e+00  0.000000e+00  1.730000e-02  1.580000e-02  1.390000e-02  1.330000e-02  0.000000e+00  0.000000e+00  0.000000e+00  1.830000e-02  1.730000e-02  1.580000e-02  1.390000e-02  1.330000e-02  8.300000e-03  0.000000e+00
2.366366e+01  0.000000e+00  0.000000e+00  1.670000e-02  1.470000e-02  1.380000e-02  1.080000e-02  0.000000e+00  0.000000e+00  0.000000e+00  1.620000e-02  1.670000e-02  1.470000e-02  1.380000e-02  1.080000e-02  6.600000e-03  0.000000e+00
2.671329e+01  0.000000e+00  0.000000e+00  1.750000e-02  1.330000e-02  1.040000e-02  1.140000e-02  0.000000e+00  0.000000e+00  0.000000e+00  1.980000e-02  1.750000e-02  1.330000e-02  1.040000e-02  1.140000e-02  7.700000e-03  0.000000e+00
3.015595e+01  0.000000e+00  0.000000e+00  1.750000e-02  1.440000e-02  1.230000e-02  1.080000e-02  0.000000e+00  0.000000e+00  0.000000e+00  1.570000e-02  1.750000e-02  1.440000e-02  1.230000e-02  1.080000e-02  6.700000e-03  0.000000e+00
3.404228e+01  0.000000e+00  1.120000e-02  1.900000e-02  1.390000e-02  1.290000e-02  1.260000e-02  0.000000e+00  0.000000e+00  0.000000e+00  1.610000e-02  1.900000e-02  1.390000e-02  1.290000e-02  1.260000e-02  8.000000e-03  0.000000e+00
3.842945e+01  0.000000e+00  1.780000e-02  1.740000e-02  1.410000e-02  1.080000e-02  1.080000e-02  0.000000e+00  0.000000e+00  0.000000e+00  1.780000e-02  1.740000e-02  1.410000e-02  1.080000e-02  1.080000e-02  6.700000e-03  0.000000e+00
4.338202e+01  0.000000e+00  1.850000e-02  1.800000e-02  1.430000e-02  1.280000e-02  9.900000e-03  0.000000e+00  0.000000e+00  0.000000e+00  1.850000e-02  1.800000e-02  1.430000e-02  1.280000e-02  9.900000e-03  6.300000e-03  0.000000e+00
4.897285e+01  0.000000e+00  1.910000e-02  1.810000e-02  1.260000e-02  1.140000e-02  5.100000e-03  0.000000e+00  0.000000e+00  0.000000e+00  1.910000e-02  1.810000e-02  1.260000e-02  1.140000e-02  1.170000e-02  6.500000e-03  0.000000e+00
5.528419e+01  0.000000e+00  1.850000e-02  1.580000e-02  1.230000e-02  1.140000e-02  0.000000e+00  0.000000e+00  0.000000e+00  0.000000e+00  1.850000e-02  1.580000e-02  1.230000e-02  1.140000e-02  1.070000e-02  5.400000e-03  0.000000e+00
6.240890e+01  0.000000e+00  1.800000e-02  1.740000e-02  1.350000e-02  1.060000e-02  0.000000e+00  0.000000e+00  0.000000e+00  0.000000e+00  1.800000e-02  1.740000e-02  1.350000e-02  1.060000e-02  1.170000e-02  6.100000e-03  0.000000e+00
7.045180e+01  0.000000e+00  2.120000e-02  1.690000e-02  1.240000e-02  1.130000e-02  0.000000e+00  0.000000e+00  0.000000e+00  0.000000e+00  2.120000e-02  1.690000e-02  1.240000e-02  1.130000e-02  1.090000e-02  5.400000e-03  0.000000e+00
7.953123e+01  0.000000e+00  2.220000e-02  1.650000e-02  1.330000e-02  1.250000e-02  0.000000e+00  0.000000e+00  0.000000e+00  0.000000e+00  2.220000e-02  1.650000e-02  1.330000e-02  1.250000e-02  9.300000e-03  6.000000e-03  0.000000e+00
8.978076e+01  0.000000e+00  1.810000e-02  1.750000e-02  1.340000e-02  1.190000e-02  0.000000e+00  0.000000e+00  0.000000e+00  0.000000e+00  1.810000e-02  1.750000e-02  1.340000e-02  1.190000e-02  8.400000e-03  4.500000e-03  0.000000e+00
1.013512e+02  0.000000e+00  1.970000e-02  1.650000e-02  1.310000e-02  9.200000e-03  0.000000e+00  0.000000e+00  0.000000e+00  0.000000e+00  1.970000e-02  1.650000e-02  1.310000e-02  1.280000e-02  9.100000e-03  4.100000e-03  0.000000e+00
1.144128e+02  0.000000e+00  1.890000e-02  1.780000e-02  1.190000e-02  0.000000e+00  0.000000e+00  0.000000e+00  0.000000e+00  0.000000e+00  1.890000e-02  1.780000e-02  1.190000e-02  1.440000e-02  7.800000e-03  1.600000e-03  0.000000e+00
1.291576e+02  0.000000e+00  2.030000e-02  1.700000e-02  1.450000e-02  0.000000e+00  0.000000e+00  0.000000e+00  0.000000e+00  0.000000e+00  2.030000e-02  1.700000e-02  1.450000e-02  1.190000e-02  7.100000e-03  0.000000e+00  0.000000e+00
1.458027e+02  0.000000e+00  2.000000e-02  1.570000e-02  1.440000e-02  0.000000e+00  0.000000e+00  0.000000e+00  0.000000e+00  0.000000e+00  2.000000e-02  1.570000e-02  1.440000e-02  1.120000e-02  6.700000e-03  0.000000e+00  0.000000e+00
1.645929e+02  0.000000e+00  2.040000e-02  1.640000e-02  1.460000e-02  0.000000e+00  0.000000e+00  0.000000e+00  0.000000e+00  0.000000e+00  2.040000e-02  1.640000e-02  1.460000e-02  1.280000e-02  9.400000e-03  0.000000e+00  0.000000e+00
1.858047e+02  0.000000e+00  2.170000e-02  1.630000e-02  1.190000e-02  0.000000e+00  0.000000e+00  0.000000e+00  0.000000e+00  0.000000e+00  2.170000e-02  1.630000e-02  1.190000e-02  9.800000e-03  7.000000e-03  0.000000e+00  0.000000e+00
2.097502e+02  0.000000e+00  2.360000e-02  1.860000e-02  1.390000e-02  0.000000e+00  0.000000e+00  0.000000e+00  0.000000e+00  0.000000e+00  2.360000e-02  1.860000e-02  1.390000e-02  9.300000e-03  6.400000e-03  0.000000e+00  0.000000e+00
2.367816e+02  0.000000e+00  1.890000e-02  1.660000e-02  1.440000e-02  0.000000e+00  0.000000e+00  0.000000e+00  0.000000e+00  0.000000e+00  1.890000e-02  1.660000e-02  1.440000e-02  9.300000e-03  6.600000e-03  0.000000e+00  0.000000e+00
2.672966e+02  0.000000e+00  2.230000e-02  1.840000e-02  5.100000e-03  0.000000e+00  0.000000e+00  0.000000e+00  0.000000e+00  1.200000e-03  2.230000e-02  1.840000e-02  1.490000e-02  8.800000e-03  5.300000e-03  0.000000e+00  0.000000e+00
3.017443e+02  0.000000e+00  2.180000e-02  1.640000e-02  0.000000e+00  0.000000e+00  0.000000e+00  0.000000e+00  0.000000e+00  1.010000e-02  2.180000e-02  1.640000e-02  1.430000e-02  7.900000e-03  5.000000e-03  0.000000e+00  0.000000e+00
3.406314e+02  0.000000e+00  2.110000e-02  1.860000e-02  0.000000e+00  0.000000e+00  0.000000e+00  0.000000e+00  0.000000e+00  1.310000e-02  2.110000e-02  1.860000e-02  1.440000e-02  8.200000e-03  6.100000e-03  0.000000e+00  0.000000e+00
3.845300e+02  0.000000e+00  2.040000e-02  1.840000e-02  0.000000e+00  0.000000e+00  0.000000e+00  0.000000e+00  0.000000e+00  1.720000e-02  2.040000e-02  1.840000e-02  1.490000e-02  7.500000e-03  9.000000e-04  0.000000e+00  0.000000e+00
4.340860e+02  0.000000e+00  2.280000e-02  1.910000e-02  0.000000e+00  0.000000e+00  0.000000e+00  0.000000e+00  0.000000e+00  1.960000e-02  2.280000e-02  1.910000e-02  1.300000e-02  9.100000e-03  0.000000e+00  0.000000e+00  0.000000e+00
4.900286e+02  0.000000e+00  2.480000e-02  1.790000e-02  0.000000e+00  0.000000e+00  0.000000e+00  0.000000e+00  0.000000e+00  2.150000e-02  2.480000e-02  1.790000e-02  1.220000e-02  7.100000e-03  0.000000e+00  0.000000e+00  0.000000e+00
5.531807e+02  0.000000e+00  2.170000e-02  1.550000e-02  0.000000e+00  0.000000e+00  0.000000e+00  0.000000e+00  0.000000e+00  2.360000e-02  2.170000e-02  1.550000e-02  1.290000e-02  4.100000e-03  0.000000e+00  0.000000e+00  0.000000e+00
6.244714e+02  0.000000e+00  2.280000e-02  1.730000e-02  0.000000e+00  0.000000e+00  0.000000e+00  0.000000e+00  0.000000e+00  2.330000e-02  2.280000e-02  1.730000e-02  1.210000e-02  0.000000e+00  0.000000e+00  0.000000e+00  0.000000e+00
7.049497e+02  1.940000e-02  2.490000e-02  2.040000e-02  0.000000e+00  0.000000e+00  0.000000e+00  0.000000e+00  0.000000e+00  2.480000e-02  2.490000e-02  2.040000e-02  1.190000e-02  0.000000e+00  0.000000e+00  0.000000e+00  0.000000e+00
7.957996e+02  2.620000e-02  2.120000e-02  1.400000e-03  0.000000e+00  0.000000e+00  0.000000e+00  0.000000e+00  0.000000e+00  2.620000e-02  2.120000e-02  1.680000e-02  1.000000e-02  0.000000e+00  0.000000e+00  0.000000e+00  0.000000e+00
8.983577e+02  2.830000e-02  2.410000e-02  0.000000e+00  0.000000e+00  0.000000e+00  0.000000e+00  0.000000e+00  0.000000e+00  2.830000e-02  2.410000e-02  1.840000e-02  9.500000e-03  0.000000e+00  0.000000e+00  0.000000e+00  0.000000e+00
1.014133e+03  2.980000e-02  2.200000e-02  0.000000e+00  0.000000e+00  0.000000e+00  0.000000e+00  0.000000e+00  0.000000e+00  2.980000e-02  2.200000e-02  2.150000e-02  0.000000e+00  0.000000e+00  0.000000e+00  0.000000e+00  0.000000e+00
1.144829e+03  3.040000e-02  2.390000e-02  0.000000e+00  0.000000e+00  0.000000e+00  0.000000e+00  0.000000e+00  0.000000e+00  3.040000e-02  2.390000e-02  2.000000e-02  0.000000e+00  0.000000e+00  0.000000e+00  0.000000e+00  0.000000e+00
1.292368e+03  3.030000e-02  2.080000e-02  0.000000e+00  0.000000e+00  0.000000e+00  0.000000e+00  0.000000e+00  0.000000e+00  3.030000e-02  2.080000e-02  2.060000e-02  0.000000e+00  0.000000e+00  0.000000e+00  0.000000e+00  0.000000e+00
1.458921e+03  2.990000e-02  2.350000e-02  0.000000e+00  0.000000e+00  0.000000e+00  0.000000e+00  0.000000e+00  0.000000e+00  2.990000e-02  2.350000e-02  1.760000e-02  0.000000e+00  0.000000e+00  0.000000e+00  0.000000e+00  0.000000e+00
1.646938e+03  3.010000e-02  1.380000e-02  0.000000e+00  0.000000e+00  0.000000e+00  0.000000e+00  0.000000e+00  0.000000e+00  3.010000e-02  2.220000e-02  1.810000e-02  0.000000e+00  0.000000e+00  0.000000e+00  0.000000e+00  0.000000e+00
1.859186e+03  3.260000e-02  0.000000e+00  0.000000e+00  0.000000e+00  0.000000e+00  0.000000e+00  0.000000e+00  0.000000e+00  3.260000e-02  2.500000e-02  3.400000e-03  0.000000e+00  0.000000e+00  0.000000e+00  0.000000e+00  0.000000e+00
2.098787e+03  3.120000e-02  0.000000e+00  0.000000e+00  0.000000e+00  0.000000e+00  0.000000e+00  0.000000e+00  0.000000e+00  3.120000e-02  2.510000e-02  0.000000e+00  0.000000e+00  0.000000e+00  0.000000e+00  0.000000e+00  0.000000e+00
2.369267e+03  3.290000e-02  0.000000e+00  0.000000e+00  0.000000e+00  0.000000e+00  0.000000e+00  0.000000e+00  0.000000e+00  3.290000e-02  2.270000e-02  0.000000e+00  0.000000e+00  0.000000e+00  0.000000e+00  0.000000e+00  0.000000e+00
2.674604e+03  3.760000e-02  0.000000e+00  0.000000e+00  0.000000e+00  0.000000e+00  0.000000e+00  0.000000e+00  0.000000e+00  3.760000e-02  2.310000e-02  0.000000e+00  0.000000e+00  0.000000e+00  0.000000e+00  0.000000e+00  0.000000e+00
3.019292e+03  3.850000e-02  0.000000e+00  0.000000e+00  0.000000e+00  0.000000e+00  0.000000e+00  0.000000e+00  0.000000e+00  3.850000e-02  2.320000e-02  0.000000e+00  0.000000e+00  0.000000e+00  0.000000e+00  0.000000e+00  0.000000e+00
3.408401e+03  3.930000e-02  0.000000e+00  0.000000e+00  0.000000e+00  0.000000e+00  0.000000e+00  0.000000e+00  0.000000e+00  3.930000e-02  7.500000e-03  0.000000e+00  0.000000e+00  0.000000e+00  0.000000e+00  0.000000e+00  0.000000e+00
3.847657e+03  3.770000e-02  0.000000e+00  0.000000e+00  0.000000e+00  0.000000e+00  0.000000e+00  0.000000e+00  0.000000e+00  3.770000e-02  0.000000e+00  0.000000e+00  0.000000e+00  0.000000e+00  0.000000e+00  0.000000e+00  0.000000e+00
4.343520e+03  3.660000e-02  0.000000e+00  0.000000e+00  0.000000e+00  0.000000e+00  0.000000e+00  0.000000e+00  0.000000e+00  3.660000e-02  0.000000e+00  0.000000e+00  0.000000e+00  0.000000e+00  0.000000e+00  0.000000e+00  0.000000e+00
4.903289e+03  3.840000e-02  0.000000e+00  0.000000e+00  0.000000e+00  0.000000e+00  0.000000e+00  0.000000e+00  0.000000e+00  3.840000e-02  0.000000e+00  0.000000e+00  0.000000e+00  0.000000e+00  0.000000e+00  0.000000e+00  0.000000e+00
5.535196e+03  3.570000e-02  0.000000e+00  0.000000e+00  0.000000e+00  0.000000e+00  0.000000e+00  0.000000e+00  0.000000e+00  3.570000e-02  0.000000e+00  0.000000e+00  0.000000e+00  0.000000e+00  0.000000e+00  0.000000e+00  0.000000e+00
6.248541e+03  3.340000e-02  0.000000e+00  0.000000e+00  0.000000e+00  0.000000e+00  0.000000e+00  0.000000e+00  0.000000e+00  3.340000e-02  0.000000e+00  0.000000e+00  0.000000e+00  0.000000e+00  0.000000e+00  0.000000e+00  0.000000e+00
7.053817e+03  3.030000e-02  0.000000e+00  0.000000e+00  0.000000e+00  0.000000e+00  0.000000e+00  0.000000e+00  0.000000e+00  3.030000e-02  0.000000e+00  0.000000e+00  0.000000e+00  0.000000e+00  0.000000e+00  0.000000e+00  0.000000e+00
7.962873e+03  3.140000e-02  0.000000e+00  0.000000e+00  0.000000e+00  0.000000e+00  0.000000e+00  0.000000e+00  0.000000e+00  3.430000e-02  0.000000e+00  0.000000e+00  0.000000e+00  0.000000e+00  0.000000e+00  0.000000e+00  0.000000e+00
8.989082e+03  0.000000e+00  0.000000e+00  0.000000e+00  0.000000e+00  0.000000e+00  0.000000e+00  0.000000e+00  0.000000e+00  2.750000e-02  0.000000e+00  0.000000e+00  0.000000e+00  0.000000e+00  0.000000e+00  0.000000e+00  0.000000e+00
1.014754e+04  0.000000e+00  0.000000e+00  0.000000e+00  0.000000e+00  0.000000e+00  0.000000e+00  0.000000e+00  0.000000e+00  2.870000e-02  0.000000e+00  0.000000e+00  0.000000e+00  0.000000e+00  0.000000e+00  0.000000e+00  0.000000e+00
1.145530e+04  0.000000e+00  0.000000e+00  0.000000e+00  0.000000e+00  0.000000e+00  0.000000e+00  0.000000e+00  0.000000e+00  2.790000e-02  0.000000e+00  0.000000e+00  0.000000e+00  0.000000e+00  0.000000e+00  0.000000e+00  0.000000e+00
1.293160e+04  0.000000e+00  0.000000e+00  0.000000e+00  0.000000e+00  0.000000e+00  0.000000e+00  0.000000e+00  0.000000e+00  2.840000e-02  0.000000e+00  0.000000e+00  0.000000e+00  0.000000e+00  0.000000e+00  0.000000e+00  0.000000e+00
1.459815e+04  0.000000e+00  0.000000e+00  0.000000e+00  0.000000e+00  0.000000e+00  0.000000e+00  0.000000e+00  0.000000e+00  1.960000e-02  0.000000e+00  0.000000e+00  0.000000e+00  0.000000e+00  0.000000e+00  0.000000e+00  0.000000e+00
