9.240863e-05  0.000000e+00  0.000000e+00  0.000000e+00  0.000000e+00  0.000000e+00  0.000000e+00  0.000000e+00  0.000000e+00  0.000000e+00  0.000000e+00  0.000000e+00  0.000000e+00  0.000000e+00  0.000000e+00  0.000000e+00  8.500000e-03
1.012295e-04  0.000000e+00  0.000000e+00  0.000000e+00  0.000000e+00  0.000000e+00  0.000000e+00  0.000000e+00  0.000000e+00  0.000000e+00  0.000000e+00  0.000000e+00  0.000000e+00  0.000000e+00  0.000000e+00  0.000000e+00  5.900000e-03
1.108923e-04  0.000000e+00  0.000000e+00  0.000000e+00  0.000000e+00  0.000000e+00  0.000000e+00  0.000000e+00  0.000000e+00  0.000000e+00  0.000000e+00  0.000000e+00  0.000000e+00  0.000000e+00  0.000000e+00  0.000000e+00  6.800000e-03
1.214774e-04  0.000000e+00  0.000000e+00  0.000000e+00  0.000000e+00  0.000000e+00  0.000000e+00  0.000000e+00  0.000000e+00  0.000000e+00  0.000000e+00  0.000000e+00  0.000000e+00  0.000000e+00  0.000000e+00  0.000000e+00  8.700000e-03
1.330730e-04  0.000000e+00  0.000000e+00  0.000000e+00  0.000000e+00  0.000000e+00  0.000000e+00  0.000000e+00  0.000000e+00  0.000000e+00  0.000000e+00  0.000000e+00  0.000000e+00  0.000000e+00  0.000000e+00  0.000000e+00  7.900000e-03
1.457754e-04  0.000000e+00  0.000000e+00  0.000000e+00  0.000000e+00  0.000000e+00  0.000000e+00  0.000000e+00  0.000000e+00  0.000000e+00  0.000000e+00  0.000000e+00  0.000000e+00  0.000000e+00  0.000000e+00  0.000000e+00  7.200000e-03
1.596904e-04  0.000000e+00  0.000000e+00  0.000000e+00  0.000000e+00  0.000000e+00  0.000000e+00  0.000000e+00  0.000000e+00  0.000000e+00  0.000000e+00  0.000000e+00  0.000000e+00  0.000000e+00  0.000000e+00  0.000000e+00  9.700000e-03
1.749335e-04  0.000000e+00  0.000000e+00  0.000000e+00  0.000000e+00  0.000000e+00  0.000000e+00  0.000000e+00  0.000000e+00  0.000000e+00  0.000000e+00  0.000000e+00  0.000000e+00  0.000000e+00  0.000000e+00  0.000000e+00  1.090000e-02
1.916317e-04  0.000000e+00  0.000000e+00  0.000000e+00  0.000000e+00  0.000000e+00  0.000000e+00  0.000000e+00  0.000000e+00  0.000000e+00  0.000000e+00  0.000000e+00  0.000000e+00  0.000000e+00  0.000000e+00  0.000000e+00  1.200000e-02
2.099238e-04  0.000000e+00  0.000000e+00  0.000000e+00  0.000000e+00  0.000000e+00  0.000000e+00  0.000000e+00  0.000000e+00  0.000000e+00  0.000000e+00  0.000000e+00  0.000000e+00  0.000000e+00  0.000000e+00  0.000000e+00  9.300000e-03
2.299620e-04  0.000000e+00  0.000000e+00  0.000000e+00  0.000000e+00  0.000000e+00  0.000000e+00  0.000000e+00  0.000000e+00  0.000000e+00  0.000000e+00  0.000000e+00  0.000000e+00  0.000000e+00  0.000000e+00  0.000000e+00  1.140000e-02
2.519130e-04  0.000000e+00  0.000000e+00  0.000000e+00  0.000000e+00  0.000000e+00  0.000000e+00  0.000000e+00  0.000000e+00  0.000000e+00  0.000000e+00  0.000000e+00  0.000000e+00  0.000000e+00  0.000000e+00  0.000000e+00  1.070000e-02
2.759592e-04  0.000000e+00  0.000000e+00  0.000000e+00  0.000000e+00  0.000000e+00  0.000000e+00  0.000000e+00  0.000000e+00  0.000000e+00  0.000000e+00  0.000000e+00  0.000000e+00  0.000000e+00  0.000000e+00  0.000000e+00  1.310000e-02
3.023008e-04  0.000000e+00  0.000000e+00  0.000000e+00  0.000000e+00  0.000000e+00  0.000000e+00  0.000000e+00  0.000000e+00  0.000000e+00  0.000000e+00  0.000000e+00  0.000000e+00  0.000000e+00  0.000000e+00  0.000000e+00  1.190000e-02
3.311567e-04  0.000000e+00  0.000000e+00  0.000000e+00  0.000000e+00  0.000000e+00  0.000000e+00  0.000000e+00  1.160000e-02  0.000000e+00  0.000000e+00  0.000000e+00  0.000000e+00  0.000000e+00  0.000000e+00  0.000000e+00  1.260000e-02
3.627672e-04  0.000000e+00  0.000000e+00  0.000000e+00  0.000000e+00  0.000000e+00  0.000000e+00  0.000000e+00  1.280000e-02  0.000000e+00  0.000000e+00  0.000000e+00  0.000000e+00  0.000000e+00  0.000000e+00  0.000000e+00  1.280000e-02
3.973949e-04  0.000000e+00  0.000000e+00  0.000000e+00  0.000000e+00  0.000000e+00  0.000000e+00  0.000000e+00  1.450000e-02  0.000000e+00  0.000000e+00  0.000000e+00  0.000000e+00  0.000000e+00  0.000000e+00  0.000000e+00  1.450000e-02
4.353281e-04  0.000000e+00  0.000000e+00  0.000000e+00  0.000000e+00  0.000000e+00  0.000000e+00  0.000000e+00  1.520000e-02  0.000000e+00  0.000000e+00  0.000000e+00  0.000000e+00  0.000000e+00  0.000000e+00  0.000000e+00  1.520000e-02
4.768821e-04  0.000000e+00  0.000000e+00  0.000000e+00  0.000000e+00  0.000000e+00  0.000000e+00  0.000000e+00  1.310000e-02  0.000000e+00  0.000000e+00  0.000000e+00  0.000000e+00  0.000000e+00  0.000000e+00  0.000000e+00  1.310000e-02
5.224027e-04  0.000000e+00  0.000000e+00  0.000000e+00  0.000000e+00  0.000000e+00  0.000000e+00  0.000000e+00  1.340000e-02  0.000000e+00  0.000000e+00  0.000000e+00  0.000000e+00  0.000000e+00  0.000000e+00  0.000000e+00  1.340000e-02
5.722684e-04  0.000000e+00  0.000000e+00  0.000000e+00  0.000000e+00  0.000000e+00  0.000000e+00  0.000000e+00  1.330000e-02  0.000000e+00  0.000000e+00  0.000000e+00  0.000000e+00  0.000000e+00  0.000000e+00  0.000000e+00  1.330000e-02
6.268940e-04  0.000000e+00  0.000000e+00  0.000000e+00  0.000000e+00  0.000000e+00  0.000000e+00  0.000000e+00  1.500000e-02  0.000000e+00  0.000000e+00  0.000000e+00  0.000000e+00  0.000000e+00  0.000000e+00  0.000000e+00  1.500000e-02
6.867339e-04  0.000000e+00  0.000000e+00  0.000000e+00  0.000000e+00  0.000000e+00  0.000000e+00  0.000000e+00  1.400000e-02  0.000000e+00  0.000000e+00  0.000000e+00  0.000000e+00  0.000000e+00  0.000000e+00  0.000000e+00  1.400000e-02
7.522858e-04  0.000000e+00  0.000000e+00  0.000000e+00  0.000000e+00  0.000000e+00  0.000000e+00  0.000000e+00  1.700000e-02  0.000000e+00  0.000000e+00  0.000000e+00  0.000000e+00  0.000000e+00  0.000000e+00  0.000000e+00  1.700000e-02
8.240949e-04  0.000000e+00  0.000000e+00  0.000000e+00  0.000000e+00  0.000000e+00  0.000000e+00  0.000000e+00  1.330000e-02  0.000000e+00  0.000000e+00  0.000000e+00  0.000000e+00  0.000000e+00  0.000000e+00  0.000000e+00  1.330000e-02
9.027585e-04  0.000000e+00  0.000000e+00  0.000000e+00  0.000000e+00  0.000000e+00  0.000000e+00  0.000000e+00  1.660000e-02  0.000000e+00  0.000000e+00  0.000000e+00  0.000000e+00  0.000000e+00  0.000000e+00  0.000000e+00  1.660000e-02
9.889309e-04  0.000000e+00  0.000000e+00  0.000000e+00  0.000000e+00  0.000000e+00  0.000000e+00  0.000000e+00  1.790000e-02  0.000000e+00  0.000000e+00  0.000000e+00  0.000000e+00  0.000000e+00  0.000000e+00  0.000000e+00  1.790000e-02
1.083329e-03  0.000000e+00  0.000000e+00  0.000000e+00  0.000000e+00  0.000000e+00  0.000000e+00  0.000000e+00  1.560000e-02  0.000000e+00  0.000000e+00  0.000000e+00  0.000000e+00  0.000000e+00  0.000000e+00  0.000000e+00  1.560000e-02
1.186738e-03  0.000000e+00  0.000000e+00  0.000000e+00  0.000000e+00  0.000000e+00  0.000000e+00  0.000000e+00  1.820000e-02  0.000000e+00  0.000000e+00  0.000000e+00  0.000000e+00  0.000000e+00  0.000000e+00  0.000000e+00  1.820000e-02
1.300017e-03  0.000000e+00  0.000000e+00  0.000000e+00  0.000000e+00  0.000000e+00  0.000000e+00  0.000000e+00  1.330000e-02  0.000000e+00  0.000000e+00  0.000000e+00  0.000000e+00  0.000000e+00  0.000000e+00  0.000000e+00  1.330000e-02
1.424110e-03  0.000000e+00  0.000000e+00  0.000000e+00  0.000000e+00  0.000000e+00  0.000000e+00  0.000000e+00  1.380000e-02  0.000000e+00  0.000000e+00  0.000000e+00  0.000000e+00  0.000000e+00  0.000000e+00  0.000000e+00  1.380000e-02
1.560047e-03  0.000000e+00  0.000000e+00  0.000000e+00  0.000000e+00  0.000000e+00  0.000000e+00  0.000000e+00  1.550000e-02  0.000000e+00  0.000000e+00  0.000000e+00  0.000000e+00  0.000000e+00  0.000000e+00  0.000000e+00  1.550000e-02
1.708961e-03  0.000000e+00  0.000000e+00  0.000000e+00  0.000000e+00  0.000000e+00  0.000000e+00  0.000000e+00  1.790000e-02  0.000000e+00  0.000000e+00  0.000000e+00  0.000000e+00  0.000000e+00  0.000000e+00  0.000000e+00  1.790000e-02
1.872089e-03  0.000000e+00  0.000000e+00  0.000000e+00  0.000000e+00  0.000000e+00  0.000000e+00  0.000000e+00  1.710000e-02  0.000000e+00  0.000000e+00  0.000000e+00  0.000000e+00  0.000000e+00  0.000000e+00  0.000000e+00  1.710000e-02
2.050788e-03  0.000000e+00  0.000000e+00  0.000000e+00  0.000000e+00  0.000000e+00  0.000000e+00  0.000000e+00  1.830000e-02  0.000000e+00  0.000000e+00  0.000000e+00  0.000000e+00  0.000000e+00  0.000000e+00  0.000000e+00  1.830000e-02
2.246545e-03  0.000000e+00  0.000000e+00  0.000000e+00  0.000000e+00  0.000000e+00  0.000000e+00  0.000000e+00  1.710000e-02  0.000000e+00  0.000000e+00  0.000000e+00  0.000000e+00  0.000000e+00  0.000000e+00  0.000000e+00  1.710000e-02
2.460988e-03  0.000000e+00  0.000000e+00  0.000000e+00  0.000000e+00  0.000000e+00  0.000000e+00  0.000000e+00  1.920000e-02  0.000000e+00  0.000000e+00  0.000000e+00  0.000000e+00  0.000000e+00  0.000000e+00  0.000000e+00  1.920000e-02
2.695901e-03  0.000000e+00  0.000000e+00  0.000000e+00  0.000000e+00  0.000000e+00  0.000000e+00  0.000000e+00  1.520000e-02  0.000000e+00  0.000000e+00  0.000000e+00  0.000000e+00  0.000000e+00  0.000000e+00  0.000000e+00  1.520000e-02
2.953237e-03  0.000000e+00  0.000000e+00  0.000000e+00  0.000000e+00  0.000000e+00  0.000000e+00  0.000000e+00  1.650000e-02  0.000000e+00  0.000000e+00  0.000000e+00  0.000000e+00  0.000000e+00  0.000000e+00  0.000000e+00  1.650000e-02
3.235137e-03  0.000000e+00  0.000000e+00  0.000000e+00  0.000000e+00  0.000000e+00  0.000000e+00  0.000000e+00  1.510000e-02  0.000000e+00  0.000000e+00  0.000000e+00  0.000000e+00  0.000000e+00  0.000000e+00  0.000000e+00  1.510000e-02
3.543945e-03  0.000000e+00  0.000000e+00  0.000000e+00  0.000000e+00  0.000000e+00  0.000000e+00  0.000000e+00  1.590000e-02  0.000000e+00  0.000000e+00  0.000000e+00  0.000000e+00  0.000000e+00  0.000000e+00  0.000000e+00  1.590000e-02
3.882231e-03  0.000000e+00  0.000000e+00  0.000000e+00  0.000000e+00  0.000000e+00  0.000000e+00  0.000000e+00  1.760000e-02  0.000000e+00  0.000000e+00  0.000000e+00  0.000000e+00  0.000000e+00  0.000000e+00  0.000000e+00  1.760000e-02
4.252808e-03  0.000000e+00  0.000000e+00  0.000000e+00  0.000000e+00  0.000000e+00  0.000000e+00  0.000000e+00  1.600000e-02  0.000000e+00  0.000000e+00  0.000000e+00  0.000000e+00  0.000000e+00  0.000000e+00  0.000000e+00  1.600000e-02
4.658758e-03  0.000000e+00  0.000000e+00  0.000000e+00  0.000000e+00  0.000000e+00  0.000000e+00  0.000000e+00  1.740000e-02  0.000000e+00  0.000000e+00  0.000000e+00  0.000000e+00  0.000000e+00  0.000000e+00  6.500000e-03  1.740000e-02
5.103457e-03  0.000000e+00  0.000000e+00  0.000000e+00  0.000000e+00  0.000000e+00  0.000000e+00  0.000000e+00  1.790000e-02  0.000000e+00  0.000000e+00  0.000000e+00  0.000000e+00  0.000000e+00  0.000000e+00  8.400000e-03  1.790000e-02
5.590605e-03  0.000000e+00  0.000000e+00  0.000000e+00  0.000000e+00  0.000000e+00  0.000000e+00  0.000000e+00  1.640000e-02  0.000000e+00  0.000000e+00  0.000000e+00  0.000000e+00  0.000000e+00  0.000000e+00  1.110000e-02  1.640000e-02
6.124254e-03  0.000000e+00  0.000000e+00  0.000000e+00  0.000000e+00  0.000000e+00  0.000000e+00  0.000000e+00  1.440000e-02  0.000000e+00  0.000000e+00  0.000000e+00  0.000000e+00  0.000000e+00  0.000000e+00  1.210000e-02  1.440000e-02
6.708842e-03  0.000000e+00  0.000000e+00  0.000000e+00  0.000000e+00  0.000000e+00  0.000000e+00  0.000000e+00  1.520000e-02  0.000000e+00  0.000000e+00  0.000000e+00  0.000000e+00  0.000000e+00  0.000000e+00  1.030000e-02  1.520000e-02
7.349231e-03  0.000000e+00  0.000000e+00  0.000000e+00  0.000000e+00  0.000000e+00  0.000000e+00  0.000000e+00  1.650000e-02  0.000000e+00  0.000000e+00  0.000000e+00  0.000000e+00  0.000000e+00  0.000000e+00  1.100000e-02  1.650000e-02
8.050749e-03  0.000000e+00  0.000000e+00  0.000000e+00  0.000000e+00  0.000000e+00  0.000000e+00  0.000000e+00  1.530000e-02  0.000000e+00  0.000000e+00  0.000000e+00  0.000000e+00  0.000000e+00  0.000000e+00  1.320000e-02  1.530000e-02
8.819230e-03  0.000000e+00  0.000000e+00  0.000000e+00  0.000000e+00  0.000000e+00  0.000000e+00  0.000000e+00  1.740000e-02  0.000000e+00  0.000000e+00  0.000000e+00  0.000000e+00  0.000000e+00  0.000000e+00  1.090000e-02  1.740000e-02
9.661065e-03  0.000000e+00  0.000000e+00  0.000000e+00  0.000000e+00  0.000000e+00  0.000000e+00  0.000000e+00  1.490000e-02  0.000000e+00  0.000000e+00  0.000000e+00  0.000000e+00  0.000000e+00  0.000000e+00  1.270000e-02  1.490000e-02
1.058326e-02  0.000000e+00  0.000000e+00  0.000000e+00  0.000000e+00  0.000000e+00  0.000000e+00  0.000000e+00  1.250000e-02  0.000000e+00  0.000000e+00  0.000000e+00  0.000000e+00  0.000000e+00  0.000000e+00  1.220000e-02  1.250000e-02
1.159348e-02  0.000000e+00  0.000000e+00  0.000000e+00  0.000000e+00  0.000000e+00  0.000000e+00  0.000000e+00  1.480000e-02  0.000000e+00  0.000000e+00  0.000000e+00  0.000000e+00  0.000000e+00  0.000000e+00  1.370000e-02  1.480000e-02
1.270013e-02  0.000000e+00  0.000000e+00  0.000000e+00  0.000000e+00  0.000000e+00  0.000000e+00  8.000000e-04  1.260000e-02  0.000000e+00  0.000000e+00  0.000000e+00  0.000000e+00  0.000000e+00  0.000000e+00  1.370000e-02  1.260000e-02
1.391241e-02  0.000000e+00  0.000000e+00  0.000000e+00  0.000000e+00  0.000000e+00  0.000000e+00  1.400000e-02  1.030000e-02  0.000000e+00  0.000000e+00  0.000000e+00  0.000000e+00  0.000000e+00  0.000000e+00  1.400000e-02  1.030000e-02
1.524042e-02  0.000000e+00  0.000000e+00  0.000000e+00  0.000000e+00  0.000000e+00  0.000000e+00  1.570000e-02  1.290000e-02  0.000000e+00  0.000000e+00  0.000000e+00  0.000000e+00  0.000000e+00  0.000000e+00  1.570000e-02  1.290000e-02
1.669518e-02  0.000000e+00  0.000000e+00  0.000000e+00  0.000000e+00  0.000000e+00  0.000000e+00  1.510000e-02  1.270000e-02  0.000000e+00  0.000000e+00  0.000000e+00  0.000000e+00  0.000000e+00  0.000000e+00  1.510000e-02  1.270000e-02
1.828881e-02  0.000000e+00  0.000000e+00  0.000000e+00  0.000000e+00  0.000000e+00  0.000000e+00  1.330000e-02  8.800000e-03  0.000000e+00  0.000000e+00  0.000000e+00  0.000000e+00  0.000000e+00  6.600000e-03  1.330000e-02  1.250000e-02
2.003456e-02  0.000000e+00  0.000000e+00  0.000000e+00  0.000000e+00  0.000000e+00  0.000000e+00  1.460000e-02  0.000000e+00  0.000000e+00  0.000000e+00  0.000000e+00  0.000000e+00  0.000000e+00  9.300000e-03  1.460000e-02  1.060000e-02
2.194696e-02  0.000000e+00  0.000000e+00  0.000000e+00  0.000000e+00  0.000000e+00  0.000000e+00  1.410000e-02  0.000000e+00  0.000000e+00  0.000000e+00  0.000000e+00  0.000000e+00  0.000000e+00  9.900000e-03  1.410000e-02  1.200000e-02
2.404189e-02  0.000000e+00  0.000000e+00  0.000000e+00  0.000000e+00  0.000000e+00  0.000000e+00  1.420000e-02  0.000000e+00  0.000000e+00  0.000000e+00  0.000000e+00  0.000000e+00  0.000000e+00  9.600000e-03  1.420000e-02  8.700000e-03
2.633680e-02  0.000000e+00  0.000000e+00  0.000000e+00  0.000000e+00  0.000000e+00  0.000000e+00  1.520000e-02  0.000000e+00  0.000000e+00  0.000000e+00  0.000000e+00  0.000000e+00  0.000000e+00  9.100000e-03  1.520000e-02  1.050000e-02
2.885077e-02  0.000000e+00  0.000000e+00  0.000000e+00  0.000000e+00  0.000000e+00  0.000000e+00  1.520000e-02  0.000000e+00  0.000000e+00  0.000000e+00  0.000000e+00  0.000000e+00  5.100000e-03  1.230000e-02  1.520000e-02  1.090000e-02
3.160470e-02  0.000000e+00  0.000000e+00  0.000000e+00  0.000000e+00  0.000000e+00  0.000000e+00  1.490000e-02  0.000000e+00  0.000000e+00  0.000000e+00  0.000000e+00  0.000000e+00  9.800000e-03  8.700000e-03  1.490000e-02  9.400000e-03
3.462152e-02  0.000000e+00  0.000000e+00  0.000000e+00  0.000000e+00  0.000000e+00  0.000000e+00  1.560000e-02  0.000000e+00  0.000000e+00  0.000000e+00  0.000000e+00  0.000000e+00  8.900000e-03  1.040000e-02  1.560000e-02  9.500000e-03
3.792630e-02  0.000000e+00  0.000000e+00  0.000000e+00  0.000000e+00  0.000000e+00  0.000000e+00  1.700000e-02  0.000000e+00  0.000000e+00  0.000000e+00  0.000000e+00  0.000000e+00  9.800000e-03  1.110000e-02  1.700000e-02  7.200000e-03
4.154654e-02  0.000000e+00  0.000000e+00  0.000000e+00  0.000000e+00  0.000000e+00  0.000000e+00  1.570000e-02  0.000000e+00  0.000000e+00  0.000000e+00  0.000000e+00  0.000000e+00  1.080000e-02  1.170000e-02  1.570000e-02  7.100000e-03
4.551234e-02  0.000000e+00  0.000000e+00  0.000000e+00  0.000000e+00  0.000000e+00  0.000000e+00  1.700000e-02  0.000000e+00  0.000000e+00  0.000000e+00  0.000000e+00  0.000000e+00  8.200000e-03  1.160000e-02  1.700000e-02  7.000000e-03
4.985670e-02  0.000000e+00  0.000000e+00  0.000000e+00  0.000000e+00  0.000000e+00  0.000000e+00  1.490000e-02  0.000000e+00  0.000000e+00  0.000000e+00  0.000000e+00  0.000000e+00  9.900000e-03  1.490000e-02  1.490000e-02  7.400000e-03
5.461575e-02  0.000000e+00  0.000000e+00  0.000000e+00  0.000000e+00  0.000000e+00  4.600000e-03  1.470000e-02  0.000000e+00  0.000000e+00  0.000000e+00  0.000000e+00  5.900000e-03  1.220000e-02  1.440000e-02  1.470000e-02  7.800000e-03
5.982907e-02  0.000000e+00  0.000000e+00  0.000000e+00  0.000000e+00  0.000000e+00  1.260000e-02  1.560000e-02  0.000000e+00  0.000000e+00  0.000000e+00  0.000000e+00  9.100000e-03  9.800000e-03  1.260000e-02  1.560000e-02  5.500000e-03
6.554003e-02  0.000000e+00  0.000000e+00  0.000000e+00  0.000000e+00  0.000000e+00  1.410000e-02  1.670000e-02  0.000000e+00  0.000000e+00  0.000000e+00  0.000000e+00  9.800000e-03  1.320000e-02  1.410000e-02  1.670000e-02  7.400000e-03
7.179612e-02  0.000000e+00  0.000000e+00  0.000000e+00  0.000000e+00  0.000000e+00  1.550000e-02  1.550000e-02  0.000000e+00  0.000000e+00  0.000000e+00  0.000000e+00  9.900000e-03  1.050000e-02  1.550000e-02  1.550000e-02  5.700000e-03
7.864939e-02  0.000000e+00  0.000000e+00  0.000000e+00  0.000000e+00  0.000000e+00  1.510000e-02  1.710000e-02  0.000000e+00  0.000000e+00  0.000000e+00  0.000000e+00  1.000000e-02  1.220000e-02  1.510000e-02  1.710000e-02  4.600000e-03
8.615683e-02  0.000000e+00  0.000000e+00  0.000000e+00  0.000000e+00  0.000000e+00  1.630000e-02  1.640000e-02  0.000000e+00  0.000000e+00  0.000000e+00  0.000000e+00  1.010000e-02  1.440000e-02  1.630000e-02  1.640000e-02  0.000000e+00
9.438089e-02  0.000000e+00  0.000000e+00  0.000000e+00  0.000000e+00  1.360000e-02  1.210000e-02  1.410000e-02  0.000000e+00  0.000000e+00  0.000000e+00  0.000000e+00  1.030000e-02  1.380000e-02  1.210000e-02  1.410000e-02  0.000000e+00
1.033900e-01  0.000000e+00  0.000000e+00  0.000000e+00  0.000000e+00  1.360000e-02  1.380000e-02  1.630000e-02  0.000000e+00  0.000000e+00  0.000000e+00  0.000000e+00  1.000000e-02  1.360000e-02  1.380000e-02  1.630000e-02  0.000000e+00
1.132590e-01  0.000000e+00  0.000000e+00  0.000000e+00  0.000000e+00  1.230000e-02  1.300000e-02  1.610000e-02  0.000000e+00  0.000000e+00  0.000000e+00  0.000000e+00  1.150000e-02  1.230000e-02  1.300000e-02  1.610000e-02  0.000000e+00
1.240701e-01  0.000000e+00  0.000000e+00  0.000000e+00  0.000000e+00  1.480000e-02  1.530000e-02  1.650000e-02  0.000000e+00  0.000000e+00  0.000000e+00  0.000000e+00  1.310000e-02  1.480000e-02  1.530000e-02  1.650000e-02  0.000000e+00
1.359132e-01  0.000000e+00  0.000000e+00  0.000000e+00  0.000000e+00  1.530000e-02  1.320000e-02  1.570000e-02  0.000000e+00  0.000000e+00  0.000000e+00  7.600000e-03  1.170000e-02  1.530000e-02  1.320000e-02  1.570000e-02  0.000000e+00
1.488867e-01  0.000000e+00  0.000000e+00  0.000000e+00  0.000000e+00  1.580000e-02  1.280000e-02  1.830000e-02  0.000000e+00  0.000000e+00  0.000000e+00  8.200000e-03  1.260000e-02  1.580000e-02  1.280000e-02  1.830000e-02  0.000000e+00
1.630986e-01  0.000000e+00  0.000000e+00  0.000000e+00  2.700000e-03  1.350000e-02  1.500000e-02  1.440000e-02  0.000000e+00  0.000000e+00  0.000000e+00  9.900000e-03  1.370000e-02  1.350000e-02  1.500000e-02  1.440000e-02  0.000000e+00
1.786671e-01  0.000000e+00  0.000000e+00  0.000000e+00  1.370000e-02  1.200000e-02  1.460000e-02  1.670000e-02  0.000000e+00  0.000000e+00  0.000000e+00  1.060000e-02  1.370000e-02  1.200000e-02  1.460000e-02  1.670000e-02  0.000000e+00
1.957217e-01  0.000000e+00  0.000000e+00  0.000000e+00  1.460000e-02  1.540000e-02  1.500000e-02  1.710000e-02  0.000000e+00  0.000000e+00  0.000000e+00  9.400000e-03  1.460000e-02  1.540000e-02  1.500000e-02  1.710000e-02  0.000000e+00
2.144042e-01  0.000000e+00  0.000000e+00  0.000000e+00  1.560000e-02  1.480000e-02  1.430000e-02  1.640000e-02  0.000000e+00  0.000000e+00  0.000000e+00  1.140000e-02  1.560000e-02  1.480000e-02  1.430000e-02  1.640000e-02  0.000000e+00
2.348701e-01  0.000000e+00  0.000000e+00  0.000000e+00  1.060000e-02  1.320000e-02  1.360000e-02  1.970000e-02  0.000000e+00  0.000000e+00  0.000000e+00  1.110000e-02  1.060000e-02  1.320000e-02  1.360000e-02  1.970000e-02  0.000000e+00
2.572895e-01  0.000000e+00  0.000000e+00  0.000000e+00  1.550000e-02  1.330000e-02  1.640000e-02  1.650000e-02  0.000000e+00  0.000000e+00  0.000000e+00  1.310000e-02  1.550000e-02  1.330000e-02  1.640000e-02  1.650000e-02  0.000000e+00
2.818490e-01  0.000000e+00  0.000000e+00  0.000000e+00  1.700000e-02  1.560000e-02  1.520000e-02  1.540000e-02  0.000000e+00  0.000000e+00  0.000000e+00  1.100000e-02  1.700000e-02  1.560000e-02  1.520000e-02  1.540000e-02  0.000000e+00
3.087527e-01  0.000000e+00  0.000000e+00  0.000000e+00  1.560000e-02  1.490000e-02  1.550000e-02  1.600000e-02  0.000000e+00  0.000000e+00  1.100000e-03  1.480000e-02  1.560000e-02  1.490000e-02  1.550000e-02  1.600000e-02  0.000000e+00
3.382246e-01  0.000000e+00  0.000000e+00  0.000000e+00  1.420000e-02  1.530000e-02  1.290000e-02  1.560000e-02  0.000000e+00  0.000000e+00  9.400000e-03  1.300000e-02  1.420000e-02  1.530000e-02  1.290000e-02  1.560000e-02  0.000000e+00
3.705096e-01  0.000000e+00  0.000000e+00  0.000000e+00  1.360000e-02  1.400000e-02  1.650000e-02  1.530000e-02  0.000000e+00  0.000000e+00  1.060000e-02  1.240000e-02  1.360000e-02  1.400000e-02  1.650000e-02  1.530000e-02  0.000000e+00
4.058765e-01  0.000000e+00  0.000000e+00  1.300000e-02  1.440000e-02  1.490000e-02  1.700000e-02  1.330000e-02  0.000000e+00  0.000000e+00  1.040000e-02  1.550000e-02  1.440000e-02  1.490000e-02  1.700000e-02  1.330000e-02  0.000000e+00
4.446192e-01  0.000000e+00  0.000000e+00  1.430000e-02  1.340000e-02  1.560000e-02  1.400000e-02  1.380000e-02  0.000000e+00  0.000000e+00  1.020000e-02  1.430000e-02  1.340000e-02  1.560000e-02  1.400000e-02  1.380000e-02  0.000000e+00
4.870602e-01  0.000000e+00  0.000000e+00  1.450000e-02  1.400000e-02  1.640000e-02  1.630000e-02  1.470000e-02  0.000000e+00  0.000000e+00  1.250000e-02  1.450000e-02  1.400000e-02  1.640000e-02  1.630000e-02  1.470000e-02  0.000000e+00
5.335523e-01  0.000000e+00  0.000000e+00  1.390000e-02  1.740000e-02  1.500000e-02  1.440000e-02  1.350000e-02  0.000000e+00  0.000000e+00  1.210000e-02  1.390000e-02  1.740000e-02  1.500000e-02  1.440000e-02  1.350000e-02  0.000000e+00
5.844823e-01  0.000000e+00  0.000000e+00  1.640000e-02  1.500000e-02  1.480000e-02  1.800000e-02  1.160000e-02  0.000000e+00  0.000000e+00  1.420000e-02  1.640000e-02  1.500000e-02  1.480000e-02  1.800000e-02  1.160000e-02  0.000000e+00
6.402737e-01  0.000000e+00  0.000000e+00  1.700000e-02  1.630000e-02  1.650000e-02  1.680000e-02  1.170000e-02  0.000000e+00  0.000000e+00  1.330000e-02  1.700000e-02  1.630000e-02  1.650000e-02  1.680000e-02  1.170000e-02  0.000000e+00
7.013908e-01  0.000000e+00  0.000000e+00  1.410000e-02  1.580000e-02  1.560000e-02  1.510000e-02  1.060000e-02  0.000000e+00  0.000000e+00  1.510000e-02  1.410000e-02  1.580000e-02  1.560000e-02  1.510000e-02  1.060000e-02  0.000000e+00
7.683417e-01  0.000000e+00  0.000000e+00  1.660000e-02  1.680000e-02  1.640000e-02  1.690000e-02  7.400000e-03  0.000000e+00  0.000000e+00  1.360000e-02  1.660000e-02  1.680000e-02  1.640000e-02  1.690000e-02  1.210000e-02  0.000000e+00
8.416834e-01  0.000000e+00  3.400000e-03  1.780000e-02  1.830000e-02  1.470000e-02  1.820000e-02  0.000000e+00  0.000000e+00  0.000000e+00  1.590000e-02  1.780000e-02  1.830000e-02  1.470000e-02  1.820000e-02  9.300000e-03  0.000000e+00
9.220259e-01  0.000000e+00  1.470000e-02  1.800000e-02  1.460000e-02  1.560000e-02  1.800000e-02  0.000000e+00  0.000000e+00  0.000000e+00  1.470000e-02  1.800000e-02  1.460000e-02  1.560000e-02  1.800000e-02  1.190000e-02  0.000000e+00
1.010038e+00  0.000000e+00  1.560000e-02  1.700000e-02  1.650000e-02  1.760000e-02  1.760000e-02  0.000000e+00  0.000000e+00  0.000000e+00  1.560000e-02  1.700000e-02  1.650000e-02  1.760000e-02  1.760000e-02  9.500000e-03  0.000000e+00
1.106450e+00  0.000000e+00  1.850000e-02  1.830000e-02  1.730000e-02  1.960000e-02  1.910000e-02  0.000000e+00  0.000000e+00  0.000000e+00  1.850000e-02  1.830000e-02  1.730000e-02  1.960000e-02  1.910000e-02  8.400000e-03  0.000000e+00
1.212066e+00  0.000000e+00  1.810000e-02  1.830000e-02  1.640000e-02  1.760000e-02  1.900000e-02  0.000000e+00  0.000000e+00  0.000000e+00  1.810000e-02  1.830000e-02  1.640000e-02  1.760000e-02  1.900000e-02  9.100000e-03  0.000000e+00
1.327763e+00  0.000000e+00  1.740000e-02  1.420000e-02  1.700000e-02  1.800000e-02  1.580000e-02  0.000000e+00  0.000000e+00  0.000000e+00  1.740000e-02  1.420000e-02  1.700000e-02  1.800000e-02  1.580000e-02  7.200000e-03  0.000000e+00
1.454504e+00  0.000000e+00  1.790000e-02  1.960000e-02  1.850000e-02  2.090000e-02  1.870000e-02  0.000000e+00  0.000000e+00  0.000000e+00  1.790000e-02  1.960000e-02  1.850000e-02  2.090000e-02  1.870000e-02  7.700000e-03  0.000000e+00
1.593343e+00  0.000000e+00  1.630000e-02  1.880000e-02  1.790000e-02  1.950000e-02  1.540000e-02  0.000000e+00  0.000000e+00  0.000000e+00  1.630000e-02  1.880000e-02  1.790000e-02  1.950000e-02  1.540000e-02  7.200000e-03  0.000000e+00
1.745435e+00  0.000000e+00  1.900000e-02  1.730000e-02  2.050000e-02  1.670000e-02  1.790000e-02  0.000000e+00  0.000000e+00  0.000000e+00  1.900000e-02  1.730000e-02  2.050000e-02  1.670000e-02  1.790000e-02  6.900000e-03  0.000000e+00
1.912045e+00  0.000000e+00  1.950000e-02  1.940000e-02  1.780000e-02  1.890000e-02  1.780000e-02  0.000000e+00  0.000000e+00  0.000000e+00  1.950000e-02  1.940000e-02  1.780000e-02  1.890000e-02  1.780000e-02  8.400000e-03  0.000000e+00
2.094558e+00  0.000000e+00  2.130000e-02  2.060000e-02  2.000000e-02  1.810000e-02  1.750000e-02  0.000000e+00  0.000000e+00  0.000000e+00  2.130000e-02  2.060000e-02  2.000000e-02  1.810000e-02  1.750000e-02  6.700000e-03  0.000000e+00
2.294493e+00  0.000000e+00  2.070000e-02  1.960000e-02  2.010000e-02  1.890000e-02  1.640000e-02  0.000000e+00  0.000000e+00  0.000000e+00  2.070000e-02  1.960000e-02  2.010000e-02  1.890000e-02  1.640000e-02  6.600000e-03  0.000000e+00
2.513513e+00  0.000000e+00  2.030000e-02  2.020000e-02  2.050000e-02  2.090000e-02  1.600000e-02  0.000000e+00  0.000000e+00  1.070000e-02  2.030000e-02  2.020000e-02  2.050000e-02  2.090000e-02  1.600000e-02  5.900000e-03  0.000000e+00
2.753439e+00  0.000000e+00  2.250000e-02  2.250000e-02  2.020000e-02  1.850000e-02  1.490000e-02  0.000000e+00  0.000000e+00  1.050000e-02  2.250000e-02  2.250000e-02  2.020000e-02  1.850000e-02  1.490000e-02  5.400000e-03  0.000000e+00
3.016268e+00  0.000000e+00  2.240000e-02  2.120000e-02  2.170000e-02  2.090000e-02  1.800000e-03  0.000000e+00  0.000000e+00  1.570000e-02  2.240000e-02  2.120000e-02  2.170000e-02  2.090000e-02  1.590000e-02  6.200000e-03  0.000000e+00
3.304184e+00  0.000000e+00  2.340000e-02  2.230000e-02  2.210000e-02  1.870000e-02  0.000000e+00  0.000000e+00  0.000000e+00  1.470000e-02  2.340000e-02  2.230000e-02  2.210000e-02  1.870000e-02  1.490000e-02  4.100000e-03  0.000000e+00
3.619583e+00  0.000000e+00  2.040000e-02  2.230000e-02  2.140000e-02  1.740000e-02  0.000000e+00  0.000000e+00  0.000000e+00  1.560000e-02  2.040000e-02  2.230000e-02  2.140000e-02  1.740000e-02  1.230000e-02  4.000000e-03  0.000000e+00
3.965089e+00  0.000000e+00  2.280000e-02  2.530000e-02  2.040000e-02  1.490000e-02  0.000000e+00  0.000000e+00  0.000000e+00  1.680000e-02  2.280000e-02  2.530000e-02  2.040000e-02  1.850000e-02  1.560000e-02  4.100000e-03  0.000000e+00
4.343575e+00  0.000000e+00  2.420000e-02  2.390000e-02  2.310000e-02  0.000000e+00  0.000000e+00  0.000000e+00  0.000000e+00  2.260000e-02  2.420000e-02  2.390000e-02  2.310000e-02  1.620000e-02  1.290000e-02  1.700000e-03  0.000000e+00
4.758189e+00  0.000000e+00  2.750000e-02  2.410000e-02  1.950000e-02  0.000000e+00  0.000000e+00  0.000000e+00  0.000000e+00  1.880000e-02  2.750000e-02  2.410000e-02  1.950000e-02  1.700000e-02  1.040000e-02  0.000000e+00  0.000000e+00
5.212380e+00  1.120000e-02  2.630000e-02  2.420000e-02  2.100000e-02  0.000000e+00  0.000000e+00  0.000000e+00  0.000000e+00  2.080000e-02  2.630000e-02  2.420000e-02  2.100000e-02  1.990000e-02  1.140000e-02  0.000000e+00  0.000000e+00
5.709925e+00  2.150000e-02  2.640000e-02  2.450000e-02  1.900000e-02  0.000000e+00  0.000000e+00  0.000000e+00  0.000000e+00  2.150000e-02  2.640000e-02  2.450000e-02  1.940000e-02  1.380000e-02  9.800000e-03  0.000000e+00  0.000000e+00
6.254963e+00  2.140000e-02  3.140000e-02  2.200000e-02  0.000000e+00  0.000000e+00  0.000000e+00  0.000000e+00  0.000000e+00  2.140000e-02  3.140000e-02  2.200000e-02  2.160000e-02  1.290000e-02  1.190000e-02  0.000000e+00  0.000000e+00
6.852028e+00  2.410000e-02  2.790000e-02  2.340000e-02  0.000000e+00  0.000000e+00  0.000000e+00  0.000000e+00  0.000000e+00  2.410000e-02  2.790000e-02  2.340000e-02  1.980000e-02  1.340000e-02  9.200000e-03  0.000000e+00  0.000000e+00
7.506085e+00  2.390000e-02  2.220000e-02  2.250000e-02  0.000000e+00  0.000000e+00  0.000000e+00  0.000000e+00  0.000000e+00  2.390000e-02  2.220000e-02  2.250000e-02  2.010000e-02  1.240000e-02  1.030000e-02  0.000000e+00  0.000000e+00
8.222575e+00  2.820000e-02  2.520000e-02  2.210000e-02  0.000000e+00  0.000000e+00  0.000000e+00  0.000000e+00  0.000000e+00  2.820000e-02  2.520000e-02  2.210000e-02  1.750000e-02  1.160000e-02  2.200000e-03  0.000000e+00  0.000000e+00
9.007457e+00  2.730000e-02  2.440000e-02  2.080000e-02  0.000000e+00  0.000000e+00  0.000000e+00  0.000000e+00  0.000000e+00  2.730000e-02  2.440000e-02  2.330000e-02  1.850000e-02  1.120000e-02  0.000000e+00  0.000000e+00  0.000000e+00
9.867260e+00  2.840000e-02  2.510000e-02  0.000000e+00  0.000000e+00  0.000000e+00  0.000000e+00  0.000000e+00  0.000000e+00  2.840000e-02  2.510000e-02  2.540000e-02  1.620000e-02  3.000000e-03  0.000000e+00  0.000000e+00  0.000000e+00
1.080913e+01  2.770000e-02  2.780000e-02  0.000000e+00  0.000000e+00  0.000000e+00  0.000000e+00  0.000000e+00  0.000000e+00  2.770000e-02  2.780000e-02  2.290000e-02  1.390000e-02  0.000000e+00  0.000000e+00  0.000000e+00  0.000000e+00
1.184092e+01  3.120000e-02  2.450000e-02  0.000000e+00  0.000000e+00  0.000000e+00  0.000000e+00  0.000000e+00  0.000000e+00  3.120000e-02  2.450000e-02  2.320000e-02  7.000000e-03  0.000000e+00  0.000000e+00  0.000000e+00  0.000000e+00
1.297119e+01  3.480000e-02  2.740000e-02  0.000000e+00  0.000000e+00  0.000000e+00  0.000000e+00  0.000000e+00  0.000000e+00  3.480000e-02  2.740000e-02  2.350000e-02  0.000000e+00  0.000000e+00  0.000000e+00  0.000000e+00  0.000000e+00
1.420934e+01  3.540000e-02  5.500000e-03  0.000000e+00  0.000000e+00  0.000000e+00  0.000000e+00  0.000000e+00  0.000000e+00  3.540000e-02  2.450000e-02  1.820000e-02  0.000000e+00  0.000000e+00  0.000000e+00  0.000000e+00  0.000000e+00
1.556569e+01  3.440000e-02  0.000000e+00  0.000000e+00  0.000000e+00  0.000000e+00  0.000000e+00  0.000000e+00  0.000000e+00  3.440000e-02  2.430000e-02  1.650000e-02  0.000000e+00  0.000000e+00  0.000000e+00  0.000000e+00  0.000000e+00
1.705151e+01  3.340000e-02  0.000000e+00  0.000000e+00  0.000000e+00  0.000000e+00  0.000000e+00  0.000000e+00  0.000000e+00  3.340000e-02  2.420000e-02  2.800000e-03  0.000000e+00  0.000000e+00  0.000000e+00  0.000000e+00  0.000000e+00
1.867915e+01  3.850000e-02  0.000000e+00  0.000000e+00  0.000000e+00  0.000000e+00  0.000000e+00  0.000000e+00  0.000000e+00  3.850000e-02  2.380000e-02  0.000000e+00  0.000000e+00  0.000000e+00  0.000000e+00  0.000000e+00  0.000000e+00
2.046216e+01  3.300000e-02  0.000000e+00  0.000000e+00  0.000000e+00  0.000000e+00  0.000000e+00  0.000000e+00  0.000000e+00  3.300000e-02  2.210000e-02  0.000000e+00  0.000000e+00  0.000000e+00  0.000000e+00  0.000000e+00  0.000000e+00
2.241537e+01  3.320000e-02  0.000000e+00  0.000000e+00  0.000000e+00  0.000000e+00  0.000000e+00  0.000000e+00  0.000000e+00  3.320000e-02  1.920000e-02  0.000000e+00  0.000000e+00  0.000000e+00  0.000000e+00  0.000000e+00  0.000000e+00
2.455501e+01  3.290000e-02  0.000000e+00  0.000000e+00  0.000000e+00  0.000000e+00  0.000000e+00  0.000000e+00  0.000000e+00  3.290000e-02  2.400000e-03  0.000000e+00  0.000000e+00  0.000000e+00  0.000000e+00  0.000000e+00  0.000000e+00
2.689890e+01  3.360000e-02  0.000000e+00  0.000000e+00  0.000000e+00  0.000000e+00  0.000000e+00  0.000000e+00  0.000000e+00  3.360000e-02  0.000000e+00  0.000000e+00  0.000000e+00  0.000000e+00  0.000000e+00  0.000000e+00  0.000000e+00
2.946652e+01  3.100000e-02  0.000000e+00  0.000000e+00  0.000000e+00  0.000000e+00  0.000000e+00  0.000000e+00  0.000000e+00  3.100000e-02  0.000000e+00  0.000000e+00  0.000000e+00  0.000000e+00  0.000000e+00  0.000000e+00  0.000000e+00
3.227924e+01  2.960000e-02  0.000000e+00  0.000000e+00  0.000000e+00  0.000000e+00  0.000000e+00  0.000000e+00  0.000000e+00  2.960000e-02  0.000000e+00  0.000000e+00  0.000000e+00  0.000000e+00  0.000000e+00  0.000000e+00  0.000000e+00
3.536044e+01  2.750000e-02  0.000000e+00  0.000000e+00  0.000000e+00  0.000000e+00  0.000000e+00  0.000000e+00  0.000000e+00  2.750000e-02  0.000000e+00  0.000000e+00  0.000000e+00  0.000000e+00  0.000000e+00  0.000000e+00  0.000000e+00
3.873575e+01  2.720000e-02  0.000000e+00  0.000000e+00  0.000000e+00  0.000000e+00  0.000000e+00  0.000000e+00  0.000000e+00  2.720000e-02  0.000000e+00  0.000000e+00  0.000000e+00  0.000000e+00  0.000000e+00  0.000000e+00  0.000000e+00
4.243326e+01  1.060000e-02  0.000000e+00  0.000000e+00  0.000000e+00  0.000000e+00  0.000000e+00  0.000000e+00  0.000000e+00  2.700000e-02  0.000000e+00  0.000000e+00  0.000000e+00  0.000000e+00  0.000000e+00  0.000000e+00  0.000000e+00
4.648370e+01  0.000000e+00  0.000000e+00  0.000000e+00  0.000000e+00  0.000000e+00  0.000000e+00  0.000000e+00  0.000000e+00  2.470000e-02  0.000000e+00  0.000000e+00  0.000000e+00  0.000000e+00  0.000000e+00  0.000000e+00  0.000000e+00
5.092079e+01  0.000000e+00  0.000000e+00  0.000000e+00  0.000000e+00  0.000000e+00  0.000000e+00  0.000000e+00  0.000000e+00  2.830000e-02  0.000000e+00  0.000000e+00  0.000000e+00  0.000000e+00  0.000000e+00  0.000000e+00  0.000000e+00
5.578141e+01  0.000000e+00  0.000000e+00  0.000000e+00  0.000000e+00  0.000000e+00  0.000000e+00  0.000000e+00  0.000000e+00  2.630000e-02  0.000000e+00  0.000000e+00  0.000000e+00  0.000000e+00  0.000000e+00  0.000000e+00  0.000000e+00
6.110600e+01  0.000000e+00  0.000000e+00  0.000000e+00  0.000000e+00  0.000000e+00  0.000000e+00  0.000000e+00  0.000000e+00  2.150000e-02  0.000000e+00  0.000000e+00  0.000000e+00  0.000000e+00  0.000000e+00  0.000000e+00  0.000000e+00
6.693884e+01  0.000000e+00  0.000000e+00  0.000000e+00  0.000000e+00  0.000000e+00  0.000000e+00  0.000000e+00  0.000000e+00  1.780000e-02  0.000000e+00  0.000000e+00  0.000000e+00  0.000000e+00  0.000000e+00  0.000000e+00  0.000000e+00
