1.597476e-05  0.000000e+00  0.000000e+00  0.000000e+00  0.000000e+00  0.000000e+00  0.000000e+00  0.000000e+00  0.000000e+00  0.000000e+00  0.000000e+00  0.000000e+00  0.000000e+00  0.000000e+00  0.000000e+00  0.000000e+00  7.000000e-03
1.803085e-05  0.000000e+00  0.000000e+00  0.000000e+00  0.000000e+00  0.000000e+00  0.000000e+00  0.000000e+00  0.000000e+00  0.000000e+00  0.000000e+00  0.000000e+00  0.000000e+00  0.000000e+00  0.000000e+00  0.000000e+00  7.000000e-03
2.035158e-05  0.000000e+00  0.000000e+00  0.000000e+00  0.000000e+00  0.000000e+00  0.000000e+00  0.000000e+00  0.000000e+00  0.000000e+00  0.000000e+00  0.000000e+00  0.000000e+00  0.000000e+00  0.000000e+00  0.000000e+00  9.300000e-03
2.297100e-05  0.000000e+00  0.000000e+00  0.000000e+00  0.000000e+00  0.000000e+00  0.000000e+00  0.000000e+00  0.000000e+00  0.000000e+00  0.000000e+00  0.000000e+00  0.000000e+00  0.000000e+00  0.000000e+00  0.000000e+00  8.600000e-03
2.592757e-05  0.000000e+00  0.000000e+00  0.000000e+00  0.000000e+00  0.000000e+00  0.000000e+00  0.000000e+00  0.000000e+00  0.000000e+00  0.000000e+00  0.000000e+00  0.000000e+00  0.000000e+00  0.000000e+00  0.000000e+00  1.000000e-02
2.926467e-05  0.000000e+00  0.000000e+00  0.000000e+00  0.000000e+00  0.000000e+00  0.000000e+00  0.000000e+00  0.000000e+00  0.000000e+00  0.000000e+00  0.000000e+00  0.000000e+00  0.000000e+00  0.000000e+00  0.000000e+00  9.400000e-03
3.303129e-05  0.000000e+00  0.000000e+00  0.000000e+00  0.000000e+00  0.000000e+00  0.000000e+00  0.000000e+00  0.000000e+00  0.000000e+00  0.000000e+00  0.000000e+00  0.000000e+00  0.000000e+00  0.000000e+00  0.000000e+00  1.090000e-02
3.728270e-05  0.000000e+00  0.000000e+00  0.000000e+00  0.000000e+00  0.000000e+00  0.000000e+00  0.000000e+00  0.000000e+00  0.000000e+00  0.000000e+00  0.000000e+00  0.000000e+00  0.000000e+00  0.000000e+00  0.000000e+00  1.220000e-02
4.208131e-05  0.000000e+00  0.000000e+00  0.000000e+00  0.000000e+00  0.000000e+00  0.000000e+00  0.000000e+00  0.000000e+00  0.000000e+00  0.000000e+00  0.000000e+00  0.000000e+00  0.000000e+00  0.000000e+00  0.000000e+00  1.240000e-02
4.749754e-05  0.000000e+00  0.000000e+00  0.000000e+00  0.000000e+00  0.000000e+00  0.000000e+00  0.000000e+00  0.000000e+00  0.000000e+00  0.000000e+00  0.000000e+00  0.000000e+00  0.000000e+00  0.000000e+00  0.000000e+00  1.360000e-02
5.361088e-05  0.000000e+00  0.000000e+00  0.000000e+00  0.000000e+00  0.000000e+00  0.000000e+00  0.000000e+00  0.000000e+00  0.000000e+00  0.000000e+00  0.000000e+00  0.000000e+00  0.000000e+00  0.000000e+00  0.000000e+00  1.400000e-02
6.051107e-05  0.000000e+00  0.000000e+00  0.000000e+00  0.000000e+00  0.000000e+00  0.000000e+00  0.000000e+00  0.000000e+00  0.000000e+00  0.000000e+00  0.000000e+00  0.000000e+00  0.000000e+00  0.000000e+00  0.000000e+00  1.090000e-02
6.829936e-05  0.000000e+00  0.000000e+00  0.000000e+00  0.000000e+00  0.000000e+00  0.000000e+00  0.000000e+00  2.800000e-03  0.000000e+00  0.000000e+00  0.000000e+00  0.000000e+00  0.000000e+00  0.000000e+00  0.000000e+00  1.250000e-02
7.709008e-05  0.000000e+00  0.000000e+00  0.000000e+00  0.000000e+00  0.000000e+00  0.000000e+00  0.000000e+00  1.530000e-02  0.000000e+00  0.000000e+00  0.000000e+00  0.000000e+00  0.000000e+00  0.000000e+00  0.000000e+00  1.530000e-02
8.701224e-05  0.000000e+00  0.000000e+00  0.000000e+00  0.000000e+00  0.000000e+00  0.000000e+00  0.000000e+00  1.600000e-02  0.000000e+00  0.000000e+00  0.000000e+00  0.000000e+00  0.000000e+00  0.000000e+00  0.000000e+00  1.600000e-02
9.821147e-05  0.000000e+00  0.000000e+00  0.000000e+00  0.000000e+00  0.000000e+00  0.000000e+00  0.000000e+00  1.290000e-02  0.000000e+00  0.000000e+00  0.000000e+00  0.000000e+00  0.000000e+00  0.000000e+00  0.000000e+00  1.290000e-02
1.108521e-04  0.000000e+00  0.000000e+00  0.000000e+00  0.000000e+00  0.000000e+00  0.000000e+00  0.000000e+00  1.550000e-02  0.000000e+00  0.000000e+00  0.000000e+00  0.000000e+00  0.000000e+00  0.000000e+00  0.000000e+00  1.550000e-02
1.251198e-04  0.000000e+00  0.000000e+00  0.000000e+00  0.000000e+00  0.000000e+00  0.000000e+00  0.000000e+00  1.360000e-02  0.000000e+00  0.000000e+00  0.000000e+00  0.000000e+00  0.000000e+00  0.000000e+00  0.000000e+00  1.360000e-02
1.412238e-04  0.000000e+00  0.000000e+00  0.000000e+00  0.000000e+00  0.000000e+00  0.000000e+00  0.000000e+00  1.730000e-02  0.000000e+00  0.000000e+00  0.000000e+00  0.000000e+00  0.000000e+00  0.000000e+00  0.000000e+00  1.730000e-02
1.594005e-04  0.000000e+00  0.000000e+00  0.000000e+00  0.000000e+00  0.000000e+00  0.000000e+00  0.000000e+00  1.790000e-02  0.000000e+00  0.000000e+00  0.000000e+00  0.000000e+00  0.000000e+00  0.000000e+00  0.000000e+00  1.790000e-02
1.799167e-04  0.000000e+00  0.000000e+00  0.000000e+00  0.000000e+00  0.000000e+00  0.000000e+00  0.000000e+00  1.500000e-02  0.000000e+00  0.000000e+00  0.000000e+00  0.000000e+00  0.000000e+00  0.000000e+00  0.000000e+00  1.500000e-02
2.030735e-04  0.000000e+00  0.000000e+00  0.000000e+00  0.000000e+00  0.000000e+00  0.000000e+00  0.000000e+00  1.550000e-02  0.000000e+00  0.000000e+00  0.000000e+00  0.000000e+00  0.000000e+00  0.000000e+00  0.000000e+00  1.550000e-02
2.292109e-04  0.000000e+00  0.000000e+00  0.000000e+00  0.000000e+00  0.000000e+00  0.000000e+00  0.000000e+00  1.590000e-02  0.000000e+00  0.000000e+00  0.000000e+00  0.000000e+00  0.000000e+00  0.000000e+00  0.000000e+00  1.590000e-02
2.587123e-04  0.000000e+00  0.000000e+00  0.000000e+00  0.000000e+00  0.000000e+00  0.000000e+00  0.000000e+00  1.630000e-02  0.000000e+00  0.000000e+00  0.000000e+00  0.000000e+00  0.000000e+00  0.000000e+00  0.000000e+00  1.630000e-02
2.920108e-04  0.000000e+00  0.000000e+00  0.000000e+00  0.000000e+00  0.000000e+00  0.000000e+00  0.000000e+00  1.730000e-02  0.000000e+00  0.000000e+00  0.000000e+00  0.000000e+00  0.000000e+00  0.000000e+00  0.000000e+00  1.730000e-02
3.295951e-04  0.000000e+00  0.000000e+00  0.000000e+00  0.000000e+00  0.000000e+00  0.000000e+00  0.000000e+00  1.850000e-02  0.000000e+00  0.000000e+00  0.000000e+00  0.000000e+00  0.000000e+00  0.000000e+00  0.000000e+00  1.850000e-02
3.720168e-04  0.000000e+00  0.000000e+00  0.000000e+00  0.000000e+00  0.000000e+00  0.000000e+00  0.000000e+00  1.860000e-02  0.000000e+00  0.000000e+00  0.000000e+00  0.000000e+00  0.000000e+00  0.000000e+00  0.000000e+00  1.860000e-02
4.198986e-04  0.000000e+00  0.000000e+00  0.000000e+00  0.000000e+00  0.000000e+00  0.000000e+00  0.000000e+00  1.840000e-02  0.000000e+00  0.000000e+00  0.000000e+00  0.000000e+00  0.000000e+00  0.000000e+00  0.000000e+00  1.840000e-02
4.739432e-04  0.000000e+00  0.000000e+00  0.000000e+00  0.000000e+00  0.000000e+00  0.000000e+00  0.000000e+00  1.710000e-02  0.000000e+00  0.000000e+00  0.000000e+00  0.000000e+00  0.000000e+00  0.000000e+00  0.000000e+00  1.710000e-02
5.349438e-04  0.000000e+00  0.000000e+00  0.000000e+00  0.000000e+00  0.000000e+00  0.000000e+00  0.000000e+00  1.860000e-02  0.000000e+00  0.000000e+00  0.000000e+00  0.000000e+00  0.000000e+00  0.000000e+00  0.000000e+00  1.860000e-02
6.037957e-04  0.000000e+00  0.000000e+00  0.000000e+00  0.000000e+00  0.000000e+00  0.000000e+00  0.000000e+00  1.970000e-02  0.000000e+00  0.000000e+00  0.000000e+00  0.000000e+00  0.000000e+00  0.000000e+00  0.000000e+00  1.970000e-02
6.815094e-04  0.000000e+00  0.000000e+00  0.000000e+00  0.000000e+00  0.000000e+00  0.000000e+00  0.000000e+00  1.650000e-02  0.000000e+00  0.000000e+00  0.000000e+00  0.000000e+00  0.000000e+00  0.000000e+00  0.000000e+00  1.650000e-02
7.692256e-04  0.000000e+00  0.000000e+00  0.000000e+00  0.000000e+00  0.000000e+00  0.000000e+00  0.000000e+00  1.530000e-02  0.000000e+00  0.000000e+00  0.000000e+00  0.000000e+00  0.000000e+00  0.000000e+00  0.000000e+00  1.530000e-02
8.682316e-04  0.000000e+00  0.000000e+00  0.000000e+00  0.000000e+00  0.000000e+00  0.000000e+00  0.000000e+00  1.880000e-02  0.000000e+00  0.000000e+00  0.000000e+00  0.000000e+00  0.000000e+00  0.000000e+00  0.000000e+00  1.880000e-02
9.799805e-04  0.000000e+00  0.000000e+00  0.000000e+00  0.000000e+00  0.000000e+00  0.000000e+00  0.000000e+00  1.890000e-02  0.000000e+00  0.000000e+00  0.000000e+00  0.000000e+00  0.000000e+00  0.000000e+00  0.000000e+00  1.890000e-02
1.106112e-03  0.000000e+00  0.000000e+00  0.000000e+00  0.000000e+00  0.000000e+00  0.000000e+00  0.000000e+00  1.870000e-02  0.000000e+00  0.000000e+00  0.000000e+00  0.000000e+00  0.000000e+00  0.000000e+00  0.000000e+00  1.870000e-02
1.248479e-03  0.000000e+00  0.000000e+00  0.000000e+00  0.000000e+00  0.000000e+00  0.000000e+00  0.000000e+00  1.730000e-02  0.000000e+00  0.000000e+00  0.000000e+00  0.000000e+00  0.000000e+00  0.000000e+00  0.000000e+00  1.730000e-02
1.409169e-03  0.000000e+00  0.000000e+00  0.000000e+00  0.000000e+00  0.000000e+00  0.000000e+00  0.000000e+00  1.760000e-02  0.000000e+00  0.000000e+00  0.000000e+00  0.000000e+00  0.000000e+00  0.000000e+00  0.000000e+00  1.760000e-02
1.590541e-03  0.000000e+00  0.000000e+00  0.000000e+00  0.000000e+00  0.000000e+00  0.000000e+00  0.000000e+00  1.420000e-02  0.000000e+00  0.000000e+00  0.000000e+00  0.000000e+00  0.000000e+00  0.000000e+00  0.000000e+00  1.420000e-02
1.795257e-03  0.000000e+00  0.000000e+00  0.000000e+00  0.000000e+00  0.000000e+00  0.000000e+00  0.000000e+00  1.840000e-02  0.000000e+00  0.000000e+00  0.000000e+00  0.000000e+00  0.000000e+00  0.000000e+00  0.000000e+00  1.840000e-02
2.026322e-03  0.000000e+00  0.000000e+00  0.000000e+00  0.000000e+00  0.000000e+00  0.000000e+00  0.000000e+00  1.580000e-02  0.000000e+00  0.000000e+00  0.000000e+00  0.000000e+00  0.000000e+00  0.000000e+00  0.000000e+00  1.580000e-02
2.287128e-03  0.000000e+00  0.000000e+00  0.000000e+00  0.000000e+00  0.000000e+00  0.000000e+00  0.000000e+00  1.730000e-02  0.000000e+00  0.000000e+00  0.000000e+00  0.000000e+00  0.000000e+00  0.000000e+00  0.000000e+00  1.730000e-02
2.581501e-03  0.000000e+00  0.000000e+00  0.000000e+00  0.000000e+00  0.000000e+00  0.000000e+00  0.000000e+00  1.600000e-02  0.000000e+00  0.000000e+00  0.000000e+00  0.000000e+00  0.000000e+00  0.000000e+00  0.000000e+00  1.600000e-02
2.913762e-03  0.000000e+00  0.000000e+00  0.000000e+00  0.000000e+00  0.000000e+00  0.000000e+00  0.000000e+00  1.650000e-02  0.000000e+00  0.000000e+00  0.000000e+00  0.000000e+00  0.000000e+00  0.000000e+00  0.000000e+00  1.650000e-02
3.288789e-03  0.000000e+00  0.000000e+00  0.000000e+00  0.000000e+00  0.000000e+00  0.000000e+00  0.000000e+00  1.630000e-02  0.000000e+00  0.000000e+00  0.000000e+00  0.000000e+00  0.000000e+00  0.000000e+00  0.000000e+00  1.630000e-02
3.712084e-03  0.000000e+00  0.000000e+00  0.000000e+00  0.000000e+00  0.000000e+00  0.000000e+00  0.000000e+00  1.340000e-02  0.000000e+00  0.000000e+00  0.000000e+00  0.000000e+00  0.000000e+00  0.000000e+00  0.000000e+00  1.340000e-02
4.189862e-03  0.000000e+00  0.000000e+00  0.000000e+00  0.000000e+00  0.000000e+00  0.000000e+00  0.000000e+00  1.290000e-02  0.000000e+00  0.000000e+00  0.000000e+00  0.000000e+00  0.000000e+00  0.000000e+00  6.100000e-03  1.290000e-02
4.729133e-03  0.000000e+00  0.000000e+00  0.000000e+00  0.000000e+00  0.000000e+00  0.000000e+00  0.000000e+00  1.490000e-02  0.000000e+00  0.000000e+00  0.000000e+00  0.000000e+00  0.000000e+00  0.000000e+00  1.260000e-02  1.490000e-02
5.337813e-03  0.000000e+00  0.000000e+00  0.000000e+00  0.000000e+00  0.000000e+00  0.000000e+00  0.000000e+00  1.380000e-02  0.000000e+00  0.000000e+00  0.000000e+00  0.000000e+00  0.000000e+00  0.000000e+00  1.480000e-02  1.380000e-02
6.024836e-03  0.000000e+00  0.000000e+00  0.000000e+00  0.000000e+00  0.000000e+00  0.000000e+00  0.000000e+00  1.130000e-02  0.000000e+00  0.000000e+00  0.000000e+00  0.000000e+00  0.000000e+00  0.000000e+00  1.460000e-02  1.130000e-02
6.800285e-03  0.000000e+00  0.000000e+00  0.000000e+00  0.000000e+00  0.000000e+00  0.000000e+00  0.000000e+00  1.360000e-02  0.000000e+00  0.000000e+00  0.000000e+00  0.000000e+00  0.000000e+00  0.000000e+00  1.720000e-02  1.360000e-02
7.675540e-03  0.000000e+00  0.000000e+00  0.000000e+00  0.000000e+00  0.000000e+00  0.000000e+00  0.000000e+00  1.120000e-02  0.000000e+00  0.000000e+00  0.000000e+00  0.000000e+00  0.000000e+00  0.000000e+00  1.530000e-02  1.120000e-02
8.663449e-03  0.000000e+00  0.000000e+00  0.000000e+00  0.000000e+00  0.000000e+00  0.000000e+00  0.000000e+00  1.240000e-02  0.000000e+00  0.000000e+00  0.000000e+00  0.000000e+00  0.000000e+00  0.000000e+00  1.600000e-02  1.240000e-02
9.778509e-03  0.000000e+00  0.000000e+00  0.000000e+00  0.000000e+00  0.000000e+00  0.000000e+00  0.000000e+00  1.250000e-02  0.000000e+00  0.000000e+00  0.000000e+00  0.000000e+00  0.000000e+00  0.000000e+00  1.660000e-02  1.250000e-02
1.103709e-02  0.000000e+00  0.000000e+00  0.000000e+00  0.000000e+00  0.000000e+00  0.000000e+00  0.000000e+00  1.050000e-02  0.000000e+00  0.000000e+00  0.000000e+00  0.000000e+00  0.000000e+00  0.000000e+00  1.880000e-02  1.050000e-02
1.245766e-02  0.000000e+00  0.000000e+00  0.000000e+00  0.000000e+00  0.000000e+00  0.000000e+00  1.650000e-02  1.130000e-02  0.000000e+00  0.000000e+00  0.000000e+00  0.000000e+00  0.000000e+00  5.000000e-04  1.950000e-02  1.130000e-02
1.406106e-02  0.000000e+00  0.000000e+00  0.000000e+00  0.000000e+00  0.000000e+00  0.000000e+00  1.910000e-02  2.400000e-03  0.000000e+00  0.000000e+00  0.000000e+00  0.000000e+00  0.000000e+00  9.500000e-03  1.910000e-02  1.080000e-02
1.587085e-02  0.000000e+00  0.000000e+00  0.000000e+00  0.000000e+00  0.000000e+00  0.000000e+00  1.780000e-02  0.000000e+00  0.000000e+00  0.000000e+00  0.000000e+00  0.000000e+00  0.000000e+00  1.050000e-02  1.780000e-02  1.040000e-02
1.791356e-02  0.000000e+00  0.000000e+00  0.000000e+00  0.000000e+00  0.000000e+00  0.000000e+00  1.620000e-02  0.000000e+00  0.000000e+00  0.000000e+00  0.000000e+00  0.000000e+00  0.000000e+00  1.450000e-02  1.620000e-02  1.090000e-02
2.021919e-02  0.000000e+00  0.000000e+00  0.000000e+00  0.000000e+00  0.000000e+00  0.000000e+00  2.040000e-02  0.000000e+00  0.000000e+00  0.000000e+00  0.000000e+00  0.000000e+00  0.000000e+00  1.460000e-02  2.040000e-02  9.000000e-03
2.282158e-02  0.000000e+00  0.000000e+00  0.000000e+00  0.000000e+00  0.000000e+00  0.000000e+00  1.730000e-02  0.000000e+00  0.000000e+00  0.000000e+00  0.000000e+00  0.000000e+00  2.000000e-04  1.450000e-02  1.730000e-02  8.600000e-03
2.575891e-02  0.000000e+00  0.000000e+00  0.000000e+00  0.000000e+00  0.000000e+00  0.000000e+00  1.880000e-02  0.000000e+00  0.000000e+00  0.000000e+00  0.000000e+00  0.000000e+00  1.040000e-02  1.670000e-02  1.880000e-02  9.000000e-03
2.907430e-02  0.000000e+00  0.000000e+00  0.000000e+00  0.000000e+00  0.000000e+00  0.000000e+00  1.810000e-02  0.000000e+00  0.000000e+00  0.000000e+00  0.000000e+00  0.000000e+00  1.280000e-02  1.740000e-02  1.810000e-02  7.500000e-03
3.281642e-02  0.000000e+00  0.000000e+00  0.000000e+00  0.000000e+00  0.000000e+00  0.000000e+00  1.800000e-02  0.000000e+00  0.000000e+00  0.000000e+00  0.000000e+00  0.000000e+00  1.340000e-02  1.650000e-02  1.800000e-02  7.700000e-03
3.704018e-02  0.000000e+00  0.000000e+00  0.000000e+00  0.000000e+00  0.000000e+00  0.000000e+00  1.680000e-02  0.000000e+00  0.000000e+00  0.000000e+00  0.000000e+00  0.000000e+00  1.250000e-02  1.810000e-02  1.680000e-02  8.100000e-03
4.180757e-02  0.000000e+00  0.000000e+00  0.000000e+00  0.000000e+00  0.000000e+00  1.570000e-02  1.680000e-02  0.000000e+00  0.000000e+00  0.000000e+00  0.000000e+00  0.000000e+00  1.520000e-02  1.790000e-02  1.680000e-02  7.000000e-03
4.718856e-02  0.000000e+00  0.000000e+00  0.000000e+00  0.000000e+00  0.000000e+00  1.460000e-02  1.720000e-02  0.000000e+00  0.000000e+00  0.000000e+00  0.000000e+00  0.000000e+00  1.700000e-02  1.460000e-02  1.720000e-02  7.800000e-03
5.326214e-02  0.000000e+00  0.000000e+00  0.000000e+00  0.000000e+00  0.000000e+00  1.710000e-02  1.730000e-02  0.000000e+00  0.000000e+00  0.000000e+00  0.000000e+00  0.000000e+00  1.620000e-02  1.710000e-02  1.730000e-02  5.400000e-03
6.011744e-02  0.000000e+00  0.000000e+00  0.000000e+00  0.000000e+00  0.000000e+00  1.490000e-02  1.710000e-02  0.000000e+00  0.000000e+00  0.000000e+00  0.000000e+00  1.700000e-03  1.670000e-02  1.490000e-02  1.710000e-02  6.300000e-03
6.785507e-02  0.000000e+00  0.000000e+00  0.000000e+00  0.000000e+00  0.000000e+00  1.760000e-02  1.640000e-02  0.000000e+00  0.000000e+00  0.000000e+00  0.000000e+00  1.120000e-02  1.800000e-02  1.760000e-02  1.640000e-02  6.700000e-03
7.658861e-02  0.000000e+00  0.000000e+00  0.000000e+00  0.000000e+00  1.280000e-02  1.910000e-02  1.670000e-02  0.000000e+00  0.000000e+00  0.000000e+00  0.000000e+00  1.360000e-02  1.540000e-02  1.910000e-02  1.670000e-02  5.100000e-03
8.644622e-02  0.000000e+00  0.000000e+00  0.000000e+00  0.000000e+00  1.670000e-02  1.580000e-02  1.620000e-02  0.000000e+00  0.000000e+00  0.000000e+00  0.000000e+00  1.520000e-02  1.670000e-02  1.580000e-02  1.620000e-02  5.200000e-03
9.757260e-02  0.000000e+00  0.000000e+00  0.000000e+00  0.000000e+00  1.560000e-02  1.460000e-02  1.640000e-02  0.000000e+00  0.000000e+00  0.000000e+00  0.000000e+00  1.480000e-02  1.560000e-02  1.460000e-02  1.640000e-02  3.200000e-03
1.101310e-01  0.000000e+00  0.000000e+00  0.000000e+00  0.000000e+00  1.520000e-02  1.730000e-02  1.870000e-02  0.000000e+00  0.000000e+00  0.000000e+00  0.000000e+00  1.540000e-02  1.520000e-02  1.730000e-02  1.870000e-02  4.100000e-03
1.243059e-01  0.000000e+00  0.000000e+00  0.000000e+00  0.000000e+00  1.740000e-02  1.930000e-02  1.640000e-02  0.000000e+00  0.000000e+00  0.000000e+00  0.000000e+00  1.510000e-02  1.740000e-02  1.930000e-02  1.640000e-02  3.800000e-03
1.403051e-01  0.000000e+00  0.000000e+00  0.000000e+00  0.000000e+00  1.750000e-02  1.650000e-02  1.500000e-02  0.000000e+00  0.000000e+00  0.000000e+00  0.000000e+00  1.740000e-02  1.750000e-02  1.650000e-02  1.500000e-02  8.000000e-04
1.583636e-01  0.000000e+00  0.000000e+00  0.000000e+00  0.000000e+00  1.840000e-02  1.650000e-02  1.910000e-02  0.000000e+00  0.000000e+00  0.000000e+00  0.000000e+00  1.540000e-02  1.840000e-02  1.650000e-02  1.910000e-02  0.000000e+00
1.787463e-01  0.000000e+00  0.000000e+00  0.000000e+00  8.000000e-04  1.570000e-02  1.720000e-02  1.620000e-02  0.000000e+00  0.000000e+00  0.000000e+00  0.000000e+00  1.600000e-02  1.570000e-02  1.720000e-02  1.620000e-02  0.000000e+00
2.017525e-01  0.000000e+00  0.000000e+00  0.000000e+00  1.600000e-02  1.880000e-02  1.670000e-02  1.230000e-02  0.000000e+00  0.000000e+00  0.000000e+00  0.000000e+00  1.600000e-02  1.880000e-02  1.670000e-02  1.230000e-02  0.000000e+00
2.277198e-01  0.000000e+00  0.000000e+00  0.000000e+00  1.770000e-02  1.450000e-02  1.810000e-02  1.640000e-02  0.000000e+00  0.000000e+00  0.000000e+00  0.000000e+00  1.770000e-02  1.450000e-02  1.810000e-02  1.640000e-02  0.000000e+00
2.570293e-01  0.000000e+00  0.000000e+00  0.000000e+00  1.770000e-02  1.930000e-02  1.570000e-02  1.730000e-02  0.000000e+00  0.000000e+00  0.000000e+00  0.000000e+00  1.770000e-02  1.930000e-02  1.570000e-02  1.730000e-02  0.000000e+00
2.901112e-01  0.000000e+00  0.000000e+00  0.000000e+00  1.560000e-02  1.480000e-02  1.590000e-02  1.550000e-02  0.000000e+00  0.000000e+00  0.000000e+00  7.800000e-03  1.560000e-02  1.480000e-02  1.590000e-02  1.550000e-02  0.000000e+00
3.274511e-01  0.000000e+00  0.000000e+00  0.000000e+00  1.550000e-02  1.890000e-02  1.570000e-02  1.370000e-02  0.000000e+00  0.000000e+00  0.000000e+00  1.170000e-02  1.550000e-02  1.890000e-02  1.570000e-02  1.370000e-02  0.000000e+00
3.695969e-01  0.000000e+00  0.000000e+00  0.000000e+00  1.800000e-02  1.620000e-02  1.540000e-02  1.650000e-02  0.000000e+00  0.000000e+00  0.000000e+00  1.470000e-02  1.800000e-02  1.620000e-02  1.540000e-02  1.650000e-02  0.000000e+00
4.171672e-01  0.000000e+00  0.000000e+00  0.000000e+00  1.790000e-02  1.620000e-02  1.580000e-02  1.600000e-02  0.000000e+00  0.000000e+00  0.000000e+00  1.680000e-02  1.790000e-02  1.620000e-02  1.580000e-02  1.600000e-02  0.000000e+00
4.708602e-01  0.000000e+00  0.000000e+00  0.000000e+00  1.440000e-02  1.670000e-02  1.670000e-02  1.790000e-02  0.000000e+00  0.000000e+00  0.000000e+00  1.500000e-02  1.440000e-02  1.670000e-02  1.670000e-02  1.790000e-02  0.000000e+00
5.314640e-01  0.000000e+00  0.000000e+00  0.000000e+00  1.570000e-02  1.570000e-02  1.710000e-02  1.500000e-02  0.000000e+00  0.000000e+00  0.000000e+00  1.570000e-02  1.570000e-02  1.570000e-02  1.710000e-02  1.500000e-02  0.000000e+00
5.998680e-01  0.000000e+00  0.000000e+00  0.000000e+00  1.830000e-02  1.420000e-02  1.330000e-02  1.400000e-02  0.000000e+00  0.000000e+00  0.000000e+00  1.500000e-02  1.830000e-02  1.420000e-02  1.330000e-02  1.400000e-02  0.000000e+00
6.770762e-01  0.000000e+00  0.000000e+00  0.000000e+00  1.730000e-02  1.640000e-02  1.480000e-02  1.350000e-02  0.000000e+00  0.000000e+00  0.000000e+00  1.550000e-02  1.730000e-02  1.640000e-02  1.480000e-02  1.350000e-02  0.000000e+00
7.642217e-01  0.000000e+00  0.000000e+00  0.000000e+00  1.690000e-02  1.770000e-02  1.540000e-02  1.610000e-02  0.000000e+00  0.000000e+00  0.000000e+00  1.650000e-02  1.690000e-02  1.770000e-02  1.540000e-02  1.610000e-02  0.000000e+00
8.625837e-01  0.000000e+00  0.000000e+00  1.070000e-02  1.890000e-02  1.630000e-02  1.390000e-02  1.600000e-02  0.000000e+00  0.000000e+00  0.000000e+00  1.700000e-02  1.890000e-02  1.630000e-02  1.390000e-02  1.600000e-02  0.000000e+00
9.736057e-01  0.000000e+00  0.000000e+00  1.690000e-02  1.610000e-02  1.760000e-02  1.490000e-02  1.550000e-02  0.000000e+00  0.000000e+00  0.000000e+00  1.690000e-02  1.610000e-02  1.760000e-02  1.490000e-02  1.550000e-02  0.000000e+00
1.098917e+00  0.000000e+00  0.000000e+00  1.690000e-02  1.700000e-02  1.490000e-02  1.330000e-02  1.310000e-02  0.000000e+00  0.000000e+00  0.000000e+00  1.690000e-02  1.700000e-02  1.490000e-02  1.330000e-02  1.310000e-02  0.000000e+00
1.240357e+00  0.000000e+00  0.000000e+00  1.920000e-02  1.500000e-02  1.510000e-02  1.420000e-02  1.150000e-02  0.000000e+00  0.000000e+00  8.200000e-03  1.920000e-02  1.500000e-02  1.510000e-02  1.420000e-02  1.150000e-02  0.000000e+00
1.400002e+00  0.000000e+00  0.000000e+00  1.720000e-02  1.790000e-02  1.440000e-02  1.580000e-02  1.370000e-02  0.000000e+00  0.000000e+00  1.340000e-02  1.720000e-02  1.790000e-02  1.440000e-02  1.580000e-02  1.370000e-02  0.000000e+00
1.580194e+00  0.000000e+00  0.000000e+00  1.710000e-02  1.790000e-02  1.410000e-02  1.520000e-02  1.190000e-02  0.000000e+00  0.000000e+00  1.370000e-02  1.710000e-02  1.790000e-02  1.410000e-02  1.520000e-02  1.190000e-02  0.000000e+00
1.783579e+00  0.000000e+00  0.000000e+00  1.850000e-02  1.720000e-02  1.310000e-02  1.390000e-02  1.080000e-02  0.000000e+00  0.000000e+00  1.720000e-02  1.850000e-02  1.720000e-02  1.310000e-02  1.390000e-02  1.080000e-02  0.000000e+00
2.013141e+00  0.000000e+00  0.000000e+00  1.770000e-02  1.440000e-02  1.330000e-02  1.530000e-02  4.800000e-03  0.000000e+00  0.000000e+00  1.760000e-02  1.770000e-02  1.440000e-02  1.330000e-02  1.530000e-02  1.210000e-02  0.000000e+00
2.272250e+00  0.000000e+00  0.000000e+00  1.810000e-02  1.680000e-02  1.380000e-02  1.490000e-02  0.000000e+00  0.000000e+00  0.000000e+00  1.380000e-02  1.810000e-02  1.680000e-02  1.380000e-02  1.490000e-02  1.170000e-02  0.000000e+00
2.564708e+00  0.000000e+00  0.000000e+00  1.790000e-02  1.660000e-02  1.440000e-02  1.710000e-02  0.000000e+00  0.000000e+00  0.000000e+00  1.810000e-02  1.790000e-02  1.660000e-02  1.440000e-02  1.710000e-02  9.800000e-03  0.000000e+00
2.894808e+00  0.000000e+00  0.000000e+00  1.940000e-02  1.560000e-02  1.540000e-02  1.590000e-02  0.000000e+00  0.000000e+00  0.000000e+00  1.720000e-02  1.940000e-02  1.560000e-02  1.540000e-02  1.590000e-02  1.150000e-02  0.000000e+00
3.267395e+00  0.000000e+00  1.000000e-03  2.050000e-02  1.290000e-02  1.600000e-02  1.520000e-02  0.000000e+00  0.000000e+00  0.000000e+00  1.680000e-02  2.050000e-02  1.290000e-02  1.600000e-02  1.520000e-02  8.600000e-03  0.000000e+00
3.687937e+00  0.000000e+00  2.120000e-02  2.010000e-02  1.430000e-02  1.620000e-02  1.370000e-02  0.000000e+00  0.000000e+00  0.000000e+00  2.120000e-02  2.010000e-02  1.430000e-02  1.620000e-02  1.370000e-02  1.120000e-02  0.000000e+00
4.162606e+00  0.000000e+00  1.650000e-02  1.690000e-02  1.560000e-02  1.520000e-02  1.230000e-02  0.000000e+00  0.000000e+00  0.000000e+00  1.650000e-02  1.690000e-02  1.560000e-02  1.520000e-02  1.230000e-02  8.000000e-03  0.000000e+00
4.698370e+00  0.000000e+00  1.950000e-02  1.850000e-02  1.620000e-02  1.560000e-02  1.350000e-02  0.000000e+00  0.000000e+00  0.000000e+00  1.950000e-02  1.850000e-02  1.620000e-02  1.560000e-02  1.350000e-02  9.400000e-03  0.000000e+00
5.303091e+00  0.000000e+00  2.180000e-02  1.750000e-02  1.710000e-02  1.470000e-02  1.550000e-02  0.000000e+00  0.000000e+00  0.000000e+00  2.180000e-02  1.750000e-02  1.710000e-02  1.470000e-02  1.550000e-02  7.700000e-03  0.000000e+00
5.985644e+00  0.000000e+00  1.890000e-02  1.440000e-02  1.480000e-02  1.550000e-02  1.270000e-02  0.000000e+00  0.000000e+00  0.000000e+00  1.890000e-02  1.440000e-02  1.480000e-02  1.550000e-02  1.270000e-02  8.100000e-03  0.000000e+00
6.756048e+00  0.000000e+00  1.940000e-02  1.700000e-02  1.490000e-02  1.480000e-02  1.250000e-02  0.000000e+00  0.000000e+00  0.000000e+00  1.940000e-02  1.700000e-02  1.490000e-02  1.480000e-02  1.250000e-02  6.300000e-03  0.000000e+00
7.625610e+00  0.000000e+00  2.190000e-02  1.980000e-02  1.600000e-02  1.630000e-02  1.340000e-02  0.000000e+00  0.000000e+00  0.000000e+00  2.190000e-02  1.980000e-02  1.600000e-02  1.630000e-02  1.500000e-02  5.700000e-03  0.000000e+00
8.607092e+00  0.000000e+00  2.060000e-02  1.780000e-02  1.390000e-02  1.420000e-02  0.000000e+00  0.000000e+00  0.000000e+00  0.000000e+00  2.060000e-02  1.780000e-02  1.390000e-02  1.420000e-02  1.300000e-02  6.900000e-03  0.000000e+00
9.714899e+00  0.000000e+00  2.130000e-02  1.940000e-02  1.760000e-02  1.500000e-02  0.000000e+00  0.000000e+00  0.000000e+00  0.000000e+00  2.130000e-02  1.940000e-02  1.760000e-02  1.500000e-02  1.160000e-02  5.900000e-03  0.000000e+00
1.096529e+01  0.000000e+00  1.960000e-02  1.720000e-02  1.450000e-02  1.530000e-02  0.000000e+00  0.000000e+00  0.000000e+00  0.000000e+00  1.960000e-02  1.720000e-02  1.450000e-02  1.530000e-02  1.330000e-02  5.300000e-03  0.000000e+00
1.237662e+01  0.000000e+00  2.200000e-02  1.730000e-02  1.870000e-02  1.220000e-02  0.000000e+00  0.000000e+00  0.000000e+00  0.000000e+00  2.200000e-02  1.730000e-02  1.870000e-02  1.220000e-02  1.300000e-02  4.900000e-03  0.000000e+00
1.396960e+01  0.000000e+00  2.080000e-02  1.720000e-02  1.740000e-02  7.900000e-03  0.000000e+00  0.000000e+00  0.000000e+00  0.000000e+00  2.080000e-02  1.720000e-02  1.740000e-02  1.750000e-02  1.060000e-02  3.700000e-03  0.000000e+00
1.576760e+01  0.000000e+00  2.170000e-02  2.000000e-02  1.960000e-02  0.000000e+00  0.000000e+00  0.000000e+00  0.000000e+00  0.000000e+00  2.170000e-02  2.000000e-02  1.960000e-02  1.620000e-02  1.050000e-02  3.000000e-03  0.000000e+00
1.779703e+01  0.000000e+00  1.960000e-02  1.970000e-02  1.670000e-02  0.000000e+00  0.000000e+00  0.000000e+00  0.000000e+00  0.000000e+00  1.960000e-02  1.970000e-02  1.670000e-02  1.300000e-02  9.900000e-03  0.000000e+00  0.000000e+00
2.008766e+01  0.000000e+00  2.270000e-02  1.910000e-02  1.780000e-02  0.000000e+00  0.000000e+00  0.000000e+00  0.000000e+00  0.000000e+00  2.270000e-02  1.910000e-02  1.780000e-02  1.230000e-02  1.000000e-02  0.000000e+00  0.000000e+00
2.267312e+01  0.000000e+00  2.100000e-02  1.950000e-02  1.850000e-02  0.000000e+00  0.000000e+00  0.000000e+00  0.000000e+00  7.700000e-03  2.100000e-02  1.950000e-02  1.850000e-02  1.290000e-02  1.100000e-02  0.000000e+00  0.000000e+00
2.559135e+01  0.000000e+00  2.400000e-02  2.050000e-02  1.690000e-02  0.000000e+00  0.000000e+00  0.000000e+00  0.000000e+00  1.580000e-02  2.400000e-02  2.050000e-02  1.690000e-02  1.370000e-02  8.100000e-03  0.000000e+00  0.000000e+00
2.888517e+01  0.000000e+00  2.290000e-02  2.200000e-02  1.400000e-03  0.000000e+00  0.000000e+00  0.000000e+00  0.000000e+00  1.850000e-02  2.290000e-02  2.200000e-02  1.810000e-02  1.270000e-02  8.800000e-03  0.000000e+00  0.000000e+00
3.260295e+01  0.000000e+00  2.200000e-02  2.080000e-02  0.000000e+00  0.000000e+00  0.000000e+00  0.000000e+00  0.000000e+00  1.760000e-02  2.200000e-02  2.080000e-02  1.840000e-02  1.110000e-02  7.400000e-03  0.000000e+00  0.000000e+00
3.679923e+01  0.000000e+00  2.220000e-02  2.410000e-02  0.000000e+00  0.000000e+00  0.000000e+00  0.000000e+00  0.000000e+00  2.220000e-02  2.220000e-02  2.410000e-02  1.500000e-02  9.600000e-03  6.200000e-03  0.000000e+00  0.000000e+00
4.153561e+01  0.000000e+00  2.280000e-02  1.940000e-02  0.000000e+00  0.000000e+00  0.000000e+00  0.000000e+00  0.000000e+00  2.360000e-02  2.280000e-02  1.940000e-02  1.730000e-02  9.900000e-03  0.000000e+00  0.000000e+00  0.000000e+00
4.688160e+01  0.000000e+00  2.820000e-02  2.350000e-02  0.000000e+00  0.000000e+00  0.000000e+00  0.000000e+00  0.000000e+00  2.250000e-02  2.820000e-02  2.350000e-02  1.800000e-02  9.700000e-03  0.000000e+00  0.000000e+00  0.000000e+00
5.291566e+01  1.710000e-02  2.370000e-02  2.280000e-02  0.000000e+00  0.000000e+00  0.000000e+00  0.000000e+00  0.000000e+00  2.420000e-02  2.370000e-02  2.280000e-02  1.440000e-02  4.300000e-03  0.000000e+00  0.000000e+00  0.000000e+00
5.972637e+01  2.380000e-02  2.660000e-02  2.310000e-02  0.000000e+00  0.000000e+00  0.000000e+00  0.000000e+00  0.000000e+00  2.380000e-02  2.660000e-02  2.310000e-02  1.260000e-02  0.000000e+00  0.000000e+00  0.000000e+00  0.000000e+00
6.741367e+01  2.910000e-02  2.920000e-02  2.300000e-03  0.000000e+00  0.000000e+00  0.000000e+00  0.000000e+00  0.000000e+00  2.910000e-02  2.920000e-02  2.380000e-02  1.300000e-02  0.000000e+00  0.000000e+00  0.000000e+00  0.000000e+00
7.609039e+01  2.710000e-02  2.850000e-02  0.000000e+00  0.000000e+00  0.000000e+00  0.000000e+00  0.000000e+00  0.000000e+00  2.710000e-02  2.850000e-02  2.190000e-02  9.600000e-03  0.000000e+00  0.000000e+00  0.000000e+00  0.000000e+00
8.588388e+01  2.630000e-02  2.570000e-02  0.000000e+00  0.000000e+00  0.000000e+00  0.000000e+00  0.000000e+00  0.000000e+00  2.630000e-02  2.570000e-02  2.110000e-02  0.000000e+00  0.000000e+00  0.000000e+00  0.000000e+00  0.000000e+00
9.693788e+01  3.080000e-02  2.900000e-02  0.000000e+00  0.000000e+00  0.000000e+00  0.000000e+00  0.000000e+00  0.000000e+00  3.080000e-02  2.900000e-02  1.980000e-02  0.000000e+00  0.000000e+00  0.000000e+00  0.000000e+00  0.000000e+00
1.094146e+02  2.990000e-02  2.460000e-02  0.000000e+00  0.000000e+00  0.000000e+00  0.000000e+00  0.000000e+00  0.000000e+00  2.990000e-02  2.460000e-02  2.310000e-02  0.000000e+00  0.000000e+00  0.000000e+00  0.000000e+00  0.000000e+00
1.234972e+02  3.700000e-02  2.110000e-02  0.000000e+00  0.000000e+00  0.000000e+00  0.000000e+00  0.000000e+00  0.000000e+00  3.700000e-02  2.740000e-02  2.000000e-02  0.000000e+00  0.000000e+00  0.000000e+00  0.000000e+00  0.000000e+00
1.393924e+02  3.380000e-02  0.000000e+00  0.000000e+00  0.000000e+00  0.000000e+00  0.000000e+00  0.000000e+00  0.000000e+00  3.380000e-02  2.650000e-02  7.600000e-03  0.000000e+00  0.000000e+00  0.000000e+00  0.000000e+00  0.000000e+00
1.573334e+02  3.910000e-02  0.000000e+00  0.000000e+00  0.000000e+00  0.000000e+00  0.000000e+00  0.000000e+00  0.000000e+00  3.910000e-02  2.510000e-02  0.000000e+00  0.000000e+00  0.000000e+00  0.000000e+00  0.000000e+00  0.000000e+00
1.775836e+02  3.840000e-02  0.000000e+00  0.000000e+00  0.000000e+00  0.000000e+00  0.000000e+00  0.000000e+00  0.000000e+00  3.840000e-02  2.710000e-02  0.000000e+00  0.000000e+00  0.000000e+00  0.000000e+00  0.000000e+00  0.000000e+00
2.004401e+02  3.910000e-02  0.000000e+00  0.000000e+00  0.000000e+00  0.000000e+00  0.000000e+00  0.000000e+00  0.000000e+00  3.910000e-02  2.560000e-02  0.000000e+00  0.000000e+00  0.000000e+00  0.000000e+00  0.000000e+00  0.000000e+00
2.262385e+02  3.980000e-02  0.000000e+00  0.000000e+00  0.000000e+00  0.000000e+00  0.000000e+00  0.000000e+00  0.000000e+00  3.980000e-02  2.190000e-02  0.000000e+00  0.000000e+00  0.000000e+00  0.000000e+00  0.000000e+00  0.000000e+00
2.553573e+02  4.670000e-02  0.000000e+00  0.000000e+00  0.000000e+00  0.000000e+00  0.000000e+00  0.000000e+00  0.000000e+00  4.670000e-02  2.500000e-03  0.000000e+00  0.000000e+00  0.000000e+00  0.000000e+00  0.000000e+00  0.000000e+00
2.882240e+02  3.680000e-02  0.000000e+00  0.000000e+00  0.000000e+00  0.000000e+00  0.000000e+00  0.000000e+00  0.000000e+00  3.680000e-02  0.000000e+00  0.000000e+00  0.000000e+00  0.000000e+00  0.000000e+00  0.000000e+00  0.000000e+00
3.253210e+02  4.020000e-02  0.000000e+00  0.000000e+00  0.000000e+00  0.000000e+00  0.000000e+00  0.000000e+00  0.000000e+00  4.020000e-02  0.000000e+00  0.000000e+00  0.000000e+00  0.000000e+00  0.000000e+00  0.000000e+00  0.000000e+00
3.671926e+02  3.690000e-02  0.000000e+00  0.000000e+00  0.000000e+00  0.000000e+00  0.000000e+00  0.000000e+00  0.000000e+00  3.690000e-02  0.000000e+00  0.000000e+00  0.000000e+00  0.000000e+00  0.000000e+00  0.000000e+00  0.000000e+00
4.144535e+02  3.430000e-02  0.000000e+00  0.000000e+00  0.000000e+00  0.000000e+00  0.000000e+00  0.000000e+00  0.000000e+00  3.430000e-02  0.000000e+00  0.000000e+00  0.000000e+00  0.000000e+00  0.000000e+00  0.000000e+00  0.000000e+00
4.677972e+02  3.130000e-02  0.000000e+00  0.000000e+00  0.000000e+00  0.000000e+00  0.000000e+00  0.000000e+00  0.000000e+00  3.130000e-02  0.000000e+00  0.000000e+00  0.000000e+00  0.000000e+00  0.000000e+00  0.000000e+00  0.000000e+00
5.280068e+02  3.590000e-02  0.000000e+00  0.000000e+00  0.000000e+00  0.000000e+00  0.000000e+00  0.000000e+00  0.000000e+00  3.590000e-02  0.000000e+00  0.000000e+00  0.000000e+00  0.000000e+00  0.000000e+00  0.000000e+00  0.000000e+00
5.959658e+02  6.600000e-03  0.000000e+00  0.000000e+00  0.000000e+00  0.000000e+00  0.000000e+00  0.000000e+00  0.000000e+00  3.160000e-02  0.000000e+00  0.000000e+00  0.000000e+00  0.000000e+00  0.000000e+00  0.000000e+00  0.000000e+00
6.726717e+02  0.000000e+00  0.000000e+00  0.000000e+00  0.000000e+00  0.000000e+00  0.000000e+00  0.000000e+00  0.000000e+00  3.030000e-02  0.000000e+00  0.000000e+00  0.000000e+00  0.000000e+00  0.000000e+00  0.000000e+00  0.000000e+00
7.592504e+02  0.000000e+00  0.000000e+00  0.000000e+00  0.000000e+00  0.000000e+00  0.000000e+00  0.000000e+00  0.000000e+00  3.110000e-02  0.000000e+00  0.000000e+00  0.000000e+00  0.000000e+00  0.000000e+00  0.000000e+00  0.000000e+00
8.569725e+02  0.000000e+00  0.000000e+00  0.000000e+00  0.000000e+00  0.000000e+00  0.000000e+00  0.000000e+00  0.000000e+00  2.640000e-02  0.000000e+00  0.000000e+00  0.000000e+00  0.000000e+00  0.000000e+00  0.000000e+00  0.000000e+00
9.672723e+02  0.000000e+00  0.000000e+00  0.000000e+00  0.000000e+00  0.000000e+00  0.000000e+00  0.000000e+00  0.000000e+00  2.220000e-02  0.000000e+00  0.000000e+00  0.000000e+00  0.000000e+00  0.000000e+00  0.000000e+00  0.000000e+00
