9.737514e-04  0.000000e+00  0.000000e+00  0.000000e+00  0.000000e+00  0.000000e+00  0.000000e+00  0.000000e+00  0.000000e+00  0.000000e+00  0.000000e+00  0.000000e+00  0.000000e+00  0.000000e+00  0.000000e+00  0.000000e+00  5.900000e-03
1.051310e-03  0.000000e+00  0.000000e+00  0.000000e+00  0.000000e+00  0.000000e+00  0.000000e+00  0.000000e+00  0.000000e+00  0.000000e+00  0.000000e+00  0.000000e+00  0.000000e+00  0.000000e+00  0.000000e+00  0.000000e+00  6.200000e-03
1.135045e-03  0.000000e+00  0.000000e+00  0.000000e+00  0.000000e+00  0.000000e+00  0.000000e+00  0.000000e+00  0.000000e+00  0.000000e+00  0.000000e+00  0.000000e+00  0.000000e+00  0.000000e+00  0.000000e+00  0.000000e+00  6.900000e-03
1.225450e-03  0.000000e+00  0.000000e+00  0.000000e+00  0.000000e+00  0.000000e+00  0.000000e+00  0.000000e+00  0.000000e+00  0.000000e+00  0.000000e+00  0.000000e+00  0.000000e+00  0.000000e+00  0.000000e+00  0.000000e+00  7.000000e-03
1.323056e-03  0.000000e+00  0.000000e+00  0.000000e+00  0.000000e+00  0.000000e+00  0.000000e+00  0.000000e+00  0.000000e+00  0.000000e+00  0.000000e+00  0.000000e+00  0.000000e+00  0.000000e+00  0.000000e+00  0.000000e+00  1.000000e-02
1.428435e-03  0.000000e+00  0.000000e+00  0.000000e+00  0.000000e+00  0.000000e+00  0.000000e+00  0.000000e+00  0.000000e+00  0.000000e+00  0.000000e+00  0.000000e+00  0.000000e+00  0.000000e+00  0.000000e+00  0.000000e+00  6.600000e-03
1.542209e-03  0.000000e+00  0.000000e+00  0.000000e+00  0.000000e+00  0.000000e+00  0.000000e+00  0.000000e+00  0.000000e+00  0.000000e+00  0.000000e+00  0.000000e+00  0.000000e+00  0.000000e+00  0.000000e+00  0.000000e+00  8.900000e-03
1.665044e-03  0.000000e+00  0.000000e+00  0.000000e+00  0.000000e+00  0.000000e+00  0.000000e+00  0.000000e+00  0.000000e+00  0.000000e+00  0.000000e+00  0.000000e+00  0.000000e+00  0.000000e+00  0.000000e+00  0.000000e+00  9.500000e-03
1.797662e-03  0.000000e+00  0.000000e+00  0.000000e+00  0.000000e+00  0.000000e+00  0.000000e+00  0.000000e+00  0.000000e+00  0.000000e+00  0.000000e+00  0.000000e+00  0.000000e+00  0.000000e+00  0.000000e+00  0.000000e+00  1.010000e-02
1.940844e-03  0.000000e+00  0.000000e+00  0.000000e+00  0.000000e+00  0.000000e+00  0.000000e+00  0.000000e+00  0.000000e+00  0.000000e+00  0.000000e+00  0.000000e+00  0.000000e+00  0.000000e+00  0.000000e+00  0.000000e+00  9.700000e-03
2.095430e-03  0.000000e+00  0.000000e+00  0.000000e+00  0.000000e+00  0.000000e+00  0.000000e+00  0.000000e+00  0.000000e+00  0.000000e+00  0.000000e+00  0.000000e+00  0.000000e+00  0.000000e+00  0.000000e+00  0.000000e+00  1.120000e-02
2.262328e-03  0.000000e+00  0.000000e+00  0.000000e+00  0.000000e+00  0.000000e+00  0.000000e+00  0.000000e+00  0.000000e+00  0.000000e+00  0.000000e+00  0.000000e+00  0.000000e+00  0.000000e+00  0.000000e+00  0.000000e+00  9.900000e-03
2.442520e-03  0.000000e+00  0.000000e+00  0.000000e+00  0.000000e+00  0.000000e+00  0.000000e+00  0.000000e+00  0.000000e+00  0.000000e+00  0.000000e+00  0.000000e+00  0.000000e+00  0.000000e+00  0.000000e+00  0.000000e+00  1.000000e-02
2.637064e-03  0.000000e+00  0.000000e+00  0.000000e+00  0.000000e+00  0.000000e+00  0.000000e+00  0.000000e+00  0.000000e+00  0.000000e+00  0.000000e+00  0.000000e+00  0.000000e+00  0.000000e+00  0.000000e+00  0.000000e+00  9.100000e-03
2.847103e-03  0.000000e+00  0.000000e+00  0.000000e+00  0.000000e+00  0.000000e+00  0.000000e+00  0.000000e+00  0.000000e+00  0.000000e+00  0.000000e+00  0.000000e+00  0.000000e+00  0.000000e+00  0.000000e+00  0.000000e+00  9.300000e-03
3.073871e-03  0.000000e+00  0.000000e+00  0.000000e+00  0.000000e+00  0.000000e+00  0.000000e+00  0.000000e+00  5.600000e-03  0.000000e+00  0.000000e+00  0.000000e+00  0.000000e+00  0.000000e+00  0.000000e+00  0.000000e+00  1.030000e-02
3.318701e-03  0.000000e+00  0.000000e+00  0.000000e+00  0.000000e+00  0.000000e+00  0.000000e+00  0.000000e+00  1.150000e-02  0.000000e+00  0.000000e+00  0.000000e+00  0.000000e+00  0.000000e+00  0.000000e+00  0.000000e+00  1.150000e-02
3.583032e-03  0.000000e+00  0.000000e+00  0.000000e+00  0.000000e+00  0.000000e+00  0.000000e+00  0.000000e+00  1.030000e-02  0.000000e+00  0.000000e+00  0.000000e+00  0.000000e+00  0.000000e+00  0.000000e+00  0.000000e+00  1.030000e-02
3.868416e-03  0.000000e+00  0.000000e+00  0.000000e+00  0.000000e+00  0.000000e+00  0.000000e+00  0.000000e+00  1.050000e-02  0.000000e+00  0.000000e+00  0.000000e+00  0.000000e+00  0.000000e+00  0.000000e+00  0.000000e+00  1.050000e-02
4.176530e-03  0.000000e+00  0.000000e+00  0.000000e+00  0.000000e+00  0.000000e+00  0.000000e+00  0.000000e+00  1.100000e-02  0.000000e+00  0.000000e+00  0.000000e+00  0.000000e+00  0.000000e+00  0.000000e+00  0.000000e+00  1.100000e-02
4.509186e-03  0.000000e+00  0.000000e+00  0.000000e+00  0.000000e+00  0.000000e+00  0.000000e+00  0.000000e+00  1.120000e-02  0.000000e+00  0.000000e+00  0.000000e+00  0.000000e+00  0.000000e+00  0.000000e+00  0.000000e+00  1.120000e-02
4.868337e-03  0.000000e+00  0.000000e+00  0.000000e+00  0.000000e+00  0.000000e+00  0.000000e+00  0.000000e+00  1.110000e-02  0.000000e+00  0.000000e+00  0.000000e+00  0.000000e+00  0.000000e+00  0.000000e+00  9.000000e-04  1.110000e-02
5.256094e-03  0.000000e+00  0.000000e+00  0.000000e+00  0.000000e+00  0.000000e+00  0.000000e+00  0.000000e+00  1.200000e-02  0.000000e+00  0.000000e+00  0.000000e+00  0.000000e+00  0.000000e+00  0.000000e+00  5.800000e-03  1.200000e-02
5.674736e-03  0.000000e+00  0.000000e+00  0.000000e+00  0.000000e+00  0.000000e+00  0.000000e+00  0.000000e+00  1.110000e-02  0.000000e+00  0.000000e+00  0.000000e+00  0.000000e+00  0.000000e+00  0.000000e+00  7.000000e-03  1.110000e-02
6.126721e-03  0.000000e+00  0.000000e+00  0.000000e+00  0.000000e+00  0.000000e+00  0.000000e+00  0.000000e+00  1.280000e-02  0.000000e+00  0.000000e+00  0.000000e+00  0.000000e+00  0.000000e+00  0.000000e+00  9.800000e-03  1.280000e-02
6.614707e-03  0.000000e+00  0.000000e+00  0.000000e+00  0.000000e+00  0.000000e+00  0.000000e+00  0.000000e+00  1.120000e-02  0.000000e+00  0.000000e+00  0.000000e+00  0.000000e+00  0.000000e+00  0.000000e+00  7.500000e-03  1.120000e-02
7.141561e-03  0.000000e+00  0.000000e+00  0.000000e+00  0.000000e+00  0.000000e+00  0.000000e+00  0.000000e+00  1.310000e-02  0.000000e+00  0.000000e+00  0.000000e+00  0.000000e+00  0.000000e+00  0.000000e+00  6.700000e-03  1.310000e-02
7.710377e-03  0.000000e+00  0.000000e+00  0.000000e+00  0.000000e+00  0.000000e+00  0.000000e+00  0.000000e+00  1.310000e-02  0.000000e+00  0.000000e+00  0.000000e+00  0.000000e+00  0.000000e+00  0.000000e+00  8.000000e-03  1.310000e-02
8.324500e-03  0.000000e+00  0.000000e+00  0.000000e+00  0.000000e+00  0.000000e+00  0.000000e+00  0.000000e+00  1.350000e-02  0.000000e+00  0.000000e+00  0.000000e+00  0.000000e+00  0.000000e+00  0.000000e+00  1.000000e-02  1.350000e-02
8.987536e-03  0.000000e+00  0.000000e+00  0.000000e+00  0.000000e+00  0.000000e+00  0.000000e+00  0.000000e+00  1.560000e-02  0.000000e+00  0.000000e+00  0.000000e+00  0.000000e+00  0.000000e+00  0.000000e+00  1.160000e-02  1.560000e-02
9.703382e-03  0.000000e+00  0.000000e+00  0.000000e+00  0.000000e+00  0.000000e+00  0.000000e+00  0.000000e+00  1.420000e-02  0.000000e+00  0.000000e+00  0.000000e+00  0.000000e+00  0.000000e+00  0.000000e+00  9.900000e-03  1.420000e-02
1.047624e-02  0.000000e+00  0.000000e+00  0.000000e+00  0.000000e+00  0.000000e+00  0.000000e+00  0.000000e+00  1.610000e-02  0.000000e+00  0.000000e+00  0.000000e+00  0.000000e+00  0.000000e+00  0.000000e+00  1.040000e-02  1.610000e-02
1.131067e-02  0.000000e+00  0.000000e+00  0.000000e+00  0.000000e+00  0.000000e+00  0.000000e+00  0.000000e+00  1.760000e-02  0.000000e+00  0.000000e+00  0.000000e+00  0.000000e+00  0.000000e+00  0.000000e+00  7.900000e-03  1.760000e-02
1.221155e-02  0.000000e+00  0.000000e+00  0.000000e+00  0.000000e+00  0.000000e+00  0.000000e+00  0.000000e+00  1.760000e-02  0.000000e+00  0.000000e+00  0.000000e+00  0.000000e+00  0.000000e+00  0.000000e+00  1.080000e-02  1.760000e-02
1.318418e-02  0.000000e+00  0.000000e+00  0.000000e+00  0.000000e+00  0.000000e+00  0.000000e+00  0.000000e+00  1.700000e-02  0.000000e+00  0.000000e+00  0.000000e+00  0.000000e+00  0.000000e+00  0.000000e+00  1.150000e-02  1.700000e-02
1.423428e-02  0.000000e+00  0.000000e+00  0.000000e+00  0.000000e+00  0.000000e+00  0.000000e+00  0.000000e+00  1.640000e-02  0.000000e+00  0.000000e+00  0.000000e+00  0.000000e+00  0.000000e+00  0.000000e+00  1.080000e-02  1.640000e-02
1.536803e-02  0.000000e+00  0.000000e+00  0.000000e+00  0.000000e+00  0.000000e+00  0.000000e+00  4.800000e-03  1.740000e-02  0.000000e+00  0.000000e+00  0.000000e+00  0.000000e+00  0.000000e+00  0.000000e+00  1.120000e-02  1.740000e-02
1.659207e-02  0.000000e+00  0.000000e+00  0.000000e+00  0.000000e+00  0.000000e+00  0.000000e+00  1.110000e-02  1.940000e-02  0.000000e+00  0.000000e+00  0.000000e+00  0.000000e+00  0.000000e+00  0.000000e+00  1.110000e-02  1.940000e-02
1.791361e-02  0.000000e+00  0.000000e+00  0.000000e+00  0.000000e+00  0.000000e+00  0.000000e+00  1.140000e-02  1.760000e-02  0.000000e+00  0.000000e+00  0.000000e+00  0.000000e+00  0.000000e+00  0.000000e+00  1.140000e-02  1.760000e-02
1.934041e-02  0.000000e+00  0.000000e+00  0.000000e+00  0.000000e+00  0.000000e+00  0.000000e+00  1.130000e-02  1.880000e-02  0.000000e+00  0.000000e+00  0.000000e+00  0.000000e+00  0.000000e+00  0.000000e+00  1.130000e-02  1.880000e-02
2.088085e-02  0.000000e+00  0.000000e+00  0.000000e+00  0.000000e+00  0.000000e+00  0.000000e+00  1.110000e-02  2.130000e-02  0.000000e+00  0.000000e+00  0.000000e+00  0.000000e+00  0.000000e+00  0.000000e+00  1.110000e-02  2.130000e-02
2.254398e-02  0.000000e+00  0.000000e+00  0.000000e+00  0.000000e+00  0.000000e+00  0.000000e+00  1.300000e-02  1.700000e-02  0.000000e+00  0.000000e+00  0.000000e+00  0.000000e+00  0.000000e+00  0.000000e+00  1.300000e-02  1.700000e-02
2.433958e-02  0.000000e+00  0.000000e+00  0.000000e+00  0.000000e+00  0.000000e+00  0.000000e+00  1.330000e-02  1.930000e-02  0.000000e+00  0.000000e+00  0.000000e+00  0.000000e+00  0.000000e+00  0.000000e+00  1.330000e-02  1.930000e-02
2.627820e-02  0.000000e+00  0.000000e+00  0.000000e+00  0.000000e+00  0.000000e+00  0.000000e+00  1.290000e-02  2.170000e-02  0.000000e+00  0.000000e+00  0.000000e+00  0.000000e+00  0.000000e+00  0.000000e+00  1.290000e-02  2.170000e-02
2.837123e-02  0.000000e+00  0.000000e+00  0.000000e+00  0.000000e+00  0.000000e+00  0.000000e+00  1.050000e-02  2.030000e-02  0.000000e+00  0.000000e+00  0.000000e+00  0.000000e+00  0.000000e+00  0.000000e+00  1.050000e-02  2.030000e-02
3.063096e-02  0.000000e+00  0.000000e+00  0.000000e+00  0.000000e+00  0.000000e+00  0.000000e+00  1.420000e-02  2.210000e-02  0.000000e+00  0.000000e+00  0.000000e+00  0.000000e+00  0.000000e+00  0.000000e+00  1.420000e-02  2.210000e-02
3.307068e-02  0.000000e+00  0.000000e+00  0.000000e+00  0.000000e+00  0.000000e+00  0.000000e+00  1.550000e-02  1.930000e-02  0.000000e+00  0.000000e+00  0.000000e+00  0.000000e+00  0.000000e+00  0.000000e+00  1.550000e-02  1.930000e-02
3.570472e-02  0.000000e+00  0.000000e+00  0.000000e+00  0.000000e+00  0.000000e+00  0.000000e+00  1.530000e-02  1.950000e-02  0.000000e+00  0.000000e+00  0.000000e+00  0.000000e+00  0.000000e+00  0.000000e+00  1.530000e-02  1.950000e-02
3.854856e-02  0.000000e+00  0.000000e+00  0.000000e+00  0.000000e+00  0.000000e+00  0.000000e+00  1.550000e-02  2.050000e-02  0.000000e+00  0.000000e+00  0.000000e+00  0.000000e+00  0.000000e+00  0.000000e+00  1.550000e-02  2.050000e-02
4.161891e-02  0.000000e+00  0.000000e+00  0.000000e+00  0.000000e+00  0.000000e+00  0.000000e+00  1.660000e-02  1.840000e-02  0.000000e+00  0.000000e+00  0.000000e+00  0.000000e+00  0.000000e+00  0.000000e+00  1.660000e-02  1.840000e-02
4.493380e-02  0.000000e+00  0.000000e+00  0.000000e+00  0.000000e+00  0.000000e+00  0.000000e+00  1.280000e-02  1.820000e-02  0.000000e+00  0.000000e+00  0.000000e+00  0.000000e+00  0.000000e+00  0.000000e+00  1.280000e-02  1.820000e-02
4.851272e-02  0.000000e+00  0.000000e+00  0.000000e+00  0.000000e+00  0.000000e+00  0.000000e+00  1.610000e-02  1.740000e-02  0.000000e+00  0.000000e+00  0.000000e+00  0.000000e+00  0.000000e+00  0.000000e+00  1.610000e-02  1.740000e-02
5.237670e-02  0.000000e+00  0.000000e+00  0.000000e+00  0.000000e+00  0.000000e+00  0.000000e+00  1.410000e-02  1.900000e-02  0.000000e+00  0.000000e+00  0.000000e+00  0.000000e+00  0.000000e+00  0.000000e+00  1.410000e-02  1.900000e-02
5.654844e-02  0.000000e+00  0.000000e+00  0.000000e+00  0.000000e+00  0.000000e+00  0.000000e+00  1.750000e-02  1.690000e-02  0.000000e+00  0.000000e+00  0.000000e+00  0.000000e+00  0.000000e+00  0.000000e+00  1.750000e-02  1.690000e-02
6.105246e-02  0.000000e+00  0.000000e+00  0.000000e+00  0.000000e+00  0.000000e+00  0.000000e+00  1.700000e-02  1.640000e-02  0.000000e+00  0.000000e+00  0.000000e+00  0.000000e+00  0.000000e+00  0.000000e+00  1.700000e-02  1.640000e-02
6.591521e-02  0.000000e+00  0.000000e+00  0.000000e+00  0.000000e+00  0.000000e+00  0.000000e+00  1.890000e-02  1.740000e-02  0.000000e+00  0.000000e+00  0.000000e+00  0.000000e+00  0.000000e+00  5.100000e-03  1.890000e-02  1.740000e-02
7.116528e-02  0.000000e+00  0.000000e+00  0.000000e+00  0.000000e+00  0.000000e+00  0.000000e+00  1.830000e-02  1.410000e-02  0.000000e+00  0.000000e+00  0.000000e+00  0.000000e+00  0.000000e+00  7.800000e-03  1.830000e-02  1.410000e-02
7.683351e-02  0.000000e+00  0.000000e+00  0.000000e+00  0.000000e+00  0.000000e+00  0.000000e+00  1.640000e-02  1.380000e-02  0.000000e+00  0.000000e+00  0.000000e+00  0.000000e+00  0.000000e+00  8.900000e-03  1.640000e-02  1.380000e-02
8.295320e-02  0.000000e+00  0.000000e+00  0.000000e+00  0.000000e+00  0.000000e+00  0.000000e+00  1.660000e-02  1.700000e-03  0.000000e+00  0.000000e+00  0.000000e+00  0.000000e+00  0.000000e+00  7.900000e-03  1.660000e-02  1.380000e-02
8.956033e-02  0.000000e+00  0.000000e+00  0.000000e+00  0.000000e+00  0.000000e+00  0.000000e+00  1.530000e-02  0.000000e+00  0.000000e+00  0.000000e+00  0.000000e+00  0.000000e+00  0.000000e+00  1.060000e-02  1.530000e-02  1.420000e-02
9.669370e-02  0.000000e+00  0.000000e+00  0.000000e+00  0.000000e+00  0.000000e+00  0.000000e+00  1.780000e-02  0.000000e+00  0.000000e+00  0.000000e+00  0.000000e+00  0.000000e+00  0.000000e+00  1.030000e-02  1.780000e-02  1.220000e-02
1.043952e-01  0.000000e+00  0.000000e+00  0.000000e+00  0.000000e+00  0.000000e+00  0.000000e+00  1.970000e-02  0.000000e+00  0.000000e+00  0.000000e+00  0.000000e+00  0.000000e+00  0.000000e+00  1.070000e-02  1.970000e-02  1.170000e-02
1.127102e-01  0.000000e+00  0.000000e+00  0.000000e+00  0.000000e+00  0.000000e+00  0.000000e+00  1.940000e-02  0.000000e+00  0.000000e+00  0.000000e+00  0.000000e+00  0.000000e+00  0.000000e+00  1.120000e-02  1.940000e-02  1.060000e-02
1.216874e-01  0.000000e+00  0.000000e+00  0.000000e+00  0.000000e+00  0.000000e+00  0.000000e+00  1.900000e-02  0.000000e+00  0.000000e+00  0.000000e+00  0.000000e+00  0.000000e+00  3.200000e-03  1.290000e-02  1.900000e-02  1.120000e-02
1.313797e-01  0.000000e+00  0.000000e+00  0.000000e+00  0.000000e+00  0.000000e+00  0.000000e+00  1.850000e-02  0.000000e+00  0.000000e+00  0.000000e+00  0.000000e+00  0.000000e+00  8.700000e-03  1.290000e-02  1.850000e-02  9.000000e-03
1.418439e-01  0.000000e+00  0.000000e+00  0.000000e+00  0.000000e+00  0.000000e+00  0.000000e+00  1.710000e-02  0.000000e+00  0.000000e+00  0.000000e+00  0.000000e+00  0.000000e+00  9.300000e-03  1.130000e-02  1.710000e-02  9.600000e-03
1.531416e-01  0.000000e+00  0.000000e+00  0.000000e+00  0.000000e+00  0.000000e+00  0.000000e+00  1.950000e-02  0.000000e+00  0.000000e+00  0.000000e+00  0.000000e+00  0.000000e+00  7.900000e-03  1.230000e-02  1.950000e-02  7.900000e-03
1.653391e-01  0.000000e+00  0.000000e+00  0.000000e+00  0.000000e+00  0.000000e+00  0.000000e+00  1.610000e-02  0.000000e+00  0.000000e+00  0.000000e+00  0.000000e+00  0.000000e+00  1.070000e-02  1.040000e-02  1.610000e-02  5.700000e-03
1.785082e-01  0.000000e+00  0.000000e+00  0.000000e+00  0.000000e+00  0.000000e+00  9.200000e-03  1.920000e-02  0.000000e+00  0.000000e+00  0.000000e+00  0.000000e+00  0.000000e+00  8.100000e-03  1.190000e-02  1.920000e-02  5.400000e-03
1.927262e-01  0.000000e+00  0.000000e+00  0.000000e+00  0.000000e+00  0.000000e+00  1.320000e-02  1.650000e-02  0.000000e+00  0.000000e+00  0.000000e+00  0.000000e+00  0.000000e+00  1.020000e-02  1.320000e-02  1.650000e-02  5.700000e-03
2.080766e-01  0.000000e+00  0.000000e+00  0.000000e+00  0.000000e+00  0.000000e+00  1.360000e-02  1.680000e-02  0.000000e+00  0.000000e+00  0.000000e+00  0.000000e+00  0.000000e+00  1.090000e-02  1.360000e-02  1.680000e-02  5.900000e-03
2.246496e-01  0.000000e+00  0.000000e+00  0.000000e+00  0.000000e+00  0.000000e+00  1.310000e-02  1.660000e-02  0.000000e+00  0.000000e+00  0.000000e+00  0.000000e+00  0.000000e+00  1.250000e-02  1.310000e-02  1.660000e-02  3.800000e-03
2.425427e-01  0.000000e+00  0.000000e+00  0.000000e+00  0.000000e+00  0.000000e+00  1.150000e-02  1.510000e-02  0.000000e+00  0.000000e+00  0.000000e+00  0.000000e+00  7.900000e-03  1.070000e-02  1.150000e-02  1.510000e-02  4.500000e-03
2.618609e-01  0.000000e+00  0.000000e+00  0.000000e+00  0.000000e+00  0.000000e+00  1.290000e-02  1.680000e-02  0.000000e+00  0.000000e+00  0.000000e+00  0.000000e+00  7.500000e-03  1.070000e-02  1.290000e-02  1.680000e-02  2.900000e-03
2.827178e-01  0.000000e+00  0.000000e+00  0.000000e+00  0.000000e+00  0.000000e+00  1.370000e-02  1.380000e-02  0.000000e+00  0.000000e+00  0.000000e+00  0.000000e+00  8.800000e-03  9.700000e-03  1.370000e-02  1.380000e-02  2.600000e-03
3.052360e-01  0.000000e+00  0.000000e+00  0.000000e+00  0.000000e+00  0.000000e+00  1.310000e-02  1.340000e-02  0.000000e+00  0.000000e+00  0.000000e+00  0.000000e+00  8.700000e-03  1.170000e-02  1.310000e-02  1.340000e-02  0.000000e+00
3.295476e-01  0.000000e+00  0.000000e+00  0.000000e+00  0.000000e+00  1.100000e-03  1.320000e-02  1.440000e-02  0.000000e+00  0.000000e+00  0.000000e+00  0.000000e+00  8.400000e-03  1.180000e-02  1.320000e-02  1.440000e-02  0.000000e+00
3.557957e-01  0.000000e+00  0.000000e+00  0.000000e+00  0.000000e+00  1.220000e-02  1.430000e-02  1.310000e-02  0.000000e+00  0.000000e+00  0.000000e+00  0.000000e+00  9.900000e-03  1.220000e-02  1.430000e-02  1.310000e-02  0.000000e+00
3.841344e-01  0.000000e+00  0.000000e+00  0.000000e+00  0.000000e+00  1.470000e-02  1.460000e-02  1.350000e-02  0.000000e+00  0.000000e+00  0.000000e+00  0.000000e+00  1.030000e-02  1.470000e-02  1.460000e-02  1.350000e-02  0.000000e+00
4.147302e-01  0.000000e+00  0.000000e+00  0.000000e+00  0.000000e+00  1.290000e-02  1.430000e-02  1.230000e-02  0.000000e+00  0.000000e+00  0.000000e+00  0.000000e+00  9.400000e-03  1.290000e-02  1.430000e-02  1.230000e-02  0.000000e+00
4.477630e-01  0.000000e+00  0.000000e+00  0.000000e+00  0.000000e+00  1.320000e-02  1.690000e-02  1.190000e-02  0.000000e+00  0.000000e+00  0.000000e+00  0.000000e+00  1.030000e-02  1.320000e-02  1.690000e-02  1.320000e-02  0.000000e+00
4.834268e-01  0.000000e+00  0.000000e+00  0.000000e+00  0.000000e+00  1.160000e-02  1.630000e-02  0.000000e+00  0.000000e+00  0.000000e+00  0.000000e+00  0.000000e+00  1.130000e-02  1.160000e-02  1.630000e-02  1.040000e-02  0.000000e+00
5.219311e-01  0.000000e+00  0.000000e+00  0.000000e+00  0.000000e+00  1.330000e-02  1.660000e-02  0.000000e+00  0.000000e+00  0.000000e+00  0.000000e+00  4.200000e-03  1.160000e-02  1.330000e-02  1.660000e-02  1.220000e-02  0.000000e+00
5.635023e-01  0.000000e+00  0.000000e+00  0.000000e+00  0.000000e+00  1.370000e-02  1.430000e-02  0.000000e+00  0.000000e+00  0.000000e+00  0.000000e+00  7.700000e-03  1.180000e-02  1.370000e-02  1.430000e-02  1.100000e-02  0.000000e+00
6.083846e-01  0.000000e+00  0.000000e+00  0.000000e+00  0.000000e+00  1.610000e-02  1.430000e-02  0.000000e+00  0.000000e+00  0.000000e+00  0.000000e+00  7.400000e-03  1.220000e-02  1.610000e-02  1.430000e-02  9.700000e-03  0.000000e+00
6.568417e-01  0.000000e+00  0.000000e+00  0.000000e+00  5.500000e-03  1.380000e-02  1.780000e-02  0.000000e+00  0.000000e+00  0.000000e+00  0.000000e+00  9.800000e-03  1.240000e-02  1.380000e-02  1.780000e-02  7.500000e-03  0.000000e+00
7.091583e-01  0.000000e+00  0.000000e+00  0.000000e+00  1.320000e-02  1.360000e-02  1.680000e-02  0.000000e+00  0.000000e+00  0.000000e+00  0.000000e+00  9.500000e-03  1.320000e-02  1.360000e-02  1.680000e-02  9.300000e-03  0.000000e+00
7.656419e-01  0.000000e+00  0.000000e+00  0.000000e+00  1.300000e-02  1.380000e-02  1.740000e-02  0.000000e+00  0.000000e+00  0.000000e+00  0.000000e+00  9.900000e-03  1.300000e-02  1.380000e-02  1.740000e-02  7.300000e-03  0.000000e+00
8.266244e-01  0.000000e+00  0.000000e+00  0.000000e+00  1.360000e-02  1.450000e-02  1.650000e-02  0.000000e+00  0.000000e+00  0.000000e+00  0.000000e+00  9.700000e-03  1.360000e-02  1.450000e-02  1.650000e-02  6.900000e-03  0.000000e+00
8.924640e-01  0.000000e+00  0.000000e+00  0.000000e+00  1.370000e-02  1.470000e-02  1.540000e-02  0.000000e+00  0.000000e+00  0.000000e+00  0.000000e+00  1.220000e-02  1.370000e-02  1.470000e-02  1.540000e-02  7.100000e-03  0.000000e+00
9.635477e-01  0.000000e+00  0.000000e+00  0.000000e+00  1.370000e-02  1.440000e-02  1.700000e-02  0.000000e+00  0.000000e+00  0.000000e+00  0.000000e+00  1.080000e-02  1.370000e-02  1.440000e-02  1.700000e-02  6.800000e-03  0.000000e+00
1.040293e+00  0.000000e+00  0.000000e+00  0.000000e+00  1.690000e-02  1.440000e-02  1.860000e-02  0.000000e+00  0.000000e+00  0.000000e+00  2.600000e-03  1.060000e-02  1.690000e-02  1.440000e-02  1.860000e-02  5.200000e-03  0.000000e+00
1.123151e+00  0.000000e+00  0.000000e+00  0.000000e+00  1.310000e-02  1.700000e-02  1.390000e-02  0.000000e+00  0.000000e+00  0.000000e+00  8.500000e-03  1.370000e-02  1.310000e-02  1.700000e-02  1.390000e-02  5.400000e-03  0.000000e+00
1.212609e+00  0.000000e+00  0.000000e+00  0.000000e+00  1.350000e-02  1.670000e-02  2.200000e-02  0.000000e+00  0.000000e+00  0.000000e+00  8.200000e-03  1.190000e-02  1.350000e-02  1.670000e-02  2.200000e-02  3.900000e-03  0.000000e+00
1.309192e+00  0.000000e+00  0.000000e+00  0.000000e+00  1.500000e-02  1.660000e-02  1.680000e-02  0.000000e+00  0.000000e+00  0.000000e+00  1.150000e-02  1.240000e-02  1.500000e-02  1.660000e-02  1.680000e-02  4.100000e-03  0.000000e+00
1.413467e+00  0.000000e+00  0.000000e+00  8.500000e-03  1.480000e-02  1.600000e-02  2.040000e-02  0.000000e+00  0.000000e+00  0.000000e+00  1.160000e-02  1.370000e-02  1.480000e-02  1.600000e-02  2.040000e-02  4.300000e-03  0.000000e+00
1.526048e+00  0.000000e+00  0.000000e+00  1.440000e-02  1.550000e-02  1.750000e-02  2.020000e-02  0.000000e+00  0.000000e+00  0.000000e+00  1.250000e-02  1.440000e-02  1.550000e-02  1.750000e-02  2.020000e-02  3.500000e-03  0.000000e+00
1.647596e+00  0.000000e+00  0.000000e+00  1.480000e-02  1.480000e-02  1.870000e-02  1.930000e-02  0.000000e+00  0.000000e+00  0.000000e+00  1.160000e-02  1.480000e-02  1.480000e-02  1.870000e-02  1.930000e-02  2.600000e-03  0.000000e+00
1.778825e+00  0.000000e+00  0.000000e+00  1.510000e-02  1.800000e-02  1.850000e-02  1.900000e-02  0.000000e+00  0.000000e+00  0.000000e+00  1.250000e-02  1.510000e-02  1.800000e-02  1.850000e-02  1.900000e-02  3.800000e-03  0.000000e+00
1.920506e+00  0.000000e+00  0.000000e+00  1.640000e-02  1.880000e-02  1.660000e-02  1.970000e-02  0.000000e+00  0.000000e+00  0.000000e+00  1.210000e-02  1.640000e-02  1.880000e-02  1.660000e-02  1.970000e-02  2.800000e-03  0.000000e+00
2.073472e+00  0.000000e+00  0.000000e+00  1.440000e-02  1.420000e-02  1.660000e-02  1.960000e-02  0.000000e+00  0.000000e+00  0.000000e+00  1.120000e-02  1.440000e-02  1.420000e-02  1.660000e-02  1.960000e-02  3.000000e-03  0.000000e+00
2.238622e+00  0.000000e+00  0.000000e+00  1.580000e-02  1.790000e-02  2.150000e-02  1.770000e-02  0.000000e+00  0.000000e+00  0.000000e+00  1.350000e-02  1.580000e-02  1.790000e-02  2.150000e-02  1.770000e-02  3.200000e-03  0.000000e+00
2.416925e+00  0.000000e+00  0.000000e+00  1.770000e-02  1.740000e-02  2.110000e-02  1.830000e-02  0.000000e+00  0.000000e+00  0.000000e+00  1.340000e-02  1.770000e-02  1.740000e-02  2.110000e-02  1.830000e-02  2.100000e-03  0.000000e+00
2.609430e+00  0.000000e+00  1.000000e-02  1.810000e-02  1.760000e-02  2.010000e-02  1.830000e-02  0.000000e+00  0.000000e+00  0.000000e+00  1.580000e-02  1.810000e-02  1.760000e-02  2.010000e-02  1.830000e-02  1.600000e-03  0.000000e+00
2.817268e+00  0.000000e+00  1.730000e-02  1.680000e-02  1.900000e-02  2.370000e-02  1.770000e-02  0.000000e+00  0.000000e+00  0.000000e+00  1.730000e-02  1.680000e-02  1.900000e-02  2.370000e-02  1.770000e-02  0.000000e+00  0.000000e+00
3.041660e+00  0.000000e+00  1.560000e-02  1.900000e-02  2.020000e-02  2.110000e-02  1.710000e-02  0.000000e+00  0.000000e+00  0.000000e+00  1.560000e-02  1.900000e-02  2.020000e-02  2.110000e-02  1.710000e-02  0.000000e+00  0.000000e+00
3.283925e+00  0.000000e+00  1.820000e-02  1.980000e-02  2.160000e-02  1.950000e-02  1.680000e-02  0.000000e+00  0.000000e+00  0.000000e+00  1.820000e-02  1.980000e-02  2.160000e-02  1.950000e-02  1.680000e-02  0.000000e+00  0.000000e+00
3.545486e+00  0.000000e+00  1.850000e-02  1.770000e-02  1.990000e-02  2.030000e-02  1.740000e-02  0.000000e+00  0.000000e+00  0.000000e+00  1.850000e-02  1.770000e-02  1.990000e-02  2.030000e-02  1.740000e-02  0.000000e+00  0.000000e+00
3.827879e+00  0.000000e+00  1.790000e-02  2.080000e-02  2.090000e-02  2.170000e-02  1.450000e-02  0.000000e+00  0.000000e+00  0.000000e+00  1.790000e-02  2.080000e-02  2.090000e-02  2.170000e-02  1.450000e-02  0.000000e+00  0.000000e+00
4.132765e+00  0.000000e+00  2.130000e-02  2.140000e-02  2.310000e-02  2.040000e-02  1.670000e-02  0.000000e+00  0.000000e+00  0.000000e+00  2.130000e-02  2.140000e-02  2.310000e-02  2.040000e-02  1.690000e-02  0.000000e+00  0.000000e+00
4.461935e+00  0.000000e+00  1.940000e-02  2.000000e-02  2.220000e-02  2.120000e-02  0.000000e+00  0.000000e+00  0.000000e+00  0.000000e+00  1.940000e-02  2.000000e-02  2.220000e-02  2.120000e-02  1.450000e-02  0.000000e+00  0.000000e+00
4.817323e+00  0.000000e+00  2.010000e-02  2.440000e-02  2.500000e-02  1.870000e-02  0.000000e+00  0.000000e+00  0.000000e+00  7.900000e-03  2.010000e-02  2.440000e-02  2.500000e-02  1.870000e-02  1.490000e-02  0.000000e+00  0.000000e+00
5.201016e+00  0.000000e+00  1.900000e-02  2.370000e-02  2.210000e-02  1.780000e-02  0.000000e+00  0.000000e+00  0.000000e+00  1.310000e-02  1.900000e-02  2.370000e-02  2.210000e-02  1.780000e-02  1.430000e-02  0.000000e+00  0.000000e+00
5.615271e+00  0.000000e+00  2.250000e-02  2.310000e-02  2.110000e-02  1.890000e-02  0.000000e+00  0.000000e+00  0.000000e+00  1.360000e-02  2.250000e-02  2.310000e-02  2.110000e-02  1.890000e-02  1.260000e-02  0.000000e+00  0.000000e+00
6.062521e+00  0.000000e+00  2.400000e-02  2.790000e-02  2.640000e-02  2.000000e-02  0.000000e+00  0.000000e+00  0.000000e+00  1.450000e-02  2.400000e-02  2.790000e-02  2.640000e-02  2.000000e-02  1.270000e-02  0.000000e+00  0.000000e+00
6.545393e+00  0.000000e+00  2.360000e-02  2.570000e-02  2.190000e-02  1.730000e-02  0.000000e+00  0.000000e+00  0.000000e+00  1.270000e-02  2.360000e-02  2.570000e-02  2.190000e-02  1.730000e-02  1.270000e-02  0.000000e+00  0.000000e+00
7.066726e+00  0.000000e+00  2.690000e-02  2.230000e-02  1.930000e-02  1.450000e-02  0.000000e+00  0.000000e+00  0.000000e+00  1.330000e-02  2.690000e-02  2.230000e-02  1.930000e-02  1.670000e-02  1.000000e-02  0.000000e+00  0.000000e+00
7.629582e+00  0.000000e+00  2.960000e-02  2.540000e-02  2.190000e-02  0.000000e+00  0.000000e+00  0.000000e+00  0.000000e+00  1.760000e-02  2.960000e-02  2.540000e-02  2.190000e-02  1.740000e-02  8.500000e-03  0.000000e+00  0.000000e+00
8.237269e+00  0.000000e+00  2.880000e-02  2.680000e-02  2.040000e-02  0.000000e+00  0.000000e+00  0.000000e+00  0.000000e+00  1.660000e-02  2.880000e-02  2.680000e-02  2.040000e-02  1.820000e-02  8.700000e-03  0.000000e+00  0.000000e+00
8.893357e+00  0.000000e+00  2.780000e-02  2.410000e-02  2.160000e-02  0.000000e+00  0.000000e+00  0.000000e+00  0.000000e+00  2.100000e-02  2.780000e-02  2.410000e-02  2.160000e-02  1.600000e-02  9.000000e-03  0.000000e+00  0.000000e+00
9.601702e+00  1.680000e-02  2.940000e-02  2.190000e-02  1.910000e-02  0.000000e+00  0.000000e+00  0.000000e+00  0.000000e+00  2.150000e-02  2.940000e-02  2.190000e-02  1.910000e-02  1.580000e-02  6.900000e-03  0.000000e+00  0.000000e+00
1.036647e+01  2.120000e-02  2.840000e-02  2.610000e-02  2.110000e-02  0.000000e+00  0.000000e+00  0.000000e+00  0.000000e+00  2.120000e-02  2.840000e-02  2.610000e-02  2.110000e-02  1.490000e-02  5.800000e-03  0.000000e+00  0.000000e+00
1.119214e+01  2.470000e-02  2.630000e-02  2.400000e-02  1.300000e-02  0.000000e+00  0.000000e+00  0.000000e+00  0.000000e+00  2.470000e-02  2.630000e-02  2.400000e-02  1.840000e-02  1.240000e-02  4.200000e-03  0.000000e+00  0.000000e+00
1.208358e+01  2.530000e-02  2.850000e-02  2.080000e-02  0.000000e+00  0.000000e+00  0.000000e+00  0.000000e+00  0.000000e+00  2.530000e-02  2.850000e-02  2.080000e-02  1.860000e-02  1.270000e-02  0.000000e+00  0.000000e+00  0.000000e+00
1.304603e+01  2.640000e-02  2.740000e-02  2.280000e-02  0.000000e+00  0.000000e+00  0.000000e+00  0.000000e+00  0.000000e+00  2.640000e-02  2.740000e-02  2.280000e-02  2.030000e-02  1.090000e-02  0.000000e+00  0.000000e+00  0.000000e+00
1.408513e+01  2.520000e-02  2.410000e-02  1.840000e-02  0.000000e+00  0.000000e+00  0.000000e+00  0.000000e+00  0.000000e+00  2.520000e-02  2.410000e-02  1.840000e-02  2.080000e-02  8.600000e-03  0.000000e+00  0.000000e+00  0.000000e+00
1.520699e+01  2.690000e-02  2.610000e-02  2.240000e-02  0.000000e+00  0.000000e+00  0.000000e+00  0.000000e+00  0.000000e+00  2.690000e-02  2.610000e-02  2.240000e-02  2.120000e-02  5.900000e-03  0.000000e+00  0.000000e+00  0.000000e+00
1.641821e+01  2.720000e-02  2.380000e-02  2.450000e-02  0.000000e+00  0.000000e+00  0.000000e+00  0.000000e+00  0.000000e+00  2.720000e-02  2.380000e-02  2.450000e-02  1.750000e-02  0.000000e+00  0.000000e+00  0.000000e+00  0.000000e+00
1.772590e+01  3.360000e-02  2.410000e-02  5.000000e-03  0.000000e+00  0.000000e+00  0.000000e+00  0.000000e+00  0.000000e+00  3.360000e-02  2.410000e-02  2.430000e-02  1.460000e-02  0.000000e+00  0.000000e+00  0.000000e+00  0.000000e+00
1.913774e+01  3.440000e-02  2.330000e-02  0.000000e+00  0.000000e+00  0.000000e+00  0.000000e+00  0.000000e+00  0.000000e+00  3.440000e-02  2.330000e-02  2.330000e-02  1.360000e-02  0.000000e+00  0.000000e+00  0.000000e+00  0.000000e+00
2.066204e+01  3.670000e-02  2.280000e-02  0.000000e+00  0.000000e+00  0.000000e+00  0.000000e+00  0.000000e+00  0.000000e+00  3.670000e-02  2.280000e-02  2.520000e-02  3.000000e-03  0.000000e+00  0.000000e+00  0.000000e+00  0.000000e+00
2.230775e+01  3.090000e-02  2.600000e-02  0.000000e+00  0.000000e+00  0.000000e+00  0.000000e+00  0.000000e+00  0.000000e+00  3.090000e-02  2.600000e-02  2.280000e-02  0.000000e+00  0.000000e+00  0.000000e+00  0.000000e+00  0.000000e+00
2.408453e+01  3.290000e-02  9.300000e-03  0.000000e+00  0.000000e+00  0.000000e+00  0.000000e+00  0.000000e+00  0.000000e+00  3.290000e-02  2.520000e-02  2.160000e-02  0.000000e+00  0.000000e+00  0.000000e+00  0.000000e+00  0.000000e+00
2.600284e+01  3.480000e-02  0.000000e+00  0.000000e+00  0.000000e+00  0.000000e+00  0.000000e+00  0.000000e+00  0.000000e+00  3.480000e-02  2.580000e-02  1.660000e-02  0.000000e+00  0.000000e+00  0.000000e+00  0.000000e+00  0.000000e+00
2.807393e+01  3.220000e-02  0.000000e+00  0.000000e+00  0.000000e+00  0.000000e+00  0.000000e+00  0.000000e+00  0.000000e+00  3.220000e-02  2.640000e-02  6.200000e-03  0.000000e+00  0.000000e+00  0.000000e+00  0.000000e+00  0.000000e+00
3.030999e+01  3.190000e-02  0.000000e+00  0.000000e+00  0.000000e+00  0.000000e+00  0.000000e+00  0.000000e+00  0.000000e+00  3.190000e-02  2.530000e-02  0.000000e+00  0.000000e+00  0.000000e+00  0.000000e+00  0.000000e+00  0.000000e+00
3.272414e+01  3.640000e-02  0.000000e+00  0.000000e+00  0.000000e+00  0.000000e+00  0.000000e+00  0.000000e+00  0.000000e+00  3.640000e-02  2.040000e-02  0.000000e+00  0.000000e+00  0.000000e+00  0.000000e+00  0.000000e+00  0.000000e+00
3.533058e+01  3.260000e-02  0.000000e+00  0.000000e+00  0.000000e+00  0.000000e+00  0.000000e+00  0.000000e+00  0.000000e+00  3.260000e-02  1.730000e-02  0.000000e+00  0.000000e+00  0.000000e+00  0.000000e+00  0.000000e+00  0.000000e+00
3.814462e+01  3.570000e-02  0.000000e+00  0.000000e+00  0.000000e+00  0.000000e+00  0.000000e+00  0.000000e+00  0.000000e+00  3.570000e-02  3.900000e-03  0.000000e+00  0.000000e+00  0.000000e+00  0.000000e+00  0.000000e+00  0.000000e+00
4.118279e+01  2.990000e-02  0.000000e+00  0.000000e+00  0.000000e+00  0.000000e+00  0.000000e+00  0.000000e+00  0.000000e+00  2.990000e-02  0.000000e+00  0.000000e+00  0.000000e+00  0.000000e+00  0.000000e+00  0.000000e+00  0.000000e+00
4.446295e+01  3.010000e-02  0.000000e+00  0.000000e+00  0.000000e+00  0.000000e+00  0.000000e+00  0.000000e+00  0.000000e+00  3.010000e-02  0.000000e+00  0.000000e+00  0.000000e+00  0.000000e+00  0.000000e+00  0.000000e+00  0.000000e+00
4.800437e+01  2.980000e-02  0.000000e+00  0.000000e+00  0.000000e+00  0.000000e+00  0.000000e+00  0.000000e+00  0.000000e+00  2.980000e-02  0.000000e+00  0.000000e+00  0.000000e+00  0.000000e+00  0.000000e+00  0.000000e+00  0.000000e+00
5.182786e+01  2.280000e-02  0.000000e+00  0.000000e+00  0.000000e+00  0.000000e+00  0.000000e+00  0.000000e+00  0.000000e+00  2.280000e-02  0.000000e+00  0.000000e+00  0.000000e+00  0.000000e+00  0.000000e+00  0.000000e+00  0.000000e+00
5.595588e+01  1.600000e-03  0.000000e+00  0.000000e+00  0.000000e+00  0.000000e+00  0.000000e+00  0.000000e+00  0.000000e+00  2.670000e-02  0.000000e+00  0.000000e+00  0.000000e+00  0.000000e+00  0.000000e+00  0.000000e+00  0.000000e+00
6.041270e+01  0.000000e+00  0.000000e+00  0.000000e+00  0.000000e+00  0.000000e+00  0.000000e+00  0.000000e+00  0.000000e+00  2.690000e-02  0.000000e+00  0.000000e+00  0.000000e+00  0.000000e+00  0.000000e+00  0.000000e+00  0.000000e+00
6.522450e+01  0.000000e+00  0.000000e+00  0.000000e+00  0.000000e+00  0.000000e+00  0.000000e+00  0.000000e+00  0.000000e+00  2.510000e-02  0.000000e+00  0.000000e+00  0.000000e+00  0.000000e+00  0.000000e+00  0.000000e+00  0.000000e+00
7.041955e+01  0.000000e+00  0.000000e+00  0.000000e+00  0.000000e+00  0.000000e+00  0.000000e+00  0.000000e+00  0.000000e+00  2.180000e-02  0.000000e+00  0.000000e+00  0.000000e+00  0.000000e+00  0.000000e+00  0.000000e+00  0.000000e+00
7.602838e+01  0.000000e+00  0.000000e+00  0.000000e+00  0.000000e+00  0.000000e+00  0.000000e+00  0.000000e+00  0.000000e+00  1.970000e-02  0.000000e+00  0.000000e+00  0.000000e+00  0.000000e+00  0.000000e+00  0.000000e+00  0.000000e+00
8.208395e+01  0.000000e+00  0.000000e+00  0.000000e+00  0.000000e+00  0.000000e+00  0.000000e+00  0.000000e+00  0.000000e+00  1.640000e-02  0.000000e+00  0.000000e+00  0.000000e+00  0.000000e+00  0.000000e+00  0.000000e+00  0.000000e+00
