1.218197e-02  0.000000e+00  0.000000e+00  0.000000e+00  0.000000e+00  0.000000e+00  0.000000e+00  0.000000e+00  0.000000e+00  0.000000e+00  0.000000e+00  0.000000e+00  0.000000e+00  0.000000e+00  0.000000e+00  0.000000e+00  7.100000e-03
1.374722e-02  0.000000e+00  0.000000e+00  0.000000e+00  0.000000e+00  0.000000e+00  0.000000e+00  0.000000e+00  0.000000e+00  0.000000e+00  0.000000e+00  0.000000e+00  0.000000e+00  0.000000e+00  0.000000e+00  0.000000e+00  8.600000e-03
1.551359e-02  0.000000e+00  0.000000e+00  0.000000e+00  0.000000e+00  0.000000e+00  0.000000e+00  0.000000e+00  0.000000e+00  0.000000e+00  0.000000e+00  0.000000e+00  0.000000e+00  0.000000e+00  0.000000e+00  0.000000e+00  7.800000e-03
1.750691e-02  0.000000e+00  0.000000e+00  0.000000e+00  0.000000e+00  0.000000e+00  0.000000e+00  0.000000e+00  0.000000e+00  0.000000e+00  0.000000e+00  0.000000e+00  0.000000e+00  0.000000e+00  0.000000e+00  0.000000e+00  8.200000e-03
1.975635e-02  0.000000e+00  0.000000e+00  0.000000e+00  0.000000e+00  0.000000e+00  0.000000e+00  0.000000e+00  0.000000e+00  0.000000e+00  0.000000e+00  0.000000e+00  0.000000e+00  0.000000e+00  0.000000e+00  0.000000e+00  1.150000e-02
2.229483e-02  0.000000e+00  0.000000e+00  0.000000e+00  0.000000e+00  0.000000e+00  0.000000e+00  0.000000e+00  0.000000e+00  0.000000e+00  0.000000e+00  0.000000e+00  0.000000e+00  0.000000e+00  0.000000e+00  0.000000e+00  8.800000e-03
2.515947e-02  0.000000e+00  0.000000e+00  0.000000e+00  0.000000e+00  0.000000e+00  0.000000e+00  0.000000e+00  0.000000e+00  0.000000e+00  0.000000e+00  0.000000e+00  0.000000e+00  0.000000e+00  0.000000e+00  0.000000e+00  1.170000e-02
2.839218e-02  0.000000e+00  0.000000e+00  0.000000e+00  0.000000e+00  0.000000e+00  0.000000e+00  0.000000e+00  0.000000e+00  0.000000e+00  0.000000e+00  0.000000e+00  0.000000e+00  0.000000e+00  0.000000e+00  0.000000e+00  1.060000e-02
3.204026e-02  0.000000e+00  0.000000e+00  0.000000e+00  0.000000e+00  0.000000e+00  0.000000e+00  0.000000e+00  0.000000e+00  0.000000e+00  0.000000e+00  0.000000e+00  0.000000e+00  0.000000e+00  0.000000e+00  0.000000e+00  1.090000e-02
3.615708e-02  0.000000e+00  0.000000e+00  0.000000e+00  0.000000e+00  0.000000e+00  0.000000e+00  0.000000e+00  0.000000e+00  0.000000e+00  0.000000e+00  0.000000e+00  0.000000e+00  0.000000e+00  0.000000e+00  0.000000e+00  1.240000e-02
4.080287e-02  0.000000e+00  0.000000e+00  0.000000e+00  0.000000e+00  0.000000e+00  0.000000e+00  0.000000e+00  0.000000e+00  0.000000e+00  0.000000e+00  0.000000e+00  0.000000e+00  0.000000e+00  0.000000e+00  0.000000e+00  1.200000e-02
4.604558e-02  0.000000e+00  0.000000e+00  0.000000e+00  0.000000e+00  0.000000e+00  0.000000e+00  0.000000e+00  0.000000e+00  0.000000e+00  0.000000e+00  0.000000e+00  0.000000e+00  0.000000e+00  0.000000e+00  0.000000e+00  1.490000e-02
5.196193e-02  0.000000e+00  0.000000e+00  0.000000e+00  0.000000e+00  0.000000e+00  0.000000e+00  0.000000e+00  5.600000e-03  0.000000e+00  0.000000e+00  0.000000e+00  0.000000e+00  0.000000e+00  0.000000e+00  0.000000e+00  1.610000e-02
5.863847e-02  0.000000e+00  0.000000e+00  0.000000e+00  0.000000e+00  0.000000e+00  0.000000e+00  0.000000e+00  1.520000e-02  0.000000e+00  0.000000e+00  0.000000e+00  0.000000e+00  0.000000e+00  0.000000e+00  0.000000e+00  1.520000e-02
6.617286e-02  0.000000e+00  0.000000e+00  0.000000e+00  0.000000e+00  0.000000e+00  0.000000e+00  0.000000e+00  1.660000e-02  0.000000e+00  0.000000e+00  0.000000e+00  0.000000e+00  0.000000e+00  0.000000e+00  0.000000e+00  1.660000e-02
7.467534e-02  0.000000e+00  0.000000e+00  0.000000e+00  0.000000e+00  0.000000e+00  0.000000e+00  0.000000e+00  1.300000e-02  0.000000e+00  0.000000e+00  0.000000e+00  0.000000e+00  0.000000e+00  0.000000e+00  0.000000e+00  1.300000e-02
8.427030e-02  0.000000e+00  0.000000e+00  0.000000e+00  0.000000e+00  0.000000e+00  0.000000e+00  0.000000e+00  1.430000e-02  0.000000e+00  0.000000e+00  0.000000e+00  0.000000e+00  0.000000e+00  0.000000e+00  0.000000e+00  1.430000e-02
9.509810e-02  0.000000e+00  0.000000e+00  0.000000e+00  0.000000e+00  0.000000e+00  0.000000e+00  0.000000e+00  1.700000e-02  0.000000e+00  0.000000e+00  0.000000e+00  0.000000e+00  0.000000e+00  0.000000e+00  0.000000e+00  1.700000e-02
1.073172e-01  0.000000e+00  0.000000e+00  0.000000e+00  0.000000e+00  0.000000e+00  0.000000e+00  0.000000e+00  1.650000e-02  0.000000e+00  0.000000e+00  0.000000e+00  0.000000e+00  0.000000e+00  0.000000e+00  0.000000e+00  1.650000e-02
1.211062e-01  0.000000e+00  0.000000e+00  0.000000e+00  0.000000e+00  0.000000e+00  0.000000e+00  0.000000e+00  1.690000e-02  0.000000e+00  0.000000e+00  0.000000e+00  0.000000e+00  0.000000e+00  0.000000e+00  0.000000e+00  1.690000e-02
1.366670e-01  0.000000e+00  0.000000e+00  0.000000e+00  0.000000e+00  0.000000e+00  0.000000e+00  0.000000e+00  1.650000e-02  0.000000e+00  0.000000e+00  0.000000e+00  0.000000e+00  0.000000e+00  0.000000e+00  0.000000e+00  1.650000e-02
1.542272e-01  0.000000e+00  0.000000e+00  0.000000e+00  0.000000e+00  0.000000e+00  0.000000e+00  0.000000e+00  1.740000e-02  0.000000e+00  0.000000e+00  0.000000e+00  0.000000e+00  0.000000e+00  0.000000e+00  0.000000e+00  1.740000e-02
1.740437e-01  0.000000e+00  0.000000e+00  0.000000e+00  0.000000e+00  0.000000e+00  0.000000e+00  0.000000e+00  1.510000e-02  0.000000e+00  0.000000e+00  0.000000e+00  0.000000e+00  0.000000e+00  0.000000e+00  0.000000e+00  1.510000e-02
1.964064e-01  0.000000e+00  0.000000e+00  0.000000e+00  0.000000e+00  0.000000e+00  0.000000e+00  0.000000e+00  1.660000e-02  0.000000e+00  0.000000e+00  0.000000e+00  0.000000e+00  0.000000e+00  0.000000e+00  0.000000e+00  1.660000e-02
2.216425e-01  0.000000e+00  0.000000e+00  0.000000e+00  0.000000e+00  0.000000e+00  0.000000e+00  0.000000e+00  1.520000e-02  0.000000e+00  0.000000e+00  0.000000e+00  0.000000e+00  0.000000e+00  0.000000e+00  0.000000e+00  1.520000e-02
2.501211e-01  0.000000e+00  0.000000e+00  0.000000e+00  0.000000e+00  0.000000e+00  0.000000e+00  0.000000e+00  1.720000e-02  0.000000e+00  0.000000e+00  0.000000e+00  0.000000e+00  0.000000e+00  0.000000e+00  0.000000e+00  1.720000e-02
2.822589e-01  0.000000e+00  0.000000e+00  0.000000e+00  0.000000e+00  0.000000e+00  0.000000e+00  0.000000e+00  1.680000e-02  0.000000e+00  0.000000e+00  0.000000e+00  0.000000e+00  0.000000e+00  0.000000e+00  0.000000e+00  1.680000e-02
3.185260e-01  0.000000e+00  0.000000e+00  0.000000e+00  0.000000e+00  0.000000e+00  0.000000e+00  0.000000e+00  1.610000e-02  0.000000e+00  0.000000e+00  0.000000e+00  0.000000e+00  0.000000e+00  0.000000e+00  0.000000e+00  1.610000e-02
3.594531e-01  0.000000e+00  0.000000e+00  0.000000e+00  0.000000e+00  0.000000e+00  0.000000e+00  0.000000e+00  1.800000e-02  0.000000e+00  0.000000e+00  0.000000e+00  0.000000e+00  0.000000e+00  0.000000e+00  0.000000e+00  1.800000e-02
4.056389e-01  0.000000e+00  0.000000e+00  0.000000e+00  0.000000e+00  0.000000e+00  0.000000e+00  0.000000e+00  1.690000e-02  0.000000e+00  0.000000e+00  0.000000e+00  0.000000e+00  0.000000e+00  0.000000e+00  0.000000e+00  1.690000e-02
4.577590e-01  0.000000e+00  0.000000e+00  0.000000e+00  0.000000e+00  0.000000e+00  0.000000e+00  0.000000e+00  1.680000e-02  0.000000e+00  0.000000e+00  0.000000e+00  0.000000e+00  0.000000e+00  0.000000e+00  2.500000e-03  1.680000e-02
5.165760e-01  0.000000e+00  0.000000e+00  0.000000e+00  0.000000e+00  0.000000e+00  0.000000e+00  0.000000e+00  1.550000e-02  0.000000e+00  0.000000e+00  0.000000e+00  0.000000e+00  0.000000e+00  0.000000e+00  1.070000e-02  1.550000e-02
5.829503e-01  0.000000e+00  0.000000e+00  0.000000e+00  0.000000e+00  0.000000e+00  0.000000e+00  0.000000e+00  1.630000e-02  0.000000e+00  0.000000e+00  0.000000e+00  0.000000e+00  0.000000e+00  0.000000e+00  1.380000e-02  1.630000e-02
6.578529e-01  0.000000e+00  0.000000e+00  0.000000e+00  0.000000e+00  0.000000e+00  0.000000e+00  0.000000e+00  1.580000e-02  0.000000e+00  0.000000e+00  0.000000e+00  0.000000e+00  0.000000e+00  0.000000e+00  1.380000e-02  1.580000e-02
7.423798e-01  0.000000e+00  0.000000e+00  0.000000e+00  0.000000e+00  0.000000e+00  0.000000e+00  0.000000e+00  1.490000e-02  0.000000e+00  0.000000e+00  0.000000e+00  0.000000e+00  0.000000e+00  0.000000e+00  1.550000e-02  1.490000e-02
8.377674e-01  0.000000e+00  0.000000e+00  0.000000e+00  0.000000e+00  0.000000e+00  0.000000e+00  0.000000e+00  1.480000e-02  0.000000e+00  0.000000e+00  0.000000e+00  0.000000e+00  0.000000e+00  0.000000e+00  1.600000e-02  1.480000e-02
9.454112e-01  0.000000e+00  0.000000e+00  0.000000e+00  0.000000e+00  0.000000e+00  0.000000e+00  0.000000e+00  1.450000e-02  0.000000e+00  0.000000e+00  0.000000e+00  0.000000e+00  0.000000e+00  0.000000e+00  1.730000e-02  1.450000e-02
1.066886e+00  0.000000e+00  0.000000e+00  0.000000e+00  0.000000e+00  0.000000e+00  0.000000e+00  0.000000e+00  1.540000e-02  0.000000e+00  0.000000e+00  0.000000e+00  0.000000e+00  0.000000e+00  0.000000e+00  1.590000e-02  1.540000e-02
1.203969e+00  0.000000e+00  0.000000e+00  0.000000e+00  0.000000e+00  0.000000e+00  0.000000e+00  0.000000e+00  1.380000e-02  0.000000e+00  0.000000e+00  0.000000e+00  0.000000e+00  0.000000e+00  0.000000e+00  1.740000e-02  1.380000e-02
1.358666e+00  0.000000e+00  0.000000e+00  0.000000e+00  0.000000e+00  0.000000e+00  0.000000e+00  8.000000e-03  1.380000e-02  0.000000e+00  0.000000e+00  0.000000e+00  0.000000e+00  0.000000e+00  0.000000e+00  2.010000e-02  1.380000e-02
1.533239e+00  0.000000e+00  0.000000e+00  0.000000e+00  0.000000e+00  0.000000e+00  0.000000e+00  1.690000e-02  1.540000e-02  0.000000e+00  0.000000e+00  0.000000e+00  0.000000e+00  0.000000e+00  0.000000e+00  1.690000e-02  1.540000e-02
1.730244e+00  0.000000e+00  0.000000e+00  0.000000e+00  0.000000e+00  0.000000e+00  0.000000e+00  1.830000e-02  1.440000e-02  0.000000e+00  0.000000e+00  0.000000e+00  0.000000e+00  0.000000e+00  6.900000e-03  1.830000e-02  1.440000e-02
1.952561e+00  0.000000e+00  0.000000e+00  0.000000e+00  0.000000e+00  0.000000e+00  0.000000e+00  1.810000e-02  1.350000e-02  0.000000e+00  0.000000e+00  0.000000e+00  0.000000e+00  0.000000e+00  1.310000e-02  1.810000e-02  1.350000e-02
2.203444e+00  0.000000e+00  0.000000e+00  0.000000e+00  0.000000e+00  0.000000e+00  0.000000e+00  1.960000e-02  1.390000e-02  0.000000e+00  0.000000e+00  0.000000e+00  0.000000e+00  0.000000e+00  1.570000e-02  1.960000e-02  1.390000e-02
2.486562e+00  0.000000e+00  0.000000e+00  0.000000e+00  0.000000e+00  0.000000e+00  0.000000e+00  1.630000e-02  1.360000e-02  0.000000e+00  0.000000e+00  0.000000e+00  0.000000e+00  0.000000e+00  1.630000e-02  1.630000e-02  1.360000e-02
2.806057e+00  0.000000e+00  0.000000e+00  0.000000e+00  0.000000e+00  0.000000e+00  0.000000e+00  1.710000e-02  1.240000e-02  0.000000e+00  0.000000e+00  0.000000e+00  0.000000e+00  0.000000e+00  1.610000e-02  1.710000e-02  1.240000e-02
3.166605e+00  0.000000e+00  0.000000e+00  0.000000e+00  0.000000e+00  0.000000e+00  0.000000e+00  1.820000e-02  1.360000e-02  0.000000e+00  0.000000e+00  0.000000e+00  0.000000e+00  0.000000e+00  1.800000e-02  1.820000e-02  1.360000e-02
3.573478e+00  0.000000e+00  0.000000e+00  0.000000e+00  0.000000e+00  0.000000e+00  0.000000e+00  1.640000e-02  1.390000e-02  0.000000e+00  0.000000e+00  0.000000e+00  0.000000e+00  0.000000e+00  1.820000e-02  1.640000e-02  1.390000e-02
4.032631e+00  0.000000e+00  0.000000e+00  0.000000e+00  0.000000e+00  0.000000e+00  0.000000e+00  1.590000e-02  1.140000e-02  0.000000e+00  0.000000e+00  0.000000e+00  0.000000e+00  6.000000e-03  1.720000e-02  1.590000e-02  1.140000e-02
4.550779e+00  0.000000e+00  0.000000e+00  0.000000e+00  0.000000e+00  0.000000e+00  4.500000e-03  1.660000e-02  1.340000e-02  0.000000e+00  0.000000e+00  0.000000e+00  0.000000e+00  1.230000e-02  1.800000e-02  1.660000e-02  1.340000e-02
5.135504e+00  0.000000e+00  0.000000e+00  0.000000e+00  0.000000e+00  0.000000e+00  1.660000e-02  1.620000e-02  1.190000e-02  0.000000e+00  0.000000e+00  0.000000e+00  0.000000e+00  1.420000e-02  1.660000e-02  1.620000e-02  1.190000e-02
5.795360e+00  0.000000e+00  0.000000e+00  0.000000e+00  0.000000e+00  0.000000e+00  1.990000e-02  1.740000e-02  1.350000e-02  0.000000e+00  0.000000e+00  0.000000e+00  0.000000e+00  1.490000e-02  1.990000e-02  1.740000e-02  1.350000e-02
6.540000e+00  0.000000e+00  0.000000e+00  0.000000e+00  0.000000e+00  0.000000e+00  1.730000e-02  1.660000e-02  1.310000e-02  0.000000e+00  0.000000e+00  0.000000e+00  0.000000e+00  1.900000e-02  1.730000e-02  1.660000e-02  1.310000e-02
7.380317e+00  0.000000e+00  0.000000e+00  0.000000e+00  0.000000e+00  0.000000e+00  1.610000e-02  1.780000e-02  1.120000e-02  0.000000e+00  0.000000e+00  0.000000e+00  0.000000e+00  1.730000e-02  1.610000e-02  1.780000e-02  1.120000e-02
8.328606e+00  0.000000e+00  0.000000e+00  0.000000e+00  0.000000e+00  0.000000e+00  1.450000e-02  1.770000e-02  1.000000e-02  0.000000e+00  0.000000e+00  0.000000e+00  0.000000e+00  1.720000e-02  1.450000e-02  1.770000e-02  1.000000e-02
9.398740e+00  0.000000e+00  0.000000e+00  0.000000e+00  0.000000e+00  0.000000e+00  1.760000e-02  1.650000e-02  9.900000e-03  0.000000e+00  0.000000e+00  0.000000e+00  0.000000e+00  1.560000e-02  1.760000e-02  1.650000e-02  9.900000e-03
1.060637e+01  0.000000e+00  0.000000e+00  0.000000e+00  0.000000e+00  0.000000e+00  1.430000e-02  1.440000e-02  8.800000e-03  0.000000e+00  0.000000e+00  0.000000e+00  0.000000e+00  1.560000e-02  1.430000e-02  1.440000e-02  8.800000e-03
1.196918e+01  0.000000e+00  0.000000e+00  0.000000e+00  0.000000e+00  1.600000e-02  1.930000e-02  1.610000e-02  1.030000e-02  0.000000e+00  0.000000e+00  0.000000e+00  0.000000e+00  1.890000e-02  1.930000e-02  1.610000e-02  1.030000e-02
1.350708e+01  0.000000e+00  0.000000e+00  0.000000e+00  0.000000e+00  1.580000e-02  1.730000e-02  1.460000e-02  7.600000e-03  0.000000e+00  0.000000e+00  0.000000e+00  2.000000e-04  1.580000e-02  1.730000e-02  1.460000e-02  7.600000e-03
1.524259e+01  0.000000e+00  0.000000e+00  0.000000e+00  0.000000e+00  1.850000e-02  1.750000e-02  1.260000e-02  8.100000e-03  0.000000e+00  0.000000e+00  0.000000e+00  1.180000e-02  1.850000e-02  1.750000e-02  1.260000e-02  8.100000e-03
1.720110e+01  0.000000e+00  0.000000e+00  0.000000e+00  0.000000e+00  1.740000e-02  1.660000e-02  1.550000e-02  7.600000e-03  0.000000e+00  0.000000e+00  0.000000e+00  1.330000e-02  1.740000e-02  1.660000e-02  1.550000e-02  9.200000e-03
1.941125e+01  0.000000e+00  0.000000e+00  0.000000e+00  0.000000e+00  1.810000e-02  1.510000e-02  1.440000e-02  0.000000e+00  0.000000e+00  0.000000e+00  0.000000e+00  1.560000e-02  1.810000e-02  1.510000e-02  1.440000e-02  9.200000e-03
2.190538e+01  0.000000e+00  0.000000e+00  0.000000e+00  0.000000e+00  1.680000e-02  1.310000e-02  1.340000e-02  0.000000e+00  0.000000e+00  0.000000e+00  0.000000e+00  1.370000e-02  1.680000e-02  1.310000e-02  1.340000e-02  7.600000e-03
2.471998e+01  0.000000e+00  0.000000e+00  0.000000e+00  0.000000e+00  1.610000e-02  1.470000e-02  1.580000e-02  0.000000e+00  0.000000e+00  0.000000e+00  0.000000e+00  1.880000e-02  1.610000e-02  1.470000e-02  1.580000e-02  6.700000e-03
2.789623e+01  0.000000e+00  0.000000e+00  0.000000e+00  0.000000e+00  1.680000e-02  1.540000e-02  1.440000e-02  0.000000e+00  0.000000e+00  0.000000e+00  0.000000e+00  1.590000e-02  1.680000e-02  1.540000e-02  1.440000e-02  9.900000e-03
3.148058e+01  0.000000e+00  0.000000e+00  0.000000e+00  0.000000e+00  1.780000e-02  1.720000e-02  1.320000e-02  0.000000e+00  0.000000e+00  0.000000e+00  0.000000e+00  1.900000e-02  1.780000e-02  1.720000e-02  1.320000e-02  7.700000e-03
3.552549e+01  0.000000e+00  0.000000e+00  0.000000e+00  0.000000e+00  1.560000e-02  1.350000e-02  1.200000e-02  0.000000e+00  0.000000e+00  0.000000e+00  0.000000e+00  1.700000e-02  1.560000e-02  1.350000e-02  1.200000e-02  6.400000e-03
4.009012e+01  0.000000e+00  0.000000e+00  0.000000e+00  6.700000e-03  1.470000e-02  1.490000e-02  1.400000e-02  0.000000e+00  0.000000e+00  0.000000e+00  0.000000e+00  1.640000e-02  1.470000e-02  1.490000e-02  1.400000e-02  7.400000e-03
4.524126e+01  0.000000e+00  0.000000e+00  0.000000e+00  1.780000e-02  1.450000e-02  1.540000e-02  1.310000e-02  0.000000e+00  0.000000e+00  0.000000e+00  0.000000e+00  1.780000e-02  1.450000e-02  1.540000e-02  1.310000e-02  6.600000e-03
5.105426e+01  0.000000e+00  0.000000e+00  0.000000e+00  1.740000e-02  1.670000e-02  1.550000e-02  1.310000e-02  0.000000e+00  0.000000e+00  0.000000e+00  0.000000e+00  1.740000e-02  1.670000e-02  1.550000e-02  1.310000e-02  8.600000e-03
5.761417e+01  0.000000e+00  0.000000e+00  0.000000e+00  1.540000e-02  1.420000e-02  1.580000e-02  1.040000e-02  0.000000e+00  0.000000e+00  0.000000e+00  0.000000e+00  1.540000e-02  1.420000e-02  1.580000e-02  1.040000e-02  7.000000e-03
6.501695e+01  0.000000e+00  0.000000e+00  0.000000e+00  1.530000e-02  1.580000e-02  1.650000e-02  1.270000e-02  0.000000e+00  0.000000e+00  0.000000e+00  0.000000e+00  1.530000e-02  1.580000e-02  1.650000e-02  1.270000e-02  6.200000e-03
7.337091e+01  0.000000e+00  0.000000e+00  0.000000e+00  1.780000e-02  1.670000e-02  1.350000e-02  1.360000e-02  0.000000e+00  0.000000e+00  0.000000e+00  0.000000e+00  1.780000e-02  1.670000e-02  1.350000e-02  1.360000e-02  6.600000e-03
8.279827e+01  0.000000e+00  0.000000e+00  0.000000e+00  1.700000e-02  1.690000e-02  1.270000e-02  1.300000e-02  0.000000e+00  0.000000e+00  0.000000e+00  0.000000e+00  1.700000e-02  1.690000e-02  1.270000e-02  1.300000e-02  6.500000e-03
9.343693e+01  0.000000e+00  0.000000e+00  0.000000e+00  1.550000e-02  1.580000e-02  1.220000e-02  1.330000e-02  0.000000e+00  0.000000e+00  0.000000e+00  1.200000e-03  1.550000e-02  1.580000e-02  1.220000e-02  1.330000e-02  5.200000e-03
1.054425e+02  0.000000e+00  0.000000e+00  0.000000e+00  1.530000e-02  1.550000e-02  1.490000e-02  1.230000e-02  0.000000e+00  0.000000e+00  0.000000e+00  1.330000e-02  1.530000e-02  1.550000e-02  1.490000e-02  1.230000e-02  3.800000e-03
1.189907e+02  0.000000e+00  0.000000e+00  0.000000e+00  1.680000e-02  1.420000e-02  1.200000e-02  1.460000e-02  0.000000e+00  0.000000e+00  0.000000e+00  1.440000e-02  1.680000e-02  1.420000e-02  1.200000e-02  1.460000e-02  5.400000e-03
1.342797e+02  0.000000e+00  0.000000e+00  0.000000e+00  1.570000e-02  1.270000e-02  1.230000e-02  1.180000e-02  0.000000e+00  0.000000e+00  0.000000e+00  1.540000e-02  1.570000e-02  1.270000e-02  1.230000e-02  1.180000e-02  4.300000e-03
1.515332e+02  0.000000e+00  0.000000e+00  0.000000e+00  1.710000e-02  1.570000e-02  1.300000e-02  1.330000e-02  0.000000e+00  0.000000e+00  0.000000e+00  1.650000e-02  1.710000e-02  1.570000e-02  1.300000e-02  1.330000e-02  3.900000e-03
1.710035e+02  0.000000e+00  0.000000e+00  0.000000e+00  1.650000e-02  1.370000e-02  1.220000e-02  1.180000e-02  0.000000e+00  0.000000e+00  0.000000e+00  1.740000e-02  1.650000e-02  1.370000e-02  1.220000e-02  1.180000e-02  3.100000e-03
1.929756e+02  0.000000e+00  0.000000e+00  0.000000e+00  1.390000e-02  1.530000e-02  1.110000e-02  1.130000e-02  0.000000e+00  0.000000e+00  0.000000e+00  1.560000e-02  1.390000e-02  1.530000e-02  1.110000e-02  1.130000e-02  4.500000e-03
2.177708e+02  0.000000e+00  0.000000e+00  0.000000e+00  1.670000e-02  1.470000e-02  1.190000e-02  1.080000e-02  0.000000e+00  0.000000e+00  0.000000e+00  1.790000e-02  1.670000e-02  1.470000e-02  1.190000e-02  1.080000e-02  3.700000e-03
2.457520e+02  0.000000e+00  0.000000e+00  0.000000e+00  1.680000e-02  1.300000e-02  1.210000e-02  9.400000e-03  0.000000e+00  0.000000e+00  0.000000e+00  1.520000e-02  1.680000e-02  1.300000e-02  1.210000e-02  9.400000e-03  3.100000e-03
2.773284e+02  0.000000e+00  0.000000e+00  1.060000e-02  1.780000e-02  1.370000e-02  1.450000e-02  1.070000e-02  0.000000e+00  0.000000e+00  0.000000e+00  1.870000e-02  1.780000e-02  1.370000e-02  1.450000e-02  1.070000e-02  0.000000e+00
3.129620e+02  0.000000e+00  0.000000e+00  1.610000e-02  1.800000e-02  1.260000e-02  1.280000e-02  9.800000e-03  0.000000e+00  0.000000e+00  0.000000e+00  1.610000e-02  1.800000e-02  1.260000e-02  1.280000e-02  9.800000e-03  0.000000e+00
3.531742e+02  0.000000e+00  0.000000e+00  1.650000e-02  1.540000e-02  1.420000e-02  9.800000e-03  9.000000e-03  0.000000e+00  0.000000e+00  0.000000e+00  1.650000e-02  1.540000e-02  1.420000e-02  9.800000e-03  9.000000e-03  0.000000e+00
3.985532e+02  0.000000e+00  0.000000e+00  1.670000e-02  1.410000e-02  1.180000e-02  1.220000e-02  9.200000e-03  0.000000e+00  0.000000e+00  0.000000e+00  1.670000e-02  1.410000e-02  1.180000e-02  1.220000e-02  9.200000e-03  0.000000e+00
4.497629e+02  0.000000e+00  0.000000e+00  1.890000e-02  1.760000e-02  1.110000e-02  1.160000e-02  2.800000e-03  0.000000e+00  0.000000e+00  0.000000e+00  1.890000e-02  1.760000e-02  1.110000e-02  1.160000e-02  9.800000e-03  0.000000e+00
5.075524e+02  0.000000e+00  0.000000e+00  1.790000e-02  1.570000e-02  1.210000e-02  1.140000e-02  0.000000e+00  0.000000e+00  0.000000e+00  2.900000e-03  1.790000e-02  1.570000e-02  1.210000e-02  1.140000e-02  7.700000e-03  0.000000e+00
5.727673e+02  0.000000e+00  0.000000e+00  1.680000e-02  1.500000e-02  1.210000e-02  1.240000e-02  0.000000e+00  0.000000e+00  0.000000e+00  1.190000e-02  1.680000e-02  1.500000e-02  1.210000e-02  1.240000e-02  8.900000e-03  0.000000e+00
6.463616e+02  0.000000e+00  0.000000e+00  1.730000e-02  1.510000e-02  1.140000e-02  1.190000e-02  0.000000e+00  0.000000e+00  0.000000e+00  1.310000e-02  1.730000e-02  1.510000e-02  1.140000e-02  1.190000e-02  8.300000e-03  0.000000e+00
7.294119e+02  0.000000e+00  0.000000e+00  1.640000e-02  1.560000e-02  1.210000e-02  1.000000e-02  0.000000e+00  0.000000e+00  0.000000e+00  1.630000e-02  1.640000e-02  1.560000e-02  1.210000e-02  1.000000e-02  9.000000e-03  0.000000e+00
8.231333e+02  0.000000e+00  0.000000e+00  1.850000e-02  1.240000e-02  1.020000e-02  1.120000e-02  0.000000e+00  0.000000e+00  0.000000e+00  1.800000e-02  1.850000e-02  1.240000e-02  1.020000e-02  1.120000e-02  7.000000e-03  0.000000e+00
9.288968e+02  0.000000e+00  0.000000e+00  1.620000e-02  1.390000e-02  1.290000e-02  1.120000e-02  0.000000e+00  0.000000e+00  0.000000e+00  1.820000e-02  1.620000e-02  1.390000e-02  1.290000e-02  1.120000e-02  9.000000e-03  0.000000e+00
1.048250e+03  0.000000e+00  0.000000e+00  1.630000e-02  1.490000e-02  1.130000e-02  1.250000e-02  0.000000e+00  0.000000e+00  0.000000e+00  1.660000e-02  1.630000e-02  1.490000e-02  1.130000e-02  1.250000e-02  7.600000e-03  0.000000e+00
1.182938e+03  0.000000e+00  0.000000e+00  1.700000e-02  1.100000e-02  1.090000e-02  1.080000e-02  0.000000e+00  0.000000e+00  0.000000e+00  1.910000e-02  1.700000e-02  1.100000e-02  1.090000e-02  1.080000e-02  8.000000e-03  0.000000e+00
1.334933e+03  0.000000e+00  0.000000e+00  1.860000e-02  1.270000e-02  1.190000e-02  8.200000e-03  0.000000e+00  0.000000e+00  0.000000e+00  1.840000e-02  1.860000e-02  1.270000e-02  1.190000e-02  8.200000e-03  6.400000e-03  0.000000e+00
1.506457e+03  0.000000e+00  1.810000e-02  1.910000e-02  1.280000e-02  1.160000e-02  1.010000e-02  0.000000e+00  0.000000e+00  0.000000e+00  1.860000e-02  1.910000e-02  1.280000e-02  1.160000e-02  1.010000e-02  7.000000e-03  0.000000e+00
1.700020e+03  0.000000e+00  1.920000e-02  1.780000e-02  1.270000e-02  1.140000e-02  1.010000e-02  0.000000e+00  0.000000e+00  0.000000e+00  1.920000e-02  1.780000e-02  1.270000e-02  1.140000e-02  1.010000e-02  7.200000e-03  0.000000e+00
1.918454e+03  0.000000e+00  1.770000e-02  1.810000e-02  1.170000e-02  1.090000e-02  2.800000e-03  0.000000e+00  0.000000e+00  0.000000e+00  1.770000e-02  1.810000e-02  1.170000e-02  1.090000e-02  9.800000e-03  5.100000e-03  0.000000e+00
2.164954e+03  0.000000e+00  1.830000e-02  1.760000e-02  1.320000e-02  1.280000e-02  0.000000e+00  0.000000e+00  0.000000e+00  0.000000e+00  1.830000e-02  1.760000e-02  1.320000e-02  1.280000e-02  9.600000e-03  5.600000e-03  0.000000e+00
2.443126e+03  0.000000e+00  1.630000e-02  1.830000e-02  1.340000e-02  1.210000e-02  0.000000e+00  0.000000e+00  0.000000e+00  0.000000e+00  1.630000e-02  1.830000e-02  1.340000e-02  1.210000e-02  1.100000e-02  5.300000e-03  0.000000e+00
2.757041e+03  0.000000e+00  2.100000e-02  1.690000e-02  1.110000e-02  1.210000e-02  0.000000e+00  0.000000e+00  0.000000e+00  0.000000e+00  2.100000e-02  1.690000e-02  1.110000e-02  1.210000e-02  1.060000e-02  5.400000e-03  0.000000e+00
3.111291e+03  0.000000e+00  1.750000e-02  1.650000e-02  1.130000e-02  1.020000e-02  0.000000e+00  0.000000e+00  0.000000e+00  0.000000e+00  1.750000e-02  1.650000e-02  1.130000e-02  1.020000e-02  8.100000e-03  5.000000e-03  0.000000e+00
3.511057e+03  0.000000e+00  1.950000e-02  1.470000e-02  1.260000e-02  1.140000e-02  0.000000e+00  0.000000e+00  0.000000e+00  0.000000e+00  1.950000e-02  1.470000e-02  1.260000e-02  1.140000e-02  1.000000e-02  4.500000e-03  0.000000e+00
3.962189e+03  0.000000e+00  1.990000e-02  1.740000e-02  1.280000e-02  1.020000e-02  0.000000e+00  0.000000e+00  0.000000e+00  0.000000e+00  1.990000e-02  1.740000e-02  1.280000e-02  1.070000e-02  8.700000e-03  4.200000e-03  0.000000e+00
4.471286e+03  0.000000e+00  1.900000e-02  1.650000e-02  1.360000e-02  0.000000e+00  0.000000e+00  0.000000e+00  0.000000e+00  0.000000e+00  1.900000e-02  1.650000e-02  1.360000e-02  1.020000e-02  8.600000e-03  3.400000e-03  0.000000e+00
5.045797e+03  0.000000e+00  1.990000e-02  1.480000e-02  1.250000e-02  0.000000e+00  0.000000e+00  0.000000e+00  0.000000e+00  0.000000e+00  1.990000e-02  1.480000e-02  1.250000e-02  1.200000e-02  7.000000e-03  3.400000e-03  0.000000e+00
5.694127e+03  0.000000e+00  1.870000e-02  1.720000e-02  1.370000e-02  0.000000e+00  0.000000e+00  0.000000e+00  0.000000e+00  0.000000e+00  1.870000e-02  1.720000e-02  1.370000e-02  1.250000e-02  6.600000e-03  0.000000e+00  0.000000e+00
6.425759e+03  0.000000e+00  1.980000e-02  1.370000e-02  1.160000e-02  0.000000e+00  0.000000e+00  0.000000e+00  0.000000e+00  0.000000e+00  1.980000e-02  1.370000e-02  1.160000e-02  1.070000e-02  6.200000e-03  0.000000e+00  0.000000e+00
7.251398e+03  0.000000e+00  2.200000e-02  1.600000e-02  1.330000e-02  0.000000e+00  0.000000e+00  0.000000e+00  0.000000e+00  0.000000e+00  2.200000e-02  1.600000e-02  1.330000e-02  1.020000e-02  8.000000e-03  0.000000e+00  0.000000e+00
8.183122e+03  0.000000e+00  2.080000e-02  1.470000e-02  1.420000e-02  0.000000e+00  0.000000e+00  0.000000e+00  0.000000e+00  0.000000e+00  2.080000e-02  1.470000e-02  1.420000e-02  9.300000e-03  7.600000e-03  0.000000e+00  0.000000e+00
9.234563e+03  0.000000e+00  2.080000e-02  1.560000e-02  1.390000e-02  0.000000e+00  0.000000e+00  0.000000e+00  0.000000e+00  0.000000e+00  2.080000e-02  1.560000e-02  1.390000e-02  9.900000e-03  7.200000e-03  0.000000e+00  0.000000e+00
1.042110e+04  0.000000e+00  2.120000e-02  1.910000e-02  1.280000e-02  0.000000e+00  0.000000e+00  0.000000e+00  0.000000e+00  0.000000e+00  2.120000e-02  1.910000e-02  1.280000e-02  9.700000e-03  4.800000e-03  0.000000e+00  0.000000e+00
1.176010e+04  0.000000e+00  2.180000e-02  1.710000e-02  1.900000e-03  0.000000e+00  0.000000e+00  0.000000e+00  0.000000e+00  0.000000e+00  2.180000e-02  1.710000e-02  1.330000e-02  8.400000e-03  6.000000e-03  0.000000e+00  0.000000e+00
1.327114e+04  0.000000e+00  1.930000e-02  1.590000e-02  0.000000e+00  0.000000e+00  0.000000e+00  0.000000e+00  0.000000e+00  9.300000e-03  1.930000e-02  1.590000e-02  1.210000e-02  8.000000e-03  5.000000e-03  0.000000e+00  0.000000e+00
1.497634e+04  0.000000e+00  1.930000e-02  1.570000e-02  0.000000e+00  0.000000e+00  0.000000e+00  0.000000e+00  0.000000e+00  1.430000e-02  1.930000e-02  1.570000e-02  1.380000e-02  8.400000e-03  3.000000e-03  0.000000e+00  0.000000e+00
1.690063e+04  0.000000e+00  2.060000e-02  1.620000e-02  0.000000e+00  0.000000e+00  0.000000e+00  0.000000e+00  0.000000e+00  1.570000e-02  2.060000e-02  1.620000e-02  1.290000e-02  7.400000e-03  0.000000e+00  0.000000e+00  0.000000e+00
1.907218e+04  0.000000e+00  1.930000e-02  1.770000e-02  0.000000e+00  0.000000e+00  0.000000e+00  0.000000e+00  0.000000e+00  1.670000e-02  1.930000e-02  1.770000e-02  1.410000e-02  7.700000e-03  0.000000e+00  0.000000e+00  0.000000e+00
2.152274e+04  0.000000e+00  2.390000e-02  1.640000e-02  0.000000e+00  0.000000e+00  0.000000e+00  0.000000e+00  0.000000e+00  2.190000e-02  2.390000e-02  1.640000e-02  1.210000e-02  7.600000e-03  0.000000e+00  0.000000e+00  0.000000e+00
2.428817e+04  0.000000e+00  2.090000e-02  1.950000e-02  0.000000e+00  0.000000e+00  0.000000e+00  0.000000e+00  0.000000e+00  1.900000e-02  2.090000e-02  1.950000e-02  1.350000e-02  2.500000e-03  0.000000e+00  0.000000e+00  0.000000e+00
2.740893e+04  0.000000e+00  2.220000e-02  1.890000e-02  0.000000e+00  0.000000e+00  0.000000e+00  0.000000e+00  0.000000e+00  2.440000e-02  2.220000e-02  1.890000e-02  1.310000e-02  0.000000e+00  0.000000e+00  0.000000e+00  0.000000e+00
3.093068e+04  1.080000e-02  2.260000e-02  1.890000e-02  0.000000e+00  0.000000e+00  0.000000e+00  0.000000e+00  0.000000e+00  2.450000e-02  2.260000e-02  1.890000e-02  1.240000e-02  0.000000e+00  0.000000e+00  0.000000e+00  0.000000e+00
3.490493e+04  2.530000e-02  2.390000e-02  5.900000e-03  0.000000e+00  0.000000e+00  0.000000e+00  0.000000e+00  0.000000e+00  2.530000e-02  2.390000e-02  1.870000e-02  8.200000e-03  0.000000e+00  0.000000e+00  0.000000e+00  0.000000e+00
3.938983e+04  2.570000e-02  2.210000e-02  0.000000e+00  0.000000e+00  0.000000e+00  0.000000e+00  0.000000e+00  0.000000e+00  2.570000e-02  2.210000e-02  1.820000e-02  1.140000e-02  0.000000e+00  0.000000e+00  0.000000e+00  0.000000e+00
4.445099e+04  2.650000e-02  2.120000e-02  0.000000e+00  0.000000e+00  0.000000e+00  0.000000e+00  0.000000e+00  0.000000e+00  2.650000e-02  2.120000e-02  2.170000e-02  0.000000e+00  0.000000e+00  0.000000e+00  0.000000e+00  0.000000e+00
5.016245e+04  3.000000e-02  2.420000e-02  0.000000e+00  0.000000e+00  0.000000e+00  0.000000e+00  0.000000e+00  0.000000e+00  3.000000e-02  2.420000e-02  1.740000e-02  0.000000e+00  0.000000e+00  0.000000e+00  0.000000e+00  0.000000e+00
5.660777e+04  2.800000e-02  2.250000e-02  0.000000e+00  0.000000e+00  0.000000e+00  0.000000e+00  0.000000e+00  0.000000e+00  2.800000e-02  2.250000e-02  1.670000e-02  0.000000e+00  0.000000e+00  0.000000e+00  0.000000e+00  0.000000e+00
6.388124e+04  2.970000e-02  2.200000e-02  0.000000e+00  0.000000e+00  0.000000e+00  0.000000e+00  0.000000e+00  0.000000e+00  2.970000e-02  2.200000e-02  1.790000e-02  0.000000e+00  0.000000e+00  0.000000e+00  0.000000e+00  0.000000e+00
7.208927e+04  2.980000e-02  2.330000e-02  0.000000e+00  0.000000e+00  0.000000e+00  0.000000e+00  0.000000e+00  0.000000e+00  2.980000e-02  2.330000e-02  1.860000e-02  0.000000e+00  0.000000e+00  0.000000e+00  0.000000e+00  0.000000e+00
8.135195e+04  3.170000e-02  1.200000e-03  0.000000e+00  0.000000e+00  0.000000e+00  0.000000e+00  0.000000e+00  0.000000e+00  3.170000e-02  2.410000e-02  1.170000e-02  0.000000e+00  0.000000e+00  0.000000e+00  0.000000e+00  0.000000e+00
9.180477e+04  3.280000e-02  0.000000e+00  0.000000e+00  0.000000e+00  0.000000e+00  0.000000e+00  0.000000e+00  0.000000e+00  3.280000e-02  2.400000e-02  0.000000e+00  0.000000e+00  0.000000e+00  0.000000e+00  0.000000e+00  0.000000e+00
1.036007e+05  3.430000e-02  0.000000e+00  0.000000e+00  0.000000e+00  0.000000e+00  0.000000e+00  0.000000e+00  0.000000e+00  3.430000e-02  2.230000e-02  0.000000e+00  0.000000e+00  0.000000e+00  0.000000e+00  0.000000e+00  0.000000e+00
1.169122e+05  3.640000e-02  0.000000e+00  0.000000e+00  0.000000e+00  0.000000e+00  0.000000e+00  0.000000e+00  0.000000e+00  3.640000e-02  2.190000e-02  0.000000e+00  0.000000e+00  0.000000e+00  0.000000e+00  0.000000e+00  0.000000e+00
1.319341e+05  3.750000e-02  0.000000e+00  0.000000e+00  0.000000e+00  0.000000e+00  0.000000e+00  0.000000e+00  0.000000e+00  3.750000e-02  2.340000e-02  0.000000e+00  0.000000e+00  0.000000e+00  0.000000e+00  0.000000e+00  0.000000e+00
1.488862e+05  3.530000e-02  0.000000e+00  0.000000e+00  0.000000e+00  0.000000e+00  0.000000e+00  0.000000e+00  0.000000e+00  3.530000e-02  2.050000e-02  0.000000e+00  0.000000e+00  0.000000e+00  0.000000e+00  0.000000e+00  0.000000e+00
1.680165e+05  3.700000e-02  0.000000e+00  0.000000e+00  0.000000e+00  0.000000e+00  0.000000e+00  0.000000e+00  0.000000e+00  3.700000e-02  0.000000e+00  0.000000e+00  0.000000e+00  0.000000e+00  0.000000e+00  0.000000e+00  0.000000e+00
1.896047e+05  3.840000e-02  0.000000e+00  0.000000e+00  0.000000e+00  0.000000e+00  0.000000e+00  0.000000e+00  0.000000e+00  3.840000e-02  0.000000e+00  0.000000e+00  0.000000e+00  0.000000e+00  0.000000e+00  0.000000e+00  0.000000e+00
2.139668e+05  3.770000e-02  0.000000e+00  0.000000e+00  0.000000e+00  0.000000e+00  0.000000e+00  0.000000e+00  0.000000e+00  3.770000e-02  0.000000e+00  0.000000e+00  0.000000e+00  0.000000e+00  0.000000e+00  0.000000e+00  0.000000e+00
2.414592e+05  3.220000e-02  0.000000e+00  0.000000e+00  0.000000e+00  0.000000e+00  0.000000e+00  0.000000e+00  0.000000e+00  3.220000e-02  0.000000e+00  0.000000e+00  0.000000e+00  0.000000e+00  0.000000e+00  0.000000e+00  0.000000e+00
2.724840e+05  3.430000e-02  0.000000e+00  0.000000e+00  0.000000e+00  0.000000e+00  0.000000e+00  0.000000e+00  0.000000e+00  3.430000e-02  0.000000e+00  0.000000e+00  0.000000e+00  0.000000e+00  0.000000e+00  0.000000e+00  0.000000e+00
3.074952e+05  3.660000e-02  0.000000e+00  0.000000e+00  0.000000e+00  0.000000e+00  0.000000e+00  0.000000e+00  0.000000e+00  3.660000e-02  0.000000e+00  0.000000e+00  0.000000e+00  0.000000e+00  0.000000e+00  0.000000e+00  0.000000e+00
3.470050e+05  2.950000e-02  0.000000e+00  0.000000e+00  0.000000e+00  0.000000e+00  0.000000e+00  0.000000e+00  0.000000e+00  2.950000e-02  0.000000e+00  0.000000e+00  0.000000e+00  0.000000e+00  0.000000e+00  0.000000e+00  0.000000e+00
3.915913e+05  2.050000e-02  0.000000e+00  0.000000e+00  0.000000e+00  0.000000e+00  0.000000e+00  0.000000e+00  0.000000e+00  2.950000e-02  0.000000e+00  0.000000e+00  0.000000e+00  0.000000e+00  0.000000e+00  0.000000e+00  0.000000e+00
4.419064e+05  0.000000e+00  0.000000e+00  0.000000e+00  0.000000e+00  0.000000e+00  0.000000e+00  0.000000e+00  0.000000e+00  3.290000e-02  0.000000e+00  0.000000e+00  0.000000e+00  0.000000e+00  0.000000e+00  0.000000e+00  0.000000e+00
4.986865e+05  0.000000e+00  0.000000e+00  0.000000e+00  0.000000e+00  0.000000e+00  0.000000e+00  0.000000e+00  0.000000e+00  2.690000e-02  0.000000e+00  0.000000e+00  0.000000e+00  0.000000e+00  0.000000e+00  0.000000e+00  0.000000e+00
5.627622e+05  0.000000e+00  0.000000e+00  0.000000e+00  0.000000e+00  0.000000e+00  0.000000e+00  0.000000e+00  0.000000e+00  2.230000e-02  0.000000e+00  0.000000e+00  0.000000e+00  0.000000e+00  0.000000e+00  0.000000e+00  0.000000e+00
6.350709e+05  0.000000e+00  0.000000e+00  0.000000e+00  0.000000e+00  0.000000e+00  0.000000e+00  0.000000e+00  0.000000e+00  2.460000e-02  0.000000e+00  0.000000e+00  0.000000e+00  0.000000e+00  0.000000e+00  0.000000e+00  0.000000e+00
7.166705e+05  0.000000e+00  0.000000e+00  0.000000e+00  0.000000e+00  0.000000e+00  0.000000e+00  0.000000e+00  0.000000e+00  1.930000e-02  0.000000e+00  0.000000e+00  0.000000e+00  0.000000e+00  0.000000e+00  0.000000e+00  0.000000e+00
