6.078249e-04  0.000000e+00  0.000000e+00  0.000000e+00  0.000000e+00  0.000000e+00  0.000000e+00  0.000000e+00  0.000000e+00  0.000000e+00  0.000000e+00  0.000000e+00  0.000000e+00  0.000000e+00  0.000000e+00  0.000000e+00  7.477323e-03
6.761388e-04  0.000000e+00  0.000000e+00  0.000000e+00  0.000000e+00  0.000000e+00  0.000000e+00  0.000000e+00  0.000000e+00  0.000000e+00  0.000000e+00  0.000000e+00  0.000000e+00  0.000000e+00  0.000000e+00  0.000000e+00  8.090218e-03
7.521306e-04  0.000000e+00  0.000000e+00  0.000000e+00  0.000000e+00  0.000000e+00  0.000000e+00  0.000000e+00  0.000000e+00  0.000000e+00  0.000000e+00  0.000000e+00  0.000000e+00  0.000000e+00  0.000000e+00  0.000000e+00  9.683746e-03
8.366633e-04  0.000000e+00  0.000000e+00  0.000000e+00  0.000000e+00  0.000000e+00  0.000000e+00  0.000000e+00  0.000000e+00  0.000000e+00  0.000000e+00  0.000000e+00  0.000000e+00  0.000000e+00  0.000000e+00  0.000000e+00  8.948272e-03
9.306966e-04  0.000000e+00  0.000000e+00  0.000000e+00  0.000000e+00  0.000000e+00  0.000000e+00  0.000000e+00  0.000000e+00  0.000000e+00  0.000000e+00  0.000000e+00  0.000000e+00  0.000000e+00  0.000000e+00  0.000000e+00  1.115469e-02
1.035298e-03  0.000000e+00  0.000000e+00  0.000000e+00  0.000000e+00  0.000000e+00  0.000000e+00  0.000000e+00  0.000000e+00  0.000000e+00  0.000000e+00  0.000000e+00  0.000000e+00  0.000000e+00  0.000000e+00  0.000000e+00  9.806325e-03
1.151656e-03  0.000000e+00  0.000000e+00  0.000000e+00  0.000000e+00  0.000000e+00  0.000000e+00  0.000000e+00  0.000000e+00  0.000000e+00  0.000000e+00  0.000000e+00  0.000000e+00  0.000000e+00  0.000000e+00  0.000000e+00  1.238049e-02
1.281092e-03  0.000000e+00  0.000000e+00  0.000000e+00  0.000000e+00  0.000000e+00  0.000000e+00  0.000000e+00  0.000000e+00  0.000000e+00  0.000000e+00  0.000000e+00  0.000000e+00  0.000000e+00  0.000000e+00  0.000000e+00  1.311596e-02
1.425075e-03  0.000000e+00  0.000000e+00  0.000000e+00  0.000000e+00  0.000000e+00  0.000000e+00  0.000000e+00  0.000000e+00  0.000000e+00  0.000000e+00  0.000000e+00  0.000000e+00  0.000000e+00  0.000000e+00  0.000000e+00  1.127727e-02
1.585241e-03  0.000000e+00  0.000000e+00  0.000000e+00  0.000000e+00  0.000000e+00  0.000000e+00  0.000000e+00  0.000000e+00  0.000000e+00  0.000000e+00  0.000000e+00  0.000000e+00  0.000000e+00  0.000000e+00  0.000000e+00  1.262564e-02
1.763407e-03  0.000000e+00  0.000000e+00  0.000000e+00  0.000000e+00  0.000000e+00  0.000000e+00  0.000000e+00  0.000000e+00  0.000000e+00  0.000000e+00  0.000000e+00  0.000000e+00  0.000000e+00  0.000000e+00  0.000000e+00  1.262564e-02
1.961598e-03  0.000000e+00  0.000000e+00  0.000000e+00  0.000000e+00  0.000000e+00  0.000000e+00  0.000000e+00  0.000000e+00  0.000000e+00  0.000000e+00  0.000000e+00  0.000000e+00  0.000000e+00  0.000000e+00  0.000000e+00  1.421917e-02
2.182064e-03  0.000000e+00  0.000000e+00  0.000000e+00  0.000000e+00  0.000000e+00  0.000000e+00  0.000000e+00  1.115469e-02  0.000000e+00  0.000000e+00  0.000000e+00  0.000000e+00  0.000000e+00  0.000000e+00  0.000000e+00  1.483207e-02
2.427308e-03  0.000000e+00  0.000000e+00  0.000000e+00  0.000000e+00  0.000000e+00  0.000000e+00  0.000000e+00  1.777396e-02  0.000000e+00  0.000000e+00  0.000000e+00  0.000000e+00  0.000000e+00  0.000000e+00  0.000000e+00  1.777396e-02
2.700115e-03  0.000000e+00  0.000000e+00  0.000000e+00  0.000000e+00  0.000000e+00  0.000000e+00  0.000000e+00  1.385143e-02  0.000000e+00  0.000000e+00  0.000000e+00  0.000000e+00  0.000000e+00  0.000000e+00  0.000000e+00  1.385143e-02
3.003583e-03  0.000000e+00  0.000000e+00  0.000000e+00  0.000000e+00  0.000000e+00  0.000000e+00  0.000000e+00  1.434175e-02  0.000000e+00  0.000000e+00  0.000000e+00  0.000000e+00  0.000000e+00  0.000000e+00  0.000000e+00  1.434175e-02
3.341158e-03  0.000000e+00  0.000000e+00  0.000000e+00  0.000000e+00  0.000000e+00  0.000000e+00  0.000000e+00  1.446433e-02  0.000000e+00  0.000000e+00  0.000000e+00  0.000000e+00  0.000000e+00  0.000000e+00  0.000000e+00  1.446433e-02
3.716674e-03  0.000000e+00  0.000000e+00  0.000000e+00  0.000000e+00  0.000000e+00  0.000000e+00  0.000000e+00  1.360628e-02  0.000000e+00  0.000000e+00  0.000000e+00  0.000000e+00  0.000000e+00  0.000000e+00  0.000000e+00  1.360628e-02
4.134394e-03  0.000000e+00  0.000000e+00  0.000000e+00  0.000000e+00  0.000000e+00  0.000000e+00  0.000000e+00  1.556754e-02  0.000000e+00  0.000000e+00  0.000000e+00  0.000000e+00  0.000000e+00  0.000000e+00  0.000000e+00  1.556754e-02
4.599062e-03  0.000000e+00  0.000000e+00  0.000000e+00  0.000000e+00  0.000000e+00  0.000000e+00  0.000000e+00  1.483207e-02  0.000000e+00  0.000000e+00  0.000000e+00  0.000000e+00  0.000000e+00  0.000000e+00  0.000000e+00  1.483207e-02
5.115955e-03  0.000000e+00  0.000000e+00  0.000000e+00  0.000000e+00  0.000000e+00  0.000000e+00  0.000000e+00  1.421917e-02  0.000000e+00  0.000000e+00  0.000000e+00  0.000000e+00  0.000000e+00  0.000000e+00  0.000000e+00  1.421917e-02
5.690941e-03  0.000000e+00  0.000000e+00  0.000000e+00  0.000000e+00  0.000000e+00  0.000000e+00  0.000000e+00  1.458691e-02  0.000000e+00  0.000000e+00  0.000000e+00  0.000000e+00  0.000000e+00  0.000000e+00  0.000000e+00  1.458691e-02
6.330551e-03  0.000000e+00  0.000000e+00  0.000000e+00  0.000000e+00  0.000000e+00  0.000000e+00  0.000000e+00  1.777396e-02  0.000000e+00  0.000000e+00  0.000000e+00  0.000000e+00  0.000000e+00  0.000000e+00  0.000000e+00  1.777396e-02
7.042047e-03  0.000000e+00  0.000000e+00  0.000000e+00  0.000000e+00  0.000000e+00  0.000000e+00  0.000000e+00  1.519980e-02  0.000000e+00  0.000000e+00  0.000000e+00  0.000000e+00  0.000000e+00  0.000000e+00  0.000000e+00  1.519980e-02
7.833509e-03  0.000000e+00  0.000000e+00  0.000000e+00  0.000000e+00  0.000000e+00  0.000000e+00  0.000000e+00  1.569012e-02  0.000000e+00  0.000000e+00  0.000000e+00  0.000000e+00  0.000000e+00  0.000000e+00  0.000000e+00  1.569012e-02
8.713924e-03  0.000000e+00  0.000000e+00  0.000000e+00  0.000000e+00  0.000000e+00  0.000000e+00  0.000000e+00  1.421917e-02  0.000000e+00  0.000000e+00  0.000000e+00  0.000000e+00  0.000000e+00  0.000000e+00  0.000000e+00  1.421917e-02
9.693289e-03  0.000000e+00  0.000000e+00  0.000000e+00  0.000000e+00  0.000000e+00  0.000000e+00  0.000000e+00  1.752881e-02  0.000000e+00  0.000000e+00  0.000000e+00  0.000000e+00  0.000000e+00  0.000000e+00  0.000000e+00  1.752881e-02
1.078273e-02  0.000000e+00  0.000000e+00  0.000000e+00  0.000000e+00  0.000000e+00  0.000000e+00  0.000000e+00  1.593528e-02  0.000000e+00  0.000000e+00  0.000000e+00  0.000000e+00  0.000000e+00  0.000000e+00  0.000000e+00  1.593528e-02
1.199461e-02  0.000000e+00  0.000000e+00  0.000000e+00  0.000000e+00  0.000000e+00  0.000000e+00  0.000000e+00  1.605786e-02  0.000000e+00  0.000000e+00  0.000000e+00  0.000000e+00  0.000000e+00  0.000000e+00  0.000000e+00  1.605786e-02
1.334269e-02  0.000000e+00  0.000000e+00  0.000000e+00  0.000000e+00  0.000000e+00  0.000000e+00  0.000000e+00  1.863202e-02  0.000000e+00  0.000000e+00  0.000000e+00  0.000000e+00  0.000000e+00  0.000000e+00  0.000000e+00  1.863202e-02
1.484229e-02  0.000000e+00  0.000000e+00  0.000000e+00  0.000000e+00  0.000000e+00  0.000000e+00  0.000000e+00  1.777396e-02  0.000000e+00  0.000000e+00  0.000000e+00  0.000000e+00  0.000000e+00  0.000000e+00  0.000000e+00  1.777396e-02
1.651042e-02  0.000000e+00  0.000000e+00  0.000000e+00  0.000000e+00  0.000000e+00  0.000000e+00  0.000000e+00  1.532238e-02  0.000000e+00  0.000000e+00  0.000000e+00  0.000000e+00  0.000000e+00  0.000000e+00  0.000000e+00  1.532238e-02
1.836605e-02  0.000000e+00  0.000000e+00  0.000000e+00  0.000000e+00  0.000000e+00  0.000000e+00  0.000000e+00  1.703849e-02  0.000000e+00  0.000000e+00  0.000000e+00  0.000000e+00  0.000000e+00  0.000000e+00  0.000000e+00  1.703849e-02
2.043022e-02  0.000000e+00  0.000000e+00  0.000000e+00  0.000000e+00  0.000000e+00  0.000000e+00  0.000000e+00  1.630302e-02  0.000000e+00  0.000000e+00  0.000000e+00  0.000000e+00  0.000000e+00  0.000000e+00  0.000000e+00  1.630302e-02
2.272639e-02  0.000000e+00  0.000000e+00  0.000000e+00  0.000000e+00  0.000000e+00  0.000000e+00  0.000000e+00  1.605786e-02  0.000000e+00  0.000000e+00  0.000000e+00  0.000000e+00  0.000000e+00  0.000000e+00  0.000000e+00  1.605786e-02
2.528063e-02  0.000000e+00  0.000000e+00  0.000000e+00  0.000000e+00  0.000000e+00  0.000000e+00  0.000000e+00  1.838686e-02  0.000000e+00  0.000000e+00  0.000000e+00  0.000000e+00  0.000000e+00  0.000000e+00  0.000000e+00  1.838686e-02
2.812194e-02  0.000000e+00  0.000000e+00  0.000000e+00  0.000000e+00  0.000000e+00  0.000000e+00  0.000000e+00  1.863202e-02  0.000000e+00  0.000000e+00  0.000000e+00  0.000000e+00  0.000000e+00  0.000000e+00  0.000000e+00  1.863202e-02
3.128259e-02  0.000000e+00  0.000000e+00  0.000000e+00  0.000000e+00  0.000000e+00  0.000000e+00  0.000000e+00  1.569012e-02  0.000000e+00  0.000000e+00  0.000000e+00  0.000000e+00  0.000000e+00  0.000000e+00  0.000000e+00  1.569012e-02
3.479847e-02  0.000000e+00  0.000000e+00  0.000000e+00  0.000000e+00  0.000000e+00  0.000000e+00  0.000000e+00  1.544496e-02  0.000000e+00  0.000000e+00  0.000000e+00  0.000000e+00  0.000000e+00  0.000000e+00  0.000000e+00  1.544496e-02
3.870950e-02  0.000000e+00  0.000000e+00  0.000000e+00  0.000000e+00  0.000000e+00  0.000000e+00  0.000000e+00  1.507722e-02  0.000000e+00  0.000000e+00  0.000000e+00  0.000000e+00  0.000000e+00  0.000000e+00  0.000000e+00  1.507722e-02
4.306009e-02  0.000000e+00  0.000000e+00  0.000000e+00  0.000000e+00  0.000000e+00  0.000000e+00  0.000000e+00  1.667075e-02  0.000000e+00  0.000000e+00  0.000000e+00  0.000000e+00  0.000000e+00  0.000000e+00  0.000000e+00  1.667075e-02
4.789965e-02  0.000000e+00  0.000000e+00  0.000000e+00  0.000000e+00  0.000000e+00  0.000000e+00  0.000000e+00  1.667075e-02  0.000000e+00  0.000000e+00  0.000000e+00  0.000000e+00  0.000000e+00  0.000000e+00  0.000000e+00  1.667075e-02
5.328314e-02  0.000000e+00  0.000000e+00  0.000000e+00  0.000000e+00  0.000000e+00  0.000000e+00  0.000000e+00  1.716107e-02  0.000000e+00  0.000000e+00  0.000000e+00  0.000000e+00  0.000000e+00  0.000000e+00  0.000000e+00  1.716107e-02
5.927167e-02  0.000000e+00  0.000000e+00  0.000000e+00  0.000000e+00  0.000000e+00  0.000000e+00  0.000000e+00  1.740623e-02  0.000000e+00  0.000000e+00  0.000000e+00  0.000000e+00  0.000000e+00  0.000000e+00  0.000000e+00  1.740623e-02
6.593327e-02  0.000000e+00  0.000000e+00  0.000000e+00  0.000000e+00  0.000000e+00  0.000000e+00  0.000000e+00  1.507722e-02  0.000000e+00  0.000000e+00  0.000000e+00  0.000000e+00  0.000000e+00  0.000000e+00  0.000000e+00  1.507722e-02
7.334356e-02  0.000000e+00  0.000000e+00  0.000000e+00  0.000000e+00  0.000000e+00  0.000000e+00  0.000000e+00  1.348370e-02  0.000000e+00  0.000000e+00  0.000000e+00  0.000000e+00  0.000000e+00  0.000000e+00  0.000000e+00  1.348370e-02
8.158671e-02  0.000000e+00  0.000000e+00  0.000000e+00  0.000000e+00  0.000000e+00  0.000000e+00  0.000000e+00  1.618044e-02  0.000000e+00  0.000000e+00  0.000000e+00  0.000000e+00  0.000000e+00  0.000000e+00  0.000000e+00  1.618044e-02
9.075631e-02  0.000000e+00  0.000000e+00  0.000000e+00  0.000000e+00  0.000000e+00  0.000000e+00  0.000000e+00  1.299338e-02  0.000000e+00  0.000000e+00  0.000000e+00  0.000000e+00  0.000000e+00  0.000000e+00  3.187056e-03  1.299338e-02
1.009565e-01  0.000000e+00  0.000000e+00  0.000000e+00  0.000000e+00  0.000000e+00  0.000000e+00  0.000000e+00  1.470949e-02  0.000000e+00  0.000000e+00  0.000000e+00  0.000000e+00  0.000000e+00  0.000000e+00  1.115469e-02  1.470949e-02
1.123031e-01  0.000000e+00  0.000000e+00  0.000000e+00  0.000000e+00  0.000000e+00  0.000000e+00  0.000000e+00  1.348370e-02  0.000000e+00  0.000000e+00  0.000000e+00  0.000000e+00  0.000000e+00  0.000000e+00  1.238049e-02  1.348370e-02
1.249249e-01  0.000000e+00  0.000000e+00  0.000000e+00  0.000000e+00  0.000000e+00  0.000000e+00  0.000000e+00  1.470949e-02  0.000000e+00  0.000000e+00  0.000000e+00  0.000000e+00  0.000000e+00  0.000000e+00  1.201275e-02  1.470949e-02
1.389653e-01  0.000000e+00  0.000000e+00  0.000000e+00  0.000000e+00  0.000000e+00  0.000000e+00  0.000000e+00  1.421917e-02  0.000000e+00  0.000000e+00  0.000000e+00  0.000000e+00  0.000000e+00  0.000000e+00  1.189017e-02  1.421917e-02
1.545838e-01  0.000000e+00  0.000000e+00  0.000000e+00  0.000000e+00  0.000000e+00  0.000000e+00  0.000000e+00  1.127727e-02  0.000000e+00  0.000000e+00  0.000000e+00  0.000000e+00  0.000000e+00  0.000000e+00  1.397401e-02  1.127727e-02
1.719576e-01  0.000000e+00  0.000000e+00  0.000000e+00  0.000000e+00  0.000000e+00  0.000000e+00  0.000000e+00  1.127727e-02  0.000000e+00  0.000000e+00  0.000000e+00  0.000000e+00  0.000000e+00  0.000000e+00  1.581270e-02  1.127727e-02
1.912840e-01  0.000000e+00  0.000000e+00  0.000000e+00  0.000000e+00  0.000000e+00  0.000000e+00  0.000000e+00  1.348370e-02  0.000000e+00  0.000000e+00  0.000000e+00  0.000000e+00  0.000000e+00  0.000000e+00  1.740623e-02  1.348370e-02
2.127826e-01  0.000000e+00  0.000000e+00  0.000000e+00  0.000000e+00  0.000000e+00  0.000000e+00  0.000000e+00  1.225791e-02  0.000000e+00  0.000000e+00  0.000000e+00  0.000000e+00  0.000000e+00  0.000000e+00  1.691591e-02  1.225791e-02
2.366974e-01  0.000000e+00  0.000000e+00  0.000000e+00  0.000000e+00  0.000000e+00  0.000000e+00  0.000000e+00  7.599902e-03  0.000000e+00  0.000000e+00  0.000000e+00  0.000000e+00  0.000000e+00  0.000000e+00  1.618044e-02  1.213533e-02
2.633001e-01  0.000000e+00  0.000000e+00  0.000000e+00  0.000000e+00  0.000000e+00  0.000000e+00  1.274822e-02  0.000000e+00  0.000000e+00  0.000000e+00  0.000000e+00  0.000000e+00  0.000000e+00  1.961265e-03  1.691591e-02  1.066438e-02
2.928926e-01  0.000000e+00  0.000000e+00  0.000000e+00  0.000000e+00  0.000000e+00  0.000000e+00  1.385143e-02  0.000000e+00  0.000000e+00  0.000000e+00  0.000000e+00  0.000000e+00  0.000000e+00  8.825693e-03  1.385143e-02  1.115469e-02
3.258110e-01  0.000000e+00  0.000000e+00  0.000000e+00  0.000000e+00  0.000000e+00  0.000000e+00  1.544496e-02  0.000000e+00  0.000000e+00  0.000000e+00  0.000000e+00  0.000000e+00  0.000000e+00  9.928904e-03  1.544496e-02  1.152243e-02
3.624292e-01  0.000000e+00  0.000000e+00  0.000000e+00  0.000000e+00  0.000000e+00  0.000000e+00  1.581270e-02  0.000000e+00  0.000000e+00  0.000000e+00  0.000000e+00  0.000000e+00  0.000000e+00  8.212797e-03  1.581270e-02  1.152243e-02
4.031629e-01  0.000000e+00  0.000000e+00  0.000000e+00  0.000000e+00  0.000000e+00  0.000000e+00  1.679333e-02  0.000000e+00  0.000000e+00  0.000000e+00  0.000000e+00  0.000000e+00  0.000000e+00  1.164501e-02  1.679333e-02  9.316009e-03
4.484748e-01  0.000000e+00  0.000000e+00  0.000000e+00  0.000000e+00  0.000000e+00  0.000000e+00  1.691591e-02  0.000000e+00  0.000000e+00  0.000000e+00  0.000000e+00  0.000000e+00  5.148321e-03  1.434175e-02  1.691591e-02  9.193430e-03
4.988792e-01  0.000000e+00  0.000000e+00  0.000000e+00  0.000000e+00  0.000000e+00  0.000000e+00  1.618044e-02  0.000000e+00  0.000000e+00  0.000000e+00  0.000000e+00  0.000000e+00  9.193430e-03  1.470949e-02  1.618044e-02  8.335376e-03
5.549487e-01  0.000000e+00  0.000000e+00  0.000000e+00  0.000000e+00  0.000000e+00  0.000000e+00  1.311596e-02  0.000000e+00  0.000000e+00  0.000000e+00  0.000000e+00  0.000000e+00  1.041922e-02  1.348370e-02  1.311596e-02  9.070851e-03
6.173199e-01  0.000000e+00  0.000000e+00  0.000000e+00  0.000000e+00  0.000000e+00  0.000000e+00  1.863202e-02  0.000000e+00  0.000000e+00  0.000000e+00  0.000000e+00  0.000000e+00  8.825693e-03  1.605786e-02  1.863202e-02  7.722481e-03
6.867010e-01  0.000000e+00  0.000000e+00  0.000000e+00  0.000000e+00  0.000000e+00  0.000000e+00  1.667075e-02  0.000000e+00  0.000000e+00  0.000000e+00  0.000000e+00  0.000000e+00  1.127727e-02  1.777396e-02  1.667075e-02  7.722481e-03
7.638799e-01  0.000000e+00  0.000000e+00  0.000000e+00  0.000000e+00  0.000000e+00  0.000000e+00  1.348370e-02  0.000000e+00  0.000000e+00  0.000000e+00  0.000000e+00  0.000000e+00  1.311596e-02  1.691591e-02  1.348370e-02  7.967639e-03
8.497330e-01  0.000000e+00  0.000000e+00  0.000000e+00  0.000000e+00  0.000000e+00  1.323854e-02  1.679333e-02  0.000000e+00  0.000000e+00  0.000000e+00  0.000000e+00  0.000000e+00  1.409659e-02  1.446433e-02  1.679333e-02  6.864428e-03
9.452352e-01  0.000000e+00  0.000000e+00  0.000000e+00  0.000000e+00  0.000000e+00  1.385143e-02  1.593528e-02  0.000000e+00  0.000000e+00  0.000000e+00  0.000000e+00  6.987007e-03  1.826428e-02  1.385143e-02  1.593528e-02  6.006374e-03
1.051471e+00  0.000000e+00  0.000000e+00  0.000000e+00  0.000000e+00  0.000000e+00  1.654817e-02  1.434175e-02  0.000000e+00  0.000000e+00  0.000000e+00  0.000000e+00  9.070851e-03  1.397401e-02  1.654817e-02  1.434175e-02  6.006374e-03
1.169647e+00  0.000000e+00  0.000000e+00  0.000000e+00  0.000000e+00  0.000000e+00  1.397401e-02  1.507722e-02  0.000000e+00  0.000000e+00  0.000000e+00  0.000000e+00  1.066438e-02  1.593528e-02  1.397401e-02  1.507722e-02  5.761216e-03
1.301104e+00  0.000000e+00  0.000000e+00  0.000000e+00  0.000000e+00  2.451581e-03  1.470949e-02  1.667075e-02  0.000000e+00  0.000000e+00  0.000000e+00  0.000000e+00  9.561167e-03  1.728365e-02  1.470949e-02  1.667075e-02  1.716107e-03
1.447337e+00  0.000000e+00  0.000000e+00  0.000000e+00  0.000000e+00  1.458691e-02  1.519980e-02  1.581270e-02  0.000000e+00  0.000000e+00  0.000000e+00  0.000000e+00  1.360628e-02  1.458691e-02  1.519980e-02  1.581270e-02  0.000000e+00
1.610004e+00  0.000000e+00  0.000000e+00  0.000000e+00  0.000000e+00  1.348370e-02  1.470949e-02  1.446433e-02  0.000000e+00  0.000000e+00  0.000000e+00  0.000000e+00  1.262564e-02  1.348370e-02  1.470949e-02  1.446433e-02  0.000000e+00
1.790954e+00  0.000000e+00  0.000000e+00  0.000000e+00  0.000000e+00  1.716107e-02  1.667075e-02  1.569012e-02  0.000000e+00  0.000000e+00  0.000000e+00  0.000000e+00  1.434175e-02  1.716107e-02  1.667075e-02  1.569012e-02  0.000000e+00
1.992241e+00  0.000000e+00  0.000000e+00  0.000000e+00  0.000000e+00  1.397401e-02  1.703849e-02  1.605786e-02  0.000000e+00  0.000000e+00  0.000000e+00  0.000000e+00  1.507722e-02  1.397401e-02  1.703849e-02  1.605786e-02  0.000000e+00
2.216150e+00  0.000000e+00  0.000000e+00  0.000000e+00  0.000000e+00  1.556754e-02  1.470949e-02  1.544496e-02  0.000000e+00  0.000000e+00  0.000000e+00  0.000000e+00  1.544496e-02  1.556754e-02  1.470949e-02  1.544496e-02  0.000000e+00
2.465225e+00  0.000000e+00  0.000000e+00  0.000000e+00  0.000000e+00  1.470949e-02  1.238049e-02  1.556754e-02  0.000000e+00  0.000000e+00  0.000000e+00  0.000000e+00  1.544496e-02  1.470949e-02  1.238049e-02  1.556754e-02  0.000000e+00
2.742294e+00  0.000000e+00  0.000000e+00  0.000000e+00  2.819318e-03  1.213533e-02  1.385143e-02  1.642559e-02  0.000000e+00  0.000000e+00  0.000000e+00  1.225791e-04  1.507722e-02  1.213533e-02  1.385143e-02  1.642559e-02  0.000000e+00
3.050503e+00  0.000000e+00  0.000000e+00  0.000000e+00  1.409659e-02  1.765139e-02  1.691591e-02  1.716107e-02  0.000000e+00  0.000000e+00  0.000000e+00  8.090218e-03  1.409659e-02  1.765139e-02  1.691591e-02  1.716107e-02  0.000000e+00
3.393351e+00  0.000000e+00  0.000000e+00  0.000000e+00  1.752881e-02  1.544496e-02  1.581270e-02  1.728365e-02  0.000000e+00  0.000000e+00  0.000000e+00  8.825693e-03  1.752881e-02  1.544496e-02  1.581270e-02  1.728365e-02  0.000000e+00
3.774733e+00  0.000000e+00  0.000000e+00  0.000000e+00  1.385143e-02  1.262564e-02  1.262564e-02  1.483207e-02  0.000000e+00  0.000000e+00  0.000000e+00  1.213533e-02  1.385143e-02  1.262564e-02  1.262564e-02  1.483207e-02  0.000000e+00
4.198979e+00  0.000000e+00  0.000000e+00  0.000000e+00  1.569012e-02  1.618044e-02  1.581270e-02  1.765139e-02  0.000000e+00  0.000000e+00  0.000000e+00  1.152243e-02  1.569012e-02  1.618044e-02  1.581270e-02  1.765139e-02  0.000000e+00
4.670906e+00  0.000000e+00  0.000000e+00  0.000000e+00  1.605786e-02  1.593528e-02  1.532238e-02  1.654817e-02  0.000000e+00  0.000000e+00  0.000000e+00  1.238049e-02  1.605786e-02  1.593528e-02  1.532238e-02  1.654817e-02  0.000000e+00
5.195873e+00  0.000000e+00  0.000000e+00  0.000000e+00  1.507722e-02  1.470949e-02  1.385143e-02  1.716107e-02  0.000000e+00  0.000000e+00  0.000000e+00  1.397401e-02  1.507722e-02  1.470949e-02  1.385143e-02  1.716107e-02  0.000000e+00
5.779841e+00  0.000000e+00  0.000000e+00  0.000000e+00  1.360628e-02  1.470949e-02  1.495465e-02  1.703849e-02  0.000000e+00  0.000000e+00  0.000000e+00  1.544496e-02  1.360628e-02  1.470949e-02  1.495465e-02  1.703849e-02  0.000000e+00
6.429443e+00  0.000000e+00  0.000000e+00  0.000000e+00  1.765139e-02  1.458691e-02  1.409659e-02  1.716107e-02  0.000000e+00  0.000000e+00  0.000000e+00  1.532238e-02  1.765139e-02  1.458691e-02  1.409659e-02  1.716107e-02  0.000000e+00
7.152053e+00  0.000000e+00  0.000000e+00  0.000000e+00  1.470949e-02  1.654817e-02  1.618044e-02  1.348370e-02  0.000000e+00  0.000000e+00  0.000000e+00  1.605786e-02  1.470949e-02  1.654817e-02  1.618044e-02  1.348370e-02  0.000000e+00
7.955879e+00  0.000000e+00  0.000000e+00  0.000000e+00  1.495465e-02  1.569012e-02  1.618044e-02  1.581270e-02  0.000000e+00  0.000000e+00  0.000000e+00  1.372886e-02  1.495465e-02  1.569012e-02  1.618044e-02  1.581270e-02  0.000000e+00
8.850047e+00  0.000000e+00  0.000000e+00  6.251532e-03  1.618044e-02  1.495465e-02  1.532238e-02  1.667075e-02  0.000000e+00  0.000000e+00  0.000000e+00  1.372886e-02  1.618044e-02  1.495465e-02  1.532238e-02  1.667075e-02  0.000000e+00
9.844711e+00  0.000000e+00  0.000000e+00  1.752881e-02  1.777396e-02  1.569012e-02  1.519980e-02  1.470949e-02  0.000000e+00  0.000000e+00  7.845060e-03  1.752881e-02  1.777396e-02  1.569012e-02  1.519980e-02  1.470949e-02  0.000000e+00
1.095117e+01  0.000000e+00  0.000000e+00  1.679333e-02  1.372886e-02  1.532238e-02  1.507722e-02  1.470949e-02  0.000000e+00  0.000000e+00  1.164501e-02  1.679333e-02  1.372886e-02  1.532238e-02  1.507722e-02  1.470949e-02  0.000000e+00
1.218198e+01  0.000000e+00  0.000000e+00  1.703849e-02  1.532238e-02  1.556754e-02  1.372886e-02  1.446433e-02  0.000000e+00  0.000000e+00  1.569012e-02  1.703849e-02  1.532238e-02  1.556754e-02  1.372886e-02  1.446433e-02  0.000000e+00
1.355112e+01  0.000000e+00  0.000000e+00  1.581270e-02  1.642559e-02  1.397401e-02  1.801912e-02  1.532238e-02  0.000000e+00  0.000000e+00  1.250306e-02  1.581270e-02  1.642559e-02  1.397401e-02  1.801912e-02  1.532238e-02  0.000000e+00
1.507414e+01  0.000000e+00  0.000000e+00  1.372886e-02  1.740623e-02  1.691591e-02  1.458691e-02  1.458691e-02  0.000000e+00  0.000000e+00  1.250306e-02  1.372886e-02  1.740623e-02  1.691591e-02  1.458691e-02  1.458691e-02  0.000000e+00
1.676834e+01  0.000000e+00  0.000000e+00  1.618044e-02  1.458691e-02  1.213533e-02  1.336112e-02  1.385143e-02  0.000000e+00  0.000000e+00  1.446433e-02  1.618044e-02  1.458691e-02  1.213533e-02  1.336112e-02  1.385143e-02  0.000000e+00
1.865295e+01  0.000000e+00  0.000000e+00  1.642559e-02  1.556754e-02  1.519980e-02  1.716107e-02  1.262564e-02  0.000000e+00  0.000000e+00  1.348370e-02  1.642559e-02  1.556754e-02  1.519980e-02  1.716107e-02  1.262564e-02  0.000000e+00
2.074937e+01  0.000000e+00  0.000000e+00  1.691591e-02  1.519980e-02  1.752881e-02  1.679333e-02  1.299338e-02  0.000000e+00  0.000000e+00  1.605786e-02  1.691591e-02  1.519980e-02  1.752881e-02  1.679333e-02  1.299338e-02  0.000000e+00
2.308141e+01  0.000000e+00  0.000000e+00  1.789654e-02  1.385143e-02  1.385143e-02  1.434175e-02  1.287080e-02  0.000000e+00  0.000000e+00  1.470949e-02  1.789654e-02  1.385143e-02  1.385143e-02  1.434175e-02  1.287080e-02  0.000000e+00
2.567555e+01  0.000000e+00  6.128953e-04  1.740623e-02  1.507722e-02  1.519980e-02  1.581270e-02  1.066438e-02  0.000000e+00  0.000000e+00  1.679333e-02  1.740623e-02  1.507722e-02  1.519980e-02  1.581270e-02  1.066438e-02  0.000000e+00
2.856124e+01  0.000000e+00  1.605786e-02  1.850944e-02  1.605786e-02  1.605786e-02  1.642559e-02  4.290267e-03  0.000000e+00  0.000000e+00  1.605786e-02  1.850944e-02  1.605786e-02  1.605786e-02  1.642559e-02  9.070851e-03  0.000000e+00
3.177126e+01  0.000000e+00  2.034812e-02  1.875460e-02  1.507722e-02  1.556754e-02  1.850944e-02  0.000000e+00  0.000000e+00  0.000000e+00  2.034812e-02  1.875460e-02  1.507722e-02  1.556754e-02  1.850944e-02  1.029664e-02  0.000000e+00
3.534206e+01  0.000000e+00  1.654817e-02  1.630302e-02  1.544496e-02  1.642559e-02  1.581270e-02  0.000000e+00  0.000000e+00  0.000000e+00  1.654817e-02  1.630302e-02  1.544496e-02  1.642559e-02  1.581270e-02  1.005148e-02  0.000000e+00
3.931419e+01  0.000000e+00  1.801912e-02  1.532238e-02  1.667075e-02  1.703849e-02  1.605786e-02  0.000000e+00  0.000000e+00  0.000000e+00  1.801912e-02  1.532238e-02  1.667075e-02  1.703849e-02  1.605786e-02  9.561167e-03  0.000000e+00
4.373275e+01  0.000000e+00  1.838686e-02  1.863202e-02  1.654817e-02  1.703849e-02  1.556754e-02  0.000000e+00  0.000000e+00  0.000000e+00  1.838686e-02  1.863202e-02  1.654817e-02  1.703849e-02  1.556754e-02  1.029664e-02  0.000000e+00
4.864791e+01  0.000000e+00  2.120618e-02  1.581270e-02  1.679333e-02  1.752881e-02  1.495465e-02  0.000000e+00  0.000000e+00  0.000000e+00  2.120618e-02  1.581270e-02  1.679333e-02  1.752881e-02  1.495465e-02  8.825693e-03  0.000000e+00
5.411549e+01  0.000000e+00  1.838686e-02  1.985781e-02  1.924491e-02  1.618044e-02  1.605786e-02  0.000000e+00  0.000000e+00  0.000000e+00  1.838686e-02  1.985781e-02  1.924491e-02  1.618044e-02  1.605786e-02  7.845060e-03  0.000000e+00
6.019757e+01  0.000000e+00  1.850944e-02  1.850944e-02  1.544496e-02  1.569012e-02  1.630302e-02  0.000000e+00  0.000000e+00  0.000000e+00  1.850944e-02  1.850944e-02  1.544496e-02  1.569012e-02  1.630302e-02  1.005148e-02  0.000000e+00
6.696323e+01  0.000000e+00  1.924491e-02  1.605786e-02  1.985781e-02  1.532238e-02  1.581270e-02  0.000000e+00  0.000000e+00  0.000000e+00  1.924491e-02  1.605786e-02  1.985781e-02  1.532238e-02  1.581270e-02  9.561167e-03  0.000000e+00
7.448928e+01  0.000000e+00  2.022555e-02  1.752881e-02  1.556754e-02  1.912233e-02  1.336112e-02  0.000000e+00  0.000000e+00  0.000000e+00  2.022555e-02  1.752881e-02  1.556754e-02  1.912233e-02  1.336112e-02  8.090218e-03  0.000000e+00
8.286120e+01  0.000000e+00  1.924491e-02  1.899975e-02  1.924491e-02  1.850944e-02  1.470949e-02  0.000000e+00  0.000000e+00  0.000000e+00  1.924491e-02  1.899975e-02  1.924491e-02  1.850944e-02  1.470949e-02  7.232165e-03  0.000000e+00
9.217404e+01  0.000000e+00  2.083844e-02  1.752881e-02  1.961265e-02  1.887718e-02  8.212797e-03  0.000000e+00  0.000000e+00  0.000000e+00  2.083844e-02  1.752881e-02  1.961265e-02  1.887718e-02  1.532238e-02  7.477323e-03  0.000000e+00
1.025336e+02  0.000000e+00  2.230939e-02  1.936749e-02  1.519980e-02  1.569012e-02  0.000000e+00  0.000000e+00  0.000000e+00  0.000000e+00  2.230939e-02  1.936749e-02  1.519980e-02  1.569012e-02  1.299338e-02  6.619269e-03  0.000000e+00
1.140574e+02  0.000000e+00  2.010297e-02  1.863202e-02  1.985781e-02  1.642559e-02  0.000000e+00  0.000000e+00  0.000000e+00  0.000000e+00  2.010297e-02  1.863202e-02  1.985781e-02  1.642559e-02  1.323854e-02  7.109586e-03  0.000000e+00
1.268764e+02  0.000000e+00  2.108360e-02  2.010297e-02  1.949007e-02  1.667075e-02  0.000000e+00  0.000000e+00  0.000000e+00  1.066438e-02  2.108360e-02  2.010297e-02  1.949007e-02  1.667075e-02  1.507722e-02  5.638637e-03  0.000000e+00
1.411362e+02  0.000000e+00  2.108360e-02  2.279971e-02  2.157392e-02  3.187056e-03  0.000000e+00  0.000000e+00  0.000000e+00  1.311596e-02  2.108360e-02  2.279971e-02  2.157392e-02  1.838686e-02  1.176759e-02  7.109586e-03  0.000000e+00
1.569986e+02  0.000000e+00  2.414808e-02  2.157392e-02  1.912233e-02  0.000000e+00  0.000000e+00  0.000000e+00  0.000000e+00  1.495465e-02  2.414808e-02  2.157392e-02  1.912233e-02  1.519980e-02  1.115469e-02  4.412846e-03  0.000000e+00
1.746438e+02  0.000000e+00  2.034812e-02  2.414808e-02  1.691591e-02  0.000000e+00  0.000000e+00  0.000000e+00  0.000000e+00  1.838686e-02  2.034812e-02  2.414808e-02  1.691591e-02  1.372886e-02  1.274822e-02  1.225791e-04  0.000000e+00
1.942721e+02  0.000000e+00  2.255455e-02  2.500613e-02  2.022555e-02  0.000000e+00  0.000000e+00  0.000000e+00  0.000000e+00  1.679333e-02  2.255455e-02  2.500613e-02  2.022555e-02  1.569012e-02  1.152243e-02  0.000000e+00  0.000000e+00
2.161065e+02  0.000000e+00  2.255455e-02  2.096102e-02  1.470949e-02  0.000000e+00  0.000000e+00  0.000000e+00  0.000000e+00  2.341260e-02  2.255455e-02  2.096102e-02  2.194165e-02  1.483207e-02  1.189017e-02  0.000000e+00  0.000000e+00
2.403949e+02  0.000000e+00  2.329002e-02  2.059328e-02  0.000000e+00  0.000000e+00  0.000000e+00  0.000000e+00  0.000000e+00  2.218681e-02  2.329002e-02  2.059328e-02  1.936749e-02  1.348370e-02  1.054180e-02  0.000000e+00  0.000000e+00
2.674131e+02  7.599902e-03  2.905124e-02  2.390292e-02  0.000000e+00  0.000000e+00  0.000000e+00  0.000000e+00  0.000000e+00  2.316744e-02  2.905124e-02  2.390292e-02  2.071586e-02  1.238049e-02  9.928904e-03  0.000000e+00  0.000000e+00
2.974679e+02  2.132876e-02  2.476097e-02  2.316744e-02  0.000000e+00  0.000000e+00  0.000000e+00  0.000000e+00  0.000000e+00  2.132876e-02  2.476097e-02  2.316744e-02  1.826428e-02  1.336112e-02  7.109586e-03  0.000000e+00  0.000000e+00
3.309006e+02  2.476097e-02  2.586418e-02  2.353518e-02  0.000000e+00  0.000000e+00  0.000000e+00  0.000000e+00  0.000000e+00  2.476097e-02  2.586418e-02  2.353518e-02  1.777396e-02  1.287080e-02  0.000000e+00  0.000000e+00  0.000000e+00
3.680908e+02  2.427065e-02  2.623192e-02  2.439323e-02  0.000000e+00  0.000000e+00  0.000000e+00  0.000000e+00  0.000000e+00  2.427065e-02  2.623192e-02  2.439323e-02  1.605786e-02  8.335376e-03  0.000000e+00  0.000000e+00  0.000000e+00
4.094609e+02  2.512871e-02  2.843834e-02  7.845060e-03  0.000000e+00  0.000000e+00  0.000000e+00  0.000000e+00  0.000000e+00  2.512871e-02  2.843834e-02  2.378034e-02  1.495465e-02  0.000000e+00  0.000000e+00  0.000000e+00  0.000000e+00
4.554805e+02  2.794803e-02  3.052219e-02  0.000000e+00  0.000000e+00  0.000000e+00  0.000000e+00  0.000000e+00  0.000000e+00  2.794803e-02  3.052219e-02  2.255455e-02  1.483207e-02  0.000000e+00  0.000000e+00  0.000000e+00  0.000000e+00
5.066724e+02  2.733513e-02  3.003187e-02  0.000000e+00  0.000000e+00  0.000000e+00  0.000000e+00  0.000000e+00  0.000000e+00  2.733513e-02  3.003187e-02  2.439323e-02  5.883795e-03  0.000000e+00  0.000000e+00  0.000000e+00  0.000000e+00
5.636177e+02  3.346408e-02  2.537387e-02  0.000000e+00  0.000000e+00  0.000000e+00  0.000000e+00  0.000000e+00  0.000000e+00  3.346408e-02  2.537387e-02  2.329002e-02  0.000000e+00  0.000000e+00  0.000000e+00  0.000000e+00  0.000000e+00
6.269632e+02  3.432214e-02  2.561902e-02  0.000000e+00  0.000000e+00  0.000000e+00  0.000000e+00  0.000000e+00  0.000000e+00  3.432214e-02  2.561902e-02  2.059328e-02  0.000000e+00  0.000000e+00  0.000000e+00  0.000000e+00  0.000000e+00
6.974281e+02  3.039961e-02  8.825693e-03  0.000000e+00  0.000000e+00  0.000000e+00  0.000000e+00  0.000000e+00  0.000000e+00  3.039961e-02  2.525129e-02  2.108360e-02  0.000000e+00  0.000000e+00  0.000000e+00  0.000000e+00  0.000000e+00
7.758127e+02  3.799951e-02  0.000000e+00  0.000000e+00  0.000000e+00  0.000000e+00  0.000000e+00  0.000000e+00  0.000000e+00  3.799951e-02  2.561902e-02  7.232165e-03  0.000000e+00  0.000000e+00  0.000000e+00  0.000000e+00  0.000000e+00
8.630069e+02  3.542535e-02  0.000000e+00  0.000000e+00  0.000000e+00  0.000000e+00  0.000000e+00  0.000000e+00  0.000000e+00  3.542535e-02  2.623192e-02  0.000000e+00  0.000000e+00  0.000000e+00  0.000000e+00  0.000000e+00  0.000000e+00
9.600010e+02  4.008335e-02  0.000000e+00  0.000000e+00  0.000000e+00  0.000000e+00  0.000000e+00  0.000000e+00  0.000000e+00  4.008335e-02  2.635450e-02  0.000000e+00  0.000000e+00  0.000000e+00  0.000000e+00  0.000000e+00  0.000000e+00
1.067896e+03  4.057367e-02  0.000000e+00  0.000000e+00  0.000000e+00  0.000000e+00  0.000000e+00  0.000000e+00  0.000000e+00  4.057367e-02  2.402550e-02  0.000000e+00  0.000000e+00  0.000000e+00  0.000000e+00  0.000000e+00  0.000000e+00
1.187918e+03  3.898014e-02  0.000000e+00  0.000000e+00  0.000000e+00  0.000000e+00  0.000000e+00  0.000000e+00  0.000000e+00  3.898014e-02  1.642559e-02  0.000000e+00  0.000000e+00  0.000000e+00  0.000000e+00  0.000000e+00  0.000000e+00
1.321429e+03  3.959304e-02  0.000000e+00  0.000000e+00  0.000000e+00  0.000000e+00  0.000000e+00  0.000000e+00  0.000000e+00  3.959304e-02  0.000000e+00  0.000000e+00  0.000000e+00  0.000000e+00  0.000000e+00  0.000000e+00  0.000000e+00
1.469946e+03  3.861241e-02  0.000000e+00  0.000000e+00  0.000000e+00  0.000000e+00  0.000000e+00  0.000000e+00  0.000000e+00  3.861241e-02  0.000000e+00  0.000000e+00  0.000000e+00  0.000000e+00  0.000000e+00  0.000000e+00  0.000000e+00
1.635154e+03  3.456730e-02  0.000000e+00  0.000000e+00  0.000000e+00  0.000000e+00  0.000000e+00  0.000000e+00  0.000000e+00  3.456730e-02  0.000000e+00  0.000000e+00  0.000000e+00  0.000000e+00  0.000000e+00  0.000000e+00  0.000000e+00
1.818931e+03  3.616082e-02  0.000000e+00  0.000000e+00  0.000000e+00  0.000000e+00  0.000000e+00  0.000000e+00  0.000000e+00  3.616082e-02  0.000000e+00  0.000000e+00  0.000000e+00  0.000000e+00  0.000000e+00  0.000000e+00  0.000000e+00
2.023362e+03  3.138024e-02  0.000000e+00  0.000000e+00  0.000000e+00  0.000000e+00  0.000000e+00  0.000000e+00  0.000000e+00  3.138024e-02  0.000000e+00  0.000000e+00  0.000000e+00  0.000000e+00  0.000000e+00  0.000000e+00  0.000000e+00
2.250769e+03  2.758029e-02  0.000000e+00  0.000000e+00  0.000000e+00  0.000000e+00  0.000000e+00  0.000000e+00  0.000000e+00  2.758029e-02  0.000000e+00  0.000000e+00  0.000000e+00  0.000000e+00  0.000000e+00  0.000000e+00  0.000000e+00
2.503735e+03  2.230939e-02  0.000000e+00  0.000000e+00  0.000000e+00  0.000000e+00  0.000000e+00  0.000000e+00  0.000000e+00  3.003187e-02  0.000000e+00  0.000000e+00  0.000000e+00  0.000000e+00  0.000000e+00  0.000000e+00  0.000000e+00
2.785132e+03  0.000000e+00  0.000000e+00  0.000000e+00  0.000000e+00  0.000000e+00  0.000000e+00  0.000000e+00  0.000000e+00  3.039961e-02  0.000000e+00  0.000000e+00  0.000000e+00  0.000000e+00  0.000000e+00  0.000000e+00  0.000000e+00
3.098156e+03  0.000000e+00  0.000000e+00  0.000000e+00  0.000000e+00  0.000000e+00  0.000000e+00  0.000000e+00  0.000000e+00  2.684481e-02  0.000000e+00  0.000000e+00  0.000000e+00  0.000000e+00  0.000000e+00  0.000000e+00  0.000000e+00
3.446360e+03  0.000000e+00  0.000000e+00  0.000000e+00  0.000000e+00  0.000000e+00  0.000000e+00  0.000000e+00  0.000000e+00  2.733513e-02  0.000000e+00  0.000000e+00  0.000000e+00  0.000000e+00  0.000000e+00  0.000000e+00  0.000000e+00
3.833699e+03  0.000000e+00  0.000000e+00  0.000000e+00  0.000000e+00  0.000000e+00  0.000000e+00  0.000000e+00  0.000000e+00  2.476097e-02  0.000000e+00  0.000000e+00  0.000000e+00  0.000000e+00  0.000000e+00  0.000000e+00  0.000000e+00
4.264572e+03  0.000000e+00  0.000000e+00  0.000000e+00  0.000000e+00  0.000000e+00  0.000000e+00  0.000000e+00  0.000000e+00  1.801912e-02  0.000000e+00  0.000000e+00  0.000000e+00  0.000000e+00  0.000000e+00  0.000000e+00  0.000000e+00
