6.073142e-05  0.000000e+00  0.000000e+00  0.000000e+00  0.000000e+00  0.000000e+00  0.000000e+00  0.000000e+00  0.000000e+00  0.000000e+00  0.000000e+00  0.000000e+00  0.000000e+00  0.000000e+00  0.000000e+00  0.000000e+00  7.296539e-03
6.418226e-05  0.000000e+00  0.000000e+00  0.000000e+00  0.000000e+00  0.000000e+00  0.000000e+00  0.000000e+00  0.000000e+00  0.000000e+00  0.000000e+00  0.000000e+00  0.000000e+00  0.000000e+00  0.000000e+00  0.000000e+00  4.115996e-03
6.782918e-05  0.000000e+00  0.000000e+00  0.000000e+00  0.000000e+00  0.000000e+00  0.000000e+00  0.000000e+00  0.000000e+00  0.000000e+00  0.000000e+00  0.000000e+00  0.000000e+00  0.000000e+00  0.000000e+00  0.000000e+00  9.728718e-03
7.168333e-05  0.000000e+00  0.000000e+00  0.000000e+00  0.000000e+00  0.000000e+00  0.000000e+00  0.000000e+00  0.000000e+00  0.000000e+00  0.000000e+00  0.000000e+00  0.000000e+00  0.000000e+00  0.000000e+00  0.000000e+00  7.296539e-03
7.575647e-05  0.000000e+00  0.000000e+00  0.000000e+00  0.000000e+00  0.000000e+00  0.000000e+00  0.000000e+00  0.000000e+00  0.000000e+00  0.000000e+00  0.000000e+00  0.000000e+00  0.000000e+00  0.000000e+00  0.000000e+00  1.085126e-02
8.006105e-05  0.000000e+00  0.000000e+00  0.000000e+00  0.000000e+00  0.000000e+00  0.000000e+00  0.000000e+00  0.000000e+00  0.000000e+00  0.000000e+00  0.000000e+00  0.000000e+00  0.000000e+00  0.000000e+00  0.000000e+00  1.085126e-02
8.461022e-05  0.000000e+00  0.000000e+00  0.000000e+00  0.000000e+00  0.000000e+00  0.000000e+00  0.000000e+00  0.000000e+00  0.000000e+00  0.000000e+00  0.000000e+00  0.000000e+00  0.000000e+00  0.000000e+00  0.000000e+00  1.478017e-02
8.941788e-05  0.000000e+00  0.000000e+00  0.000000e+00  0.000000e+00  0.000000e+00  0.000000e+00  0.000000e+00  0.000000e+00  0.000000e+00  0.000000e+00  0.000000e+00  0.000000e+00  0.000000e+00  0.000000e+00  0.000000e+00  1.870907e-02
9.449873e-05  0.000000e+00  0.000000e+00  0.000000e+00  0.000000e+00  0.000000e+00  0.000000e+00  0.000000e+00  0.000000e+00  0.000000e+00  0.000000e+00  0.000000e+00  0.000000e+00  0.000000e+00  0.000000e+00  0.000000e+00  1.721235e-02
9.986827e-05  0.000000e+00  0.000000e+00  0.000000e+00  0.000000e+00  0.000000e+00  0.000000e+00  0.000000e+00  0.000000e+00  0.000000e+00  0.000000e+00  0.000000e+00  0.000000e+00  0.000000e+00  0.000000e+00  0.000000e+00  1.534144e-02
1.055429e-04  0.000000e+00  0.000000e+00  0.000000e+00  0.000000e+00  0.000000e+00  0.000000e+00  0.000000e+00  0.000000e+00  0.000000e+00  0.000000e+00  0.000000e+00  0.000000e+00  0.000000e+00  0.000000e+00  0.000000e+00  1.870907e-02
1.115400e-04  0.000000e+00  0.000000e+00  0.000000e+00  0.000000e+00  0.000000e+00  0.000000e+00  0.000000e+00  1.814780e-02  0.000000e+00  0.000000e+00  0.000000e+00  0.000000e+00  0.000000e+00  0.000000e+00  0.000000e+00  1.833489e-02
1.178778e-04  0.000000e+00  0.000000e+00  0.000000e+00  0.000000e+00  0.000000e+00  0.000000e+00  0.000000e+00  1.870907e-02  0.000000e+00  0.000000e+00  0.000000e+00  0.000000e+00  0.000000e+00  0.000000e+00  0.000000e+00  1.870907e-02
1.245758e-04  0.000000e+00  0.000000e+00  0.000000e+00  0.000000e+00  0.000000e+00  0.000000e+00  0.000000e+00  2.394761e-02  0.000000e+00  0.000000e+00  0.000000e+00  0.000000e+00  0.000000e+00  0.000000e+00  0.000000e+00  2.394761e-02
1.316544e-04  0.000000e+00  0.000000e+00  0.000000e+00  0.000000e+00  0.000000e+00  0.000000e+00  0.000000e+00  2.469598e-02  0.000000e+00  0.000000e+00  0.000000e+00  0.000000e+00  0.000000e+00  0.000000e+00  0.000000e+00  2.469598e-02
1.391352e-04  0.000000e+00  0.000000e+00  0.000000e+00  0.000000e+00  0.000000e+00  0.000000e+00  0.000000e+00  2.076707e-02  0.000000e+00  0.000000e+00  0.000000e+00  0.000000e+00  0.000000e+00  0.000000e+00  0.000000e+00  2.076707e-02
1.470410e-04  0.000000e+00  0.000000e+00  0.000000e+00  0.000000e+00  0.000000e+00  0.000000e+00  0.000000e+00  2.413471e-02  0.000000e+00  0.000000e+00  0.000000e+00  0.000000e+00  0.000000e+00  0.000000e+00  0.000000e+00  2.413471e-02
1.553961e-04  0.000000e+00  0.000000e+00  0.000000e+00  0.000000e+00  0.000000e+00  0.000000e+00  0.000000e+00  2.488307e-02  0.000000e+00  0.000000e+00  0.000000e+00  0.000000e+00  0.000000e+00  0.000000e+00  0.000000e+00  2.488307e-02
1.642259e-04  0.000000e+00  0.000000e+00  0.000000e+00  0.000000e+00  0.000000e+00  0.000000e+00  0.000000e+00  2.114125e-02  0.000000e+00  0.000000e+00  0.000000e+00  0.000000e+00  0.000000e+00  0.000000e+00  0.000000e+00  2.114125e-02
1.735574e-04  0.000000e+00  0.000000e+00  0.000000e+00  0.000000e+00  0.000000e+00  0.000000e+00  0.000000e+00  2.694107e-02  0.000000e+00  0.000000e+00  0.000000e+00  0.000000e+00  0.000000e+00  0.000000e+00  0.000000e+00  2.694107e-02
1.834192e-04  0.000000e+00  0.000000e+00  0.000000e+00  0.000000e+00  0.000000e+00  0.000000e+00  0.000000e+00  2.544434e-02  0.000000e+00  0.000000e+00  0.000000e+00  0.000000e+00  0.000000e+00  0.000000e+00  0.000000e+00  2.544434e-02
1.938413e-04  0.000000e+00  0.000000e+00  0.000000e+00  0.000000e+00  0.000000e+00  0.000000e+00  0.000000e+00  2.319925e-02  0.000000e+00  0.000000e+00  0.000000e+00  0.000000e+00  0.000000e+00  0.000000e+00  0.000000e+00  2.319925e-02
2.048556e-04  0.000000e+00  0.000000e+00  0.000000e+00  0.000000e+00  0.000000e+00  0.000000e+00  0.000000e+00  2.469598e-02  0.000000e+00  0.000000e+00  0.000000e+00  0.000000e+00  0.000000e+00  0.000000e+00  0.000000e+00  2.469598e-02
2.164958e-04  0.000000e+00  0.000000e+00  0.000000e+00  0.000000e+00  0.000000e+00  0.000000e+00  0.000000e+00  2.488307e-02  0.000000e+00  0.000000e+00  0.000000e+00  0.000000e+00  0.000000e+00  0.000000e+00  0.000000e+00  2.488307e-02
2.287973e-04  0.000000e+00  0.000000e+00  0.000000e+00  0.000000e+00  0.000000e+00  0.000000e+00  0.000000e+00  2.525725e-02  0.000000e+00  0.000000e+00  0.000000e+00  0.000000e+00  0.000000e+00  0.000000e+00  0.000000e+00  2.525725e-02
2.417979e-04  0.000000e+00  0.000000e+00  0.000000e+00  0.000000e+00  0.000000e+00  0.000000e+00  0.000000e+00  2.581852e-02  0.000000e+00  0.000000e+00  0.000000e+00  0.000000e+00  0.000000e+00  0.000000e+00  0.000000e+00  2.581852e-02
2.555372e-04  0.000000e+00  0.000000e+00  0.000000e+00  0.000000e+00  0.000000e+00  0.000000e+00  0.000000e+00  2.226380e-02  0.000000e+00  0.000000e+00  0.000000e+00  0.000000e+00  0.000000e+00  0.000000e+00  0.000000e+00  2.226380e-02
2.700571e-04  0.000000e+00  0.000000e+00  0.000000e+00  0.000000e+00  0.000000e+00  0.000000e+00  0.000000e+00  2.188962e-02  0.000000e+00  0.000000e+00  0.000000e+00  0.000000e+00  0.000000e+00  0.000000e+00  0.000000e+00  2.188962e-02
2.854021e-04  0.000000e+00  0.000000e+00  0.000000e+00  0.000000e+00  0.000000e+00  0.000000e+00  0.000000e+00  2.057998e-02  0.000000e+00  0.000000e+00  0.000000e+00  0.000000e+00  0.000000e+00  0.000000e+00  0.000000e+00  2.057998e-02
3.016190e-04  0.000000e+00  0.000000e+00  0.000000e+00  0.000000e+00  0.000000e+00  0.000000e+00  0.000000e+00  1.945744e-02  0.000000e+00  0.000000e+00  0.000000e+00  0.000000e+00  0.000000e+00  0.000000e+00  0.000000e+00  1.945744e-02
3.187574e-04  0.000000e+00  0.000000e+00  0.000000e+00  0.000000e+00  0.000000e+00  0.000000e+00  0.000000e+00  2.581852e-02  0.000000e+00  0.000000e+00  0.000000e+00  0.000000e+00  0.000000e+00  0.000000e+00  0.000000e+00  2.581852e-02
3.368696e-04  0.000000e+00  0.000000e+00  0.000000e+00  0.000000e+00  0.000000e+00  0.000000e+00  0.000000e+00  1.758653e-02  0.000000e+00  0.000000e+00  0.000000e+00  0.000000e+00  0.000000e+00  0.000000e+00  0.000000e+00  1.758653e-02
3.560110e-04  0.000000e+00  0.000000e+00  0.000000e+00  0.000000e+00  0.000000e+00  0.000000e+00  0.000000e+00  2.020580e-02  0.000000e+00  0.000000e+00  0.000000e+00  0.000000e+00  0.000000e+00  0.000000e+00  0.000000e+00  2.020580e-02
3.762400e-04  0.000000e+00  0.000000e+00  0.000000e+00  0.000000e+00  0.000000e+00  0.000000e+00  0.000000e+00  1.814780e-02  0.000000e+00  0.000000e+00  0.000000e+00  0.000000e+00  0.000000e+00  0.000000e+00  0.000000e+00  1.814780e-02
3.976185e-04  0.000000e+00  0.000000e+00  0.000000e+00  0.000000e+00  0.000000e+00  0.000000e+00  0.000000e+00  1.534144e-02  0.000000e+00  0.000000e+00  0.000000e+00  0.000000e+00  0.000000e+00  0.000000e+00  7.109448e-03  1.534144e-02
4.202117e-04  0.000000e+00  0.000000e+00  0.000000e+00  0.000000e+00  0.000000e+00  0.000000e+00  0.000000e+00  1.608980e-02  0.000000e+00  0.000000e+00  0.000000e+00  0.000000e+00  0.000000e+00  0.000000e+00  1.309635e-02  1.608980e-02
4.440887e-04  0.000000e+00  0.000000e+00  0.000000e+00  0.000000e+00  0.000000e+00  0.000000e+00  0.000000e+00  1.552853e-02  0.000000e+00  0.000000e+00  0.000000e+00  0.000000e+00  0.000000e+00  0.000000e+00  1.178672e-02  1.552853e-02
4.693224e-04  0.000000e+00  0.000000e+00  0.000000e+00  0.000000e+00  0.000000e+00  0.000000e+00  0.000000e+00  1.328344e-02  0.000000e+00  0.000000e+00  0.000000e+00  0.000000e+00  0.000000e+00  0.000000e+00  1.384471e-02  1.328344e-02
4.959899e-04  0.000000e+00  0.000000e+00  0.000000e+00  0.000000e+00  0.000000e+00  0.000000e+00  0.000000e+00  1.328344e-02  0.000000e+00  0.000000e+00  0.000000e+00  0.000000e+00  0.000000e+00  0.000000e+00  1.646399e-02  1.328344e-02
5.241727e-04  0.000000e+00  0.000000e+00  0.000000e+00  0.000000e+00  0.000000e+00  0.000000e+00  0.000000e+00  1.515435e-02  0.000000e+00  0.000000e+00  0.000000e+00  0.000000e+00  0.000000e+00  0.000000e+00  2.020580e-02  1.515435e-02
5.539568e-04  0.000000e+00  0.000000e+00  0.000000e+00  0.000000e+00  0.000000e+00  0.000000e+00  0.000000e+00  1.534144e-02  0.000000e+00  0.000000e+00  0.000000e+00  0.000000e+00  0.000000e+00  0.000000e+00  2.263798e-02  1.534144e-02
5.854334e-04  0.000000e+00  0.000000e+00  0.000000e+00  0.000000e+00  0.000000e+00  0.000000e+00  0.000000e+00  1.328344e-02  0.000000e+00  0.000000e+00  0.000000e+00  0.000000e+00  0.000000e+00  0.000000e+00  2.544434e-02  1.328344e-02
6.186985e-04  0.000000e+00  0.000000e+00  0.000000e+00  0.000000e+00  0.000000e+00  0.000000e+00  2.394761e-02  1.178672e-02  0.000000e+00  0.000000e+00  0.000000e+00  0.000000e+00  0.000000e+00  0.000000e+00  2.843779e-02  1.178672e-02
6.538537e-04  0.000000e+00  0.000000e+00  0.000000e+00  0.000000e+00  0.000000e+00  0.000000e+00  2.899906e-02  1.272217e-02  0.000000e+00  0.000000e+00  0.000000e+00  0.000000e+00  0.000000e+00  0.000000e+00  2.899906e-02  1.272217e-02
6.910066e-04  0.000000e+00  0.000000e+00  0.000000e+00  0.000000e+00  0.000000e+00  0.000000e+00  3.180543e-02  1.159963e-02  0.000000e+00  0.000000e+00  0.000000e+00  0.000000e+00  0.000000e+00  0.000000e+00  3.180543e-02  1.159963e-02
7.302705e-04  0.000000e+00  0.000000e+00  0.000000e+00  0.000000e+00  0.000000e+00  0.000000e+00  2.974743e-02  7.670720e-03  0.000000e+00  0.000000e+00  0.000000e+00  0.000000e+00  0.000000e+00  5.612722e-03  2.974743e-02  1.347053e-02
7.717654e-04  0.000000e+00  0.000000e+00  0.000000e+00  0.000000e+00  0.000000e+00  0.000000e+00  3.124415e-02  0.000000e+00  0.000000e+00  0.000000e+00  0.000000e+00  0.000000e+00  0.000000e+00  8.419083e-03  3.124415e-02  1.216090e-02
8.156181e-04  0.000000e+00  0.000000e+00  0.000000e+00  0.000000e+00  0.000000e+00  0.000000e+00  2.675398e-02  0.000000e+00  0.000000e+00  0.000000e+00  0.000000e+00  0.000000e+00  0.000000e+00  6.735267e-03  2.675398e-02  8.606174e-03
8.619626e-04  0.000000e+00  0.000000e+00  0.000000e+00  0.000000e+00  0.000000e+00  0.000000e+00  2.619270e-02  0.000000e+00  0.000000e+00  0.000000e+00  0.000000e+00  0.000000e+00  0.000000e+00  1.403181e-02  2.619270e-02  9.728718e-03
9.109404e-04  0.000000e+00  0.000000e+00  0.000000e+00  0.000000e+00  0.000000e+00  0.000000e+00  2.825070e-02  0.000000e+00  0.000000e+00  0.000000e+00  0.000000e+00  0.000000e+00  0.000000e+00  1.159963e-02  2.825070e-02  9.541628e-03
9.627013e-04  0.000000e+00  0.000000e+00  0.000000e+00  0.000000e+00  0.000000e+00  0.000000e+00  2.843779e-02  0.000000e+00  0.000000e+00  0.000000e+00  0.000000e+00  0.000000e+00  0.000000e+00  1.590271e-02  2.843779e-02  8.793265e-03
1.017403e-03  0.000000e+00  0.000000e+00  0.000000e+00  0.000000e+00  0.000000e+00  0.000000e+00  2.488307e-02  0.000000e+00  0.000000e+00  0.000000e+00  0.000000e+00  0.000000e+00  0.000000e+00  2.039289e-02  2.488307e-02  7.670720e-03
1.075213e-03  0.000000e+00  0.000000e+00  0.000000e+00  0.000000e+00  0.000000e+00  0.000000e+00  2.507016e-02  0.000000e+00  0.000000e+00  0.000000e+00  0.000000e+00  0.000000e+00  3.554724e-03  1.889616e-02  2.507016e-02  1.085126e-02
1.136308e-03  0.000000e+00  0.000000e+00  0.000000e+00  0.000000e+00  0.000000e+00  0.000000e+00  2.712816e-02  0.000000e+00  0.000000e+00  0.000000e+00  0.000000e+00  0.000000e+00  7.296539e-03  2.076707e-02  2.712816e-02  8.793265e-03
1.200875e-03  0.000000e+00  0.000000e+00  0.000000e+00  0.000000e+00  0.000000e+00  1.122544e-02  2.057998e-02  0.000000e+00  0.000000e+00  0.000000e+00  0.000000e+00  0.000000e+00  9.915809e-03  2.394761e-02  2.057998e-02  7.109448e-03
1.269110e-03  0.000000e+00  0.000000e+00  0.000000e+00  0.000000e+00  0.000000e+00  2.263798e-02  1.927035e-02  0.000000e+00  0.000000e+00  0.000000e+00  0.000000e+00  0.000000e+00  1.010290e-02  2.263798e-02  1.927035e-02  6.361085e-03
1.341223e-03  0.000000e+00  0.000000e+00  0.000000e+00  0.000000e+00  0.000000e+00  2.544434e-02  2.301216e-02  0.000000e+00  0.000000e+00  0.000000e+00  0.000000e+00  0.000000e+00  1.122544e-02  2.544434e-02  2.301216e-02  5.986904e-03
1.417433e-03  0.000000e+00  0.000000e+00  0.000000e+00  0.000000e+00  0.000000e+00  2.806361e-02  2.151543e-02  0.000000e+00  0.000000e+00  0.000000e+00  0.000000e+00  0.000000e+00  1.796071e-02  2.806361e-02  2.151543e-02  5.612722e-03
1.497973e-03  0.000000e+00  0.000000e+00  0.000000e+00  0.000000e+00  0.000000e+00  2.525725e-02  1.683817e-02  0.000000e+00  0.000000e+00  0.000000e+00  0.000000e+00  0.000000e+00  1.665108e-02  2.525725e-02  1.683817e-02  5.051450e-03
1.583090e-03  0.000000e+00  0.000000e+00  0.000000e+00  0.000000e+00  0.000000e+00  2.170253e-02  1.983162e-02  0.000000e+00  0.000000e+00  0.000000e+00  0.000000e+00  0.000000e+00  1.889616e-02  2.170253e-02  1.983162e-02  5.051450e-03
1.673043e-03  0.000000e+00  0.000000e+00  0.000000e+00  0.000000e+00  0.000000e+00  2.768943e-02  1.927035e-02  0.000000e+00  0.000000e+00  0.000000e+00  0.000000e+00  0.000000e+00  1.721235e-02  2.768943e-02  1.927035e-02  4.490178e-03
1.768108e-03  0.000000e+00  0.000000e+00  0.000000e+00  0.000000e+00  0.000000e+00  2.694107e-02  1.665108e-02  0.000000e+00  0.000000e+00  0.000000e+00  0.000000e+00  0.000000e+00  1.814780e-02  2.694107e-02  1.665108e-02  3.741815e-03
1.868574e-03  0.000000e+00  0.000000e+00  0.000000e+00  0.000000e+00  1.814780e-02  2.151543e-02  2.020580e-02  0.000000e+00  0.000000e+00  0.000000e+00  0.000000e+00  0.000000e+00  2.226380e-02  2.151543e-02  2.020580e-02  4.303087e-03
1.974749e-03  0.000000e+00  0.000000e+00  0.000000e+00  0.000000e+00  2.600561e-02  2.507016e-02  1.758653e-02  0.000000e+00  0.000000e+00  0.000000e+00  0.000000e+00  4.677268e-03  2.600561e-02  2.507016e-02  1.758653e-02  2.619270e-03
2.086957e-03  0.000000e+00  0.000000e+00  0.000000e+00  0.000000e+00  2.806361e-02  2.394761e-02  1.945744e-02  0.000000e+00  0.000000e+00  0.000000e+00  0.000000e+00  8.606174e-03  2.806361e-02  2.394761e-02  1.945744e-02  2.806361e-03
2.205540e-03  0.000000e+00  0.000000e+00  0.000000e+00  0.000000e+00  2.469598e-02  2.432180e-02  1.403181e-02  0.000000e+00  0.000000e+00  0.000000e+00  0.000000e+00  1.309635e-02  2.469598e-02  2.432180e-02  1.403181e-02  0.000000e+00
2.330862e-03  0.000000e+00  0.000000e+00  0.000000e+00  0.000000e+00  2.544434e-02  2.188962e-02  1.440599e-02  0.000000e+00  0.000000e+00  0.000000e+00  0.000000e+00  1.047708e-02  2.544434e-02  2.188962e-02  1.440599e-02  0.000000e+00
2.463304e-03  0.000000e+00  0.000000e+00  0.000000e+00  0.000000e+00  2.376052e-02  2.619270e-02  1.478017e-02  0.000000e+00  0.000000e+00  0.000000e+00  0.000000e+00  1.384471e-02  2.376052e-02  2.619270e-02  1.478017e-02  0.000000e+00
2.603273e-03  0.000000e+00  0.000000e+00  0.000000e+00  0.000000e+00  2.563143e-02  2.432180e-02  1.328344e-02  0.000000e+00  0.000000e+00  0.000000e+00  0.000000e+00  1.552853e-02  2.563143e-02  2.432180e-02  1.328344e-02  0.000000e+00
2.751194e-03  0.000000e+00  0.000000e+00  0.000000e+00  0.000000e+00  2.394761e-02  2.319925e-02  1.590271e-02  0.000000e+00  0.000000e+00  0.000000e+00  0.000000e+00  1.440599e-02  2.394761e-02  2.319925e-02  1.590271e-02  0.000000e+00
2.907520e-03  0.000000e+00  0.000000e+00  0.000000e+00  0.000000e+00  2.488307e-02  1.665108e-02  1.347053e-02  0.000000e+00  0.000000e+00  0.000000e+00  0.000000e+00  1.384471e-02  2.488307e-02  1.665108e-02  1.347053e-02  0.000000e+00
3.072729e-03  0.000000e+00  0.000000e+00  0.000000e+00  0.000000e+00  2.619270e-02  2.226380e-02  1.384471e-02  0.000000e+00  0.000000e+00  0.000000e+00  0.000000e+00  1.927035e-02  2.619270e-02  2.226380e-02  1.384471e-02  0.000000e+00
3.247326e-03  0.000000e+00  0.000000e+00  0.000000e+00  0.000000e+00  2.151543e-02  2.057998e-02  1.122544e-02  0.000000e+00  0.000000e+00  0.000000e+00  0.000000e+00  1.870907e-02  2.151543e-02  2.057998e-02  1.122544e-02  0.000000e+00
3.431843e-03  0.000000e+00  0.000000e+00  0.000000e+00  2.039289e-02  2.394761e-02  2.020580e-02  1.328344e-02  0.000000e+00  0.000000e+00  0.000000e+00  0.000000e+00  2.301216e-02  2.394761e-02  2.020580e-02  1.328344e-02  0.000000e+00
3.626845e-03  0.000000e+00  0.000000e+00  0.000000e+00  2.245089e-02  2.282507e-02  1.964453e-02  8.793265e-03  0.000000e+00  0.000000e+00  0.000000e+00  0.000000e+00  2.245089e-02  2.282507e-02  1.964453e-02  1.010290e-02  0.000000e+00
3.832927e-03  0.000000e+00  0.000000e+00  0.000000e+00  2.600561e-02  2.376052e-02  2.057998e-02  0.000000e+00  0.000000e+00  0.000000e+00  0.000000e+00  0.000000e+00  2.600561e-02  2.376052e-02  2.057998e-02  1.216090e-02  0.000000e+00
4.050719e-03  0.000000e+00  0.000000e+00  0.000000e+00  2.132834e-02  2.488307e-02  2.151543e-02  0.000000e+00  0.000000e+00  0.000000e+00  0.000000e+00  0.000000e+00  2.132834e-02  2.488307e-02  2.151543e-02  8.980355e-03  0.000000e+00
4.280886e-03  0.000000e+00  0.000000e+00  0.000000e+00  2.488307e-02  2.581852e-02  1.665108e-02  0.000000e+00  0.000000e+00  0.000000e+00  0.000000e+00  0.000000e+00  2.488307e-02  2.581852e-02  1.665108e-02  1.010290e-02  0.000000e+00
4.524132e-03  0.000000e+00  0.000000e+00  0.000000e+00  2.357343e-02  2.151543e-02  1.852198e-02  0.000000e+00  0.000000e+00  0.000000e+00  0.000000e+00  1.122544e-03  2.357343e-02  2.151543e-02  1.852198e-02  9.541628e-03  0.000000e+00
4.781199e-03  0.000000e+00  0.000000e+00  0.000000e+00  3.049579e-02  2.450889e-02  1.608980e-02  0.000000e+00  0.000000e+00  0.000000e+00  0.000000e+00  1.010290e-02  3.049579e-02  2.450889e-02  1.608980e-02  8.793265e-03  0.000000e+00
5.052873e-03  0.000000e+00  0.000000e+00  0.000000e+00  2.881197e-02  2.469598e-02  1.552853e-02  0.000000e+00  0.000000e+00  0.000000e+00  0.000000e+00  9.728718e-03  2.881197e-02  2.469598e-02  1.552853e-02  8.980355e-03  0.000000e+00
5.339984e-03  0.000000e+00  0.000000e+00  0.000000e+00  2.600561e-02  1.833489e-02  1.646399e-02  0.000000e+00  0.000000e+00  0.000000e+00  0.000000e+00  9.915809e-03  2.600561e-02  1.833489e-02  1.646399e-02  9.167446e-03  0.000000e+00
5.643409e-03  0.000000e+00  0.000000e+00  0.000000e+00  2.581852e-02  2.413471e-02  1.852198e-02  0.000000e+00  0.000000e+00  0.000000e+00  0.000000e+00  1.309635e-02  2.581852e-02  2.413471e-02  1.852198e-02  9.354537e-03  0.000000e+00
5.964075e-03  0.000000e+00  0.000000e+00  0.000000e+00  2.469598e-02  1.552853e-02  1.571562e-02  0.000000e+00  0.000000e+00  0.000000e+00  0.000000e+00  1.627689e-02  2.469598e-02  1.552853e-02  1.571562e-02  7.109448e-03  0.000000e+00
6.302961e-03  0.000000e+00  0.000000e+00  0.000000e+00  2.694107e-02  1.590271e-02  1.590271e-02  0.000000e+00  0.000000e+00  0.000000e+00  0.000000e+00  1.272217e-02  2.694107e-02  1.590271e-02  1.590271e-02  4.677268e-03  0.000000e+00
6.661104e-03  0.000000e+00  0.000000e+00  0.000000e+00  2.544434e-02  2.132834e-02  1.309635e-02  0.000000e+00  0.000000e+00  0.000000e+00  0.000000e+00  1.459308e-02  2.544434e-02  2.132834e-02  1.309635e-02  6.548176e-03  0.000000e+00
7.039596e-03  0.000000e+00  0.000000e+00  0.000000e+00  3.199252e-02  1.496726e-02  1.234799e-02  0.000000e+00  0.000000e+00  0.000000e+00  0.000000e+00  1.665108e-02  3.199252e-02  1.496726e-02  1.272217e-02  6.735267e-03  0.000000e+00
7.439595e-03  0.000000e+00  0.000000e+00  0.000000e+00  2.843779e-02  1.739944e-02  0.000000e+00  0.000000e+00  0.000000e+00  0.000000e+00  0.000000e+00  1.758653e-02  2.843779e-02  1.739944e-02  1.216090e-02  8.419083e-03  0.000000e+00
7.862323e-03  0.000000e+00  0.000000e+00  7.483630e-03  2.319925e-02  1.852198e-02  0.000000e+00  0.000000e+00  0.000000e+00  0.000000e+00  0.000000e+00  2.076707e-02  2.319925e-02  1.852198e-02  1.384471e-02  4.864359e-03  0.000000e+00
8.309070e-03  0.000000e+00  0.000000e+00  2.394761e-02  2.301216e-02  1.571562e-02  0.000000e+00  0.000000e+00  0.000000e+00  0.000000e+00  0.000000e+00  2.394761e-02  2.301216e-02  1.571562e-02  1.178672e-02  4.677268e-03  0.000000e+00
8.781203e-03  0.000000e+00  0.000000e+00  2.039289e-02  2.394761e-02  1.739944e-02  0.000000e+00  0.000000e+00  0.000000e+00  0.000000e+00  0.000000e+00  2.039289e-02  2.394761e-02  1.739944e-02  9.354537e-03  4.303087e-03  0.000000e+00
9.280162e-03  0.000000e+00  0.000000e+00  2.394761e-02  2.114125e-02  1.365762e-02  0.000000e+00  0.000000e+00  0.000000e+00  0.000000e+00  2.432180e-03  2.394761e-02  2.114125e-02  1.365762e-02  1.272217e-02  3.554724e-03  0.000000e+00
9.807473e-03  0.000000e+00  0.000000e+00  2.787652e-02  2.357343e-02  1.552853e-02  0.000000e+00  0.000000e+00  0.000000e+00  0.000000e+00  7.109448e-03  2.787652e-02  2.357343e-02  1.552853e-02  8.980355e-03  2.806361e-03  0.000000e+00
1.036475e-02  0.000000e+00  0.000000e+00  2.993452e-02  2.001871e-02  1.103835e-02  0.000000e+00  0.000000e+00  0.000000e+00  0.000000e+00  9.728718e-03  2.993452e-02  2.001871e-02  1.721235e-02  8.044902e-03  2.993452e-03  0.000000e+00
1.095368e-02  0.000000e+00  0.000000e+00  3.461179e-02  2.188962e-02  0.000000e+00  0.000000e+00  0.000000e+00  0.000000e+00  0.000000e+00  1.159963e-02  3.461179e-02  2.188962e-02  1.347053e-02  8.606174e-03  0.000000e+00  0.000000e+00
1.157609e-02  0.000000e+00  0.000000e+00  3.143124e-02  2.170253e-02  0.000000e+00  0.000000e+00  0.000000e+00  0.000000e+00  0.000000e+00  1.253508e-02  3.143124e-02  2.170253e-02  1.440599e-02  7.109448e-03  0.000000e+00  0.000000e+00
1.223386e-02  0.000000e+00  0.000000e+00  2.544434e-02  2.020580e-02  0.000000e+00  0.000000e+00  0.000000e+00  0.000000e+00  0.000000e+00  1.552853e-02  2.544434e-02  2.020580e-02  1.347053e-02  6.735267e-03  0.000000e+00  0.000000e+00
1.292900e-02  0.000000e+00  0.000000e+00  3.236670e-02  2.076707e-02  0.000000e+00  0.000000e+00  0.000000e+00  0.000000e+00  0.000000e+00  1.440599e-02  3.236670e-02  2.076707e-02  1.103835e-02  5.051450e-03  0.000000e+00  0.000000e+00
1.366364e-02  0.000000e+00  0.000000e+00  3.386342e-02  1.777362e-02  0.000000e+00  0.000000e+00  0.000000e+00  0.000000e+00  0.000000e+00  1.908326e-02  3.386342e-02  1.777362e-02  1.159963e-02  5.986904e-03  0.000000e+00  0.000000e+00
1.444003e-02  0.000000e+00  0.000000e+00  2.825070e-02  1.777362e-02  0.000000e+00  0.000000e+00  0.000000e+00  0.000000e+00  0.000000e+00  1.796071e-02  2.825070e-02  1.777362e-02  1.085126e-02  5.612722e-03  0.000000e+00  0.000000e+00
1.526053e-02  0.000000e+00  0.000000e+00  2.899906e-02  1.870907e-02  0.000000e+00  0.000000e+00  0.000000e+00  0.000000e+00  0.000000e+00  1.870907e-02  2.899906e-02  1.870907e-02  7.483630e-03  4.490178e-03  0.000000e+00  0.000000e+00
1.612765e-02  0.000000e+00  1.571562e-02  3.068288e-02  1.721235e-02  0.000000e+00  0.000000e+00  0.000000e+00  0.000000e+00  0.000000e+00  2.170253e-02  3.068288e-02  1.721235e-02  7.296539e-03  5.051450e-03  0.000000e+00  0.000000e+00
1.704405e-02  0.000000e+00  2.039289e-02  3.311506e-02  1.496726e-03  0.000000e+00  0.000000e+00  0.000000e+00  0.000000e+00  0.000000e+00  2.039289e-02  3.311506e-02  1.927035e-02  8.980355e-03  4.677268e-03  0.000000e+00  0.000000e+00
1.801251e-02  0.000000e+00  2.282507e-02  2.469598e-02  0.000000e+00  0.000000e+00  0.000000e+00  0.000000e+00  0.000000e+00  0.000000e+00  2.282507e-02  2.469598e-02  1.384471e-02  6.548176e-03  4.490178e-03  0.000000e+00  0.000000e+00
1.903601e-02  0.000000e+00  2.694107e-02  2.394761e-02  0.000000e+00  0.000000e+00  0.000000e+00  0.000000e+00  0.000000e+00  0.000000e+00  2.694107e-02  2.394761e-02  1.683817e-02  7.109448e-03  0.000000e+00  0.000000e+00  0.000000e+00
2.011766e-02  0.000000e+00  2.750234e-02  3.498597e-02  0.000000e+00  0.000000e+00  0.000000e+00  0.000000e+00  0.000000e+00  0.000000e+00  2.750234e-02  3.498597e-02  1.178672e-02  3.928906e-03  0.000000e+00  0.000000e+00  0.000000e+00
2.126077e-02  0.000000e+00  3.199252e-02  3.030870e-02  0.000000e+00  0.000000e+00  0.000000e+00  0.000000e+00  0.000000e+00  0.000000e+00  3.199252e-02  3.030870e-02  1.141254e-02  6.173994e-03  0.000000e+00  0.000000e+00  0.000000e+00
2.246883e-02  0.000000e+00  3.666978e-02  2.937325e-02  0.000000e+00  0.000000e+00  0.000000e+00  0.000000e+00  0.000000e+00  0.000000e+00  3.666978e-02  2.937325e-02  1.141254e-02  5.238541e-03  0.000000e+00  0.000000e+00  0.000000e+00
2.374554e-02  0.000000e+00  3.461179e-02  2.974743e-02  0.000000e+00  0.000000e+00  0.000000e+00  0.000000e+00  0.000000e+00  0.000000e+00  3.461179e-02  2.974743e-02  1.141254e-02  1.309635e-03  0.000000e+00  0.000000e+00  0.000000e+00
2.509480e-02  0.000000e+00  3.143124e-02  2.282507e-02  0.000000e+00  0.000000e+00  0.000000e+00  0.000000e+00  0.000000e+00  0.000000e+00  3.143124e-02  2.282507e-02  1.103835e-02  0.000000e+00  0.000000e+00  0.000000e+00  0.000000e+00
2.652071e-02  0.000000e+00  3.741815e-02  2.563143e-02  0.000000e+00  0.000000e+00  0.000000e+00  0.000000e+00  0.000000e+00  0.000000e+00  3.741815e-02  2.563143e-02  8.980355e-03  0.000000e+00  0.000000e+00  0.000000e+00  0.000000e+00
2.802766e-02  0.000000e+00  3.498597e-02  2.469598e-02  0.000000e+00  0.000000e+00  0.000000e+00  0.000000e+00  0.000000e+00  0.000000e+00  3.498597e-02  2.469598e-02  6.173994e-03  0.000000e+00  0.000000e+00  0.000000e+00  0.000000e+00
2.962022e-02  0.000000e+00  3.648269e-02  2.114125e-02  0.000000e+00  0.000000e+00  0.000000e+00  0.000000e+00  0.000000e+00  0.000000e+00  3.648269e-02  2.731525e-02  6.548176e-03  0.000000e+00  0.000000e+00  0.000000e+00  0.000000e+00
3.130328e-02  0.000000e+00  3.872778e-02  0.000000e+00  0.000000e+00  0.000000e+00  0.000000e+00  0.000000e+00  0.000000e+00  0.000000e+00  3.872778e-02  2.020580e-02  7.857811e-03  0.000000e+00  0.000000e+00  0.000000e+00  0.000000e+00
3.308198e-02  0.000000e+00  3.685688e-02  0.000000e+00  0.000000e+00  0.000000e+00  0.000000e+00  0.000000e+00  0.000000e+00  3.554724e-03  3.685688e-02  1.945744e-02  0.000000e+00  0.000000e+00  0.000000e+00  0.000000e+00  0.000000e+00
3.496174e-02  0.000000e+00  3.592142e-02  0.000000e+00  0.000000e+00  0.000000e+00  0.000000e+00  0.000000e+00  0.000000e+00  5.612722e-03  3.592142e-02  1.646399e-02  0.000000e+00  0.000000e+00  0.000000e+00  0.000000e+00  0.000000e+00
3.694831e-02  0.000000e+00  3.854069e-02  0.000000e+00  0.000000e+00  0.000000e+00  0.000000e+00  0.000000e+00  0.000000e+00  1.028999e-02  3.854069e-02  1.552853e-02  0.000000e+00  0.000000e+00  0.000000e+00  0.000000e+00  0.000000e+00
3.904776e-02  0.000000e+00  3.030870e-02  0.000000e+00  0.000000e+00  0.000000e+00  0.000000e+00  0.000000e+00  0.000000e+00  9.728718e-03  3.030870e-02  1.515435e-02  0.000000e+00  0.000000e+00  0.000000e+00  0.000000e+00  0.000000e+00
4.126651e-02  0.000000e+00  3.610851e-02  0.000000e+00  0.000000e+00  0.000000e+00  0.000000e+00  0.000000e+00  0.000000e+00  1.141254e-02  3.610851e-02  1.384471e-02  0.000000e+00  0.000000e+00  0.000000e+00  0.000000e+00  0.000000e+00
4.361132e-02  0.000000e+00  3.461179e-02  0.000000e+00  0.000000e+00  0.000000e+00  0.000000e+00  0.000000e+00  0.000000e+00  1.421890e-02  3.461179e-02  1.103835e-02  0.000000e+00  0.000000e+00  0.000000e+00  0.000000e+00  0.000000e+00
4.608938e-02  0.000000e+00  3.311506e-02  0.000000e+00  0.000000e+00  0.000000e+00  0.000000e+00  0.000000e+00  0.000000e+00  1.534144e-02  3.311506e-02  1.010290e-02  0.000000e+00  0.000000e+00  0.000000e+00  0.000000e+00  0.000000e+00
4.870824e-02  0.000000e+00  2.525725e-02  0.000000e+00  0.000000e+00  0.000000e+00  0.000000e+00  0.000000e+00  0.000000e+00  1.777362e-02  2.525725e-02  7.109448e-03  0.000000e+00  0.000000e+00  0.000000e+00  0.000000e+00  0.000000e+00
5.147590e-02  0.000000e+00  1.328344e-02  0.000000e+00  0.000000e+00  0.000000e+00  0.000000e+00  0.000000e+00  0.000000e+00  1.852198e-02  2.768943e-02  0.000000e+00  0.000000e+00  0.000000e+00  0.000000e+00  0.000000e+00  0.000000e+00
5.440083e-02  0.000000e+00  0.000000e+00  0.000000e+00  0.000000e+00  0.000000e+00  0.000000e+00  0.000000e+00  0.000000e+00  1.814780e-02  2.469598e-02  0.000000e+00  0.000000e+00  0.000000e+00  0.000000e+00  0.000000e+00  0.000000e+00
5.749196e-02  1.066417e-02  0.000000e+00  0.000000e+00  0.000000e+00  0.000000e+00  0.000000e+00  0.000000e+00  0.000000e+00  2.114125e-02  2.338634e-02  0.000000e+00  0.000000e+00  0.000000e+00  0.000000e+00  0.000000e+00  0.000000e+00
6.075872e-02  2.001871e-02  0.000000e+00  0.000000e+00  0.000000e+00  0.000000e+00  0.000000e+00  0.000000e+00  0.000000e+00  2.001871e-02  2.226380e-02  0.000000e+00  0.000000e+00  0.000000e+00  0.000000e+00  0.000000e+00  0.000000e+00
6.421111e-02  2.282507e-02  0.000000e+00  0.000000e+00  0.000000e+00  0.000000e+00  0.000000e+00  0.000000e+00  0.000000e+00  2.282507e-02  1.608980e-02  0.000000e+00  0.000000e+00  0.000000e+00  0.000000e+00  0.000000e+00  0.000000e+00
6.785967e-02  2.245089e-02  0.000000e+00  0.000000e+00  0.000000e+00  0.000000e+00  0.000000e+00  0.000000e+00  0.000000e+00  2.245089e-02  1.683817e-02  0.000000e+00  0.000000e+00  0.000000e+00  0.000000e+00  0.000000e+00  0.000000e+00
7.171555e-02  2.619270e-02  0.000000e+00  0.000000e+00  0.000000e+00  0.000000e+00  0.000000e+00  0.000000e+00  0.000000e+00  2.619270e-02  1.328344e-02  0.000000e+00  0.000000e+00  0.000000e+00  0.000000e+00  0.000000e+00  0.000000e+00
7.579052e-02  2.956034e-02  0.000000e+00  0.000000e+00  0.000000e+00  0.000000e+00  0.000000e+00  0.000000e+00  0.000000e+00  2.956034e-02  4.115996e-03  0.000000e+00  0.000000e+00  0.000000e+00  0.000000e+00  0.000000e+00  0.000000e+00
8.009704e-02  3.348924e-02  0.000000e+00  0.000000e+00  0.000000e+00  0.000000e+00  0.000000e+00  0.000000e+00  0.000000e+00  3.348924e-02  0.000000e+00  0.000000e+00  0.000000e+00  0.000000e+00  0.000000e+00  0.000000e+00  0.000000e+00
8.464826e-02  3.554724e-02  0.000000e+00  0.000000e+00  0.000000e+00  0.000000e+00  0.000000e+00  0.000000e+00  0.000000e+00  3.554724e-02  0.000000e+00  0.000000e+00  0.000000e+00  0.000000e+00  0.000000e+00  0.000000e+00  0.000000e+00
8.945808e-02  3.966324e-02  0.000000e+00  0.000000e+00  0.000000e+00  0.000000e+00  0.000000e+00  0.000000e+00  0.000000e+00  3.966324e-02  0.000000e+00  0.000000e+00  0.000000e+00  0.000000e+00  0.000000e+00  0.000000e+00  0.000000e+00
9.454121e-02  4.826941e-02  0.000000e+00  0.000000e+00  0.000000e+00  0.000000e+00  0.000000e+00  0.000000e+00  0.000000e+00  4.826941e-02  0.000000e+00  0.000000e+00  0.000000e+00  0.000000e+00  0.000000e+00  0.000000e+00  0.000000e+00
9.991316e-02  4.883068e-02  0.000000e+00  0.000000e+00  0.000000e+00  0.000000e+00  0.000000e+00  0.000000e+00  0.000000e+00  4.883068e-02  0.000000e+00  0.000000e+00  0.000000e+00  0.000000e+00  0.000000e+00  0.000000e+00  0.000000e+00
1.055904e-01  4.845650e-02  0.000000e+00  0.000000e+00  0.000000e+00  0.000000e+00  0.000000e+00  0.000000e+00  0.000000e+00  4.845650e-02  0.000000e+00  0.000000e+00  0.000000e+00  0.000000e+00  0.000000e+00  0.000000e+00  0.000000e+00
1.115901e-01  5.500468e-02  0.000000e+00  0.000000e+00  0.000000e+00  0.000000e+00  0.000000e+00  0.000000e+00  0.000000e+00  5.500468e-02  0.000000e+00  0.000000e+00  0.000000e+00  0.000000e+00  0.000000e+00  0.000000e+00  0.000000e+00
1.179308e-01  4.415341e-02  0.000000e+00  0.000000e+00  0.000000e+00  0.000000e+00  0.000000e+00  0.000000e+00  0.000000e+00  4.415341e-02  0.000000e+00  0.000000e+00  0.000000e+00  0.000000e+00  0.000000e+00  0.000000e+00  0.000000e+00
1.246318e-01  4.658559e-02  0.000000e+00  0.000000e+00  0.000000e+00  0.000000e+00  0.000000e+00  0.000000e+00  0.000000e+00  4.658559e-02  0.000000e+00  0.000000e+00  0.000000e+00  0.000000e+00  0.000000e+00  0.000000e+00  0.000000e+00
1.317136e-01  3.816651e-02  0.000000e+00  0.000000e+00  0.000000e+00  0.000000e+00  0.000000e+00  0.000000e+00  0.000000e+00  3.816651e-02  0.000000e+00  0.000000e+00  0.000000e+00  0.000000e+00  0.000000e+00  0.000000e+00  0.000000e+00
1.391977e-01  4.265669e-02  0.000000e+00  0.000000e+00  0.000000e+00  0.000000e+00  0.000000e+00  0.000000e+00  0.000000e+00  4.265669e-02  0.000000e+00  0.000000e+00  0.000000e+00  0.000000e+00  0.000000e+00  0.000000e+00  0.000000e+00
1.471071e-01  3.536015e-02  0.000000e+00  0.000000e+00  0.000000e+00  0.000000e+00  0.000000e+00  0.000000e+00  0.000000e+00  3.536015e-02  0.000000e+00  0.000000e+00  0.000000e+00  0.000000e+00  0.000000e+00  0.000000e+00  0.000000e+00
1.554659e-01  3.180543e-02  0.000000e+00  0.000000e+00  0.000000e+00  0.000000e+00  0.000000e+00  0.000000e+00  0.000000e+00  3.479888e-02  0.000000e+00  0.000000e+00  0.000000e+00  0.000000e+00  0.000000e+00  0.000000e+00  0.000000e+00
1.642997e-01  0.000000e+00  0.000000e+00  0.000000e+00  0.000000e+00  0.000000e+00  0.000000e+00  0.000000e+00  0.000000e+00  3.274088e-02  0.000000e+00  0.000000e+00  0.000000e+00  0.000000e+00  0.000000e+00  0.000000e+00  0.000000e+00
1.736354e-01  0.000000e+00  0.000000e+00  0.000000e+00  0.000000e+00  0.000000e+00  0.000000e+00  0.000000e+00  0.000000e+00  2.899906e-02  0.000000e+00  0.000000e+00  0.000000e+00  0.000000e+00  0.000000e+00  0.000000e+00  0.000000e+00
1.835016e-01  0.000000e+00  0.000000e+00  0.000000e+00  0.000000e+00  0.000000e+00  0.000000e+00  0.000000e+00  0.000000e+00  2.581852e-02  0.000000e+00  0.000000e+00  0.000000e+00  0.000000e+00  0.000000e+00  0.000000e+00  0.000000e+00
1.939284e-01  0.000000e+00  0.000000e+00  0.000000e+00  0.000000e+00  0.000000e+00  0.000000e+00  0.000000e+00  0.000000e+00  1.927035e-02  0.000000e+00  0.000000e+00  0.000000e+00  0.000000e+00  0.000000e+00  0.000000e+00  0.000000e+00
2.049477e-01  0.000000e+00  0.000000e+00  0.000000e+00  0.000000e+00  0.000000e+00  0.000000e+00  0.000000e+00  0.000000e+00  1.365762e-02  0.000000e+00  0.000000e+00  0.000000e+00  0.000000e+00  0.000000e+00  0.000000e+00  0.000000e+00
2.165931e-01  0.000000e+00  0.000000e+00  0.000000e+00  0.000000e+00  0.000000e+00  0.000000e+00  0.000000e+00  0.000000e+00  1.159963e-02  0.000000e+00  0.000000e+00  0.000000e+00  0.000000e+00  0.000000e+00  0.000000e+00  0.000000e+00
