6.279659e-04  0.000000e+00  0.000000e+00  0.000000e+00  0.000000e+00  0.000000e+00  0.000000e+00  0.000000e+00  0.000000e+00  0.000000e+00  0.000000e+00  0.000000e+00  0.000000e+00  0.000000e+00  2.439024e-03
6.576046e-04  0.000000e+00  0.000000e+00  0.000000e+00  0.000000e+00  0.000000e+00  0.000000e+00  0.000000e+00  0.000000e+00  0.000000e+00  0.000000e+00  0.000000e+00  0.000000e+00  0.000000e+00  6.504065e-03
6.886422e-04  0.000000e+00  0.000000e+00  0.000000e+00  0.000000e+00  0.000000e+00  0.000000e+00  0.000000e+00  0.000000e+00  0.000000e+00  0.000000e+00  0.000000e+00  0.000000e+00  0.000000e+00  5.284553e-03
7.211447e-04  0.000000e+00  0.000000e+00  0.000000e+00  0.000000e+00  0.000000e+00  0.000000e+00  0.000000e+00  0.000000e+00  0.000000e+00  0.000000e+00  0.000000e+00  0.000000e+00  0.000000e+00  4.471545e-03
7.551813e-04  0.000000e+00  0.000000e+00  0.000000e+00  0.000000e+00  0.000000e+00  0.000000e+00  0.000000e+00  0.000000e+00  0.000000e+00  0.000000e+00  0.000000e+00  0.000000e+00  0.000000e+00  6.910569e-03
7.908243e-04  0.000000e+00  0.000000e+00  0.000000e+00  0.000000e+00  0.000000e+00  0.000000e+00  0.000000e+00  0.000000e+00  0.000000e+00  0.000000e+00  0.000000e+00  0.000000e+00  0.000000e+00  4.878049e-03
8.281496e-04  0.000000e+00  0.000000e+00  0.000000e+00  0.000000e+00  0.000000e+00  0.000000e+00  0.000000e+00  0.000000e+00  0.000000e+00  0.000000e+00  0.000000e+00  0.000000e+00  0.000000e+00  1.056911e-02
8.672366e-04  0.000000e+00  0.000000e+00  0.000000e+00  0.000000e+00  0.000000e+00  0.000000e+00  0.000000e+00  0.000000e+00  0.000000e+00  0.000000e+00  0.000000e+00  0.000000e+00  0.000000e+00  6.504065e-03
9.081684e-04  0.000000e+00  0.000000e+00  0.000000e+00  0.000000e+00  0.000000e+00  0.000000e+00  0.000000e+00  0.000000e+00  0.000000e+00  0.000000e+00  0.000000e+00  0.000000e+00  0.000000e+00  9.349593e-03
9.510321e-04  0.000000e+00  0.000000e+00  0.000000e+00  0.000000e+00  0.000000e+00  0.000000e+00  0.000000e+00  0.000000e+00  0.000000e+00  0.000000e+00  0.000000e+00  0.000000e+00  0.000000e+00  9.756098e-03
9.959189e-04  0.000000e+00  0.000000e+00  0.000000e+00  0.000000e+00  0.000000e+00  0.000000e+00  0.000000e+00  0.000000e+00  0.000000e+00  0.000000e+00  0.000000e+00  0.000000e+00  0.000000e+00  1.138211e-02
1.042924e-03  0.000000e+00  0.000000e+00  0.000000e+00  0.000000e+00  0.000000e+00  0.000000e+00  0.000000e+00  0.000000e+00  0.000000e+00  0.000000e+00  0.000000e+00  0.000000e+00  0.000000e+00  1.341463e-02
1.092148e-03  0.000000e+00  0.000000e+00  0.000000e+00  0.000000e+00  0.000000e+00  0.000000e+00  0.000000e+00  0.000000e+00  0.000000e+00  0.000000e+00  0.000000e+00  0.000000e+00  0.000000e+00  1.382114e-02
1.143695e-03  0.000000e+00  0.000000e+00  0.000000e+00  0.000000e+00  0.000000e+00  0.000000e+00  0.000000e+00  0.000000e+00  0.000000e+00  0.000000e+00  0.000000e+00  0.000000e+00  0.000000e+00  8.130081e-03
1.197675e-03  0.000000e+00  0.000000e+00  0.000000e+00  0.000000e+00  0.000000e+00  0.000000e+00  0.000000e+00  0.000000e+00  0.000000e+00  0.000000e+00  0.000000e+00  0.000000e+00  0.000000e+00  1.544715e-02
1.254203e-03  0.000000e+00  0.000000e+00  0.000000e+00  0.000000e+00  0.000000e+00  0.000000e+00  4.471545e-03  0.000000e+00  0.000000e+00  0.000000e+00  0.000000e+00  0.000000e+00  0.000000e+00  1.056911e-02
1.313399e-03  0.000000e+00  0.000000e+00  0.000000e+00  0.000000e+00  0.000000e+00  0.000000e+00  1.422764e-02  0.000000e+00  0.000000e+00  0.000000e+00  0.000000e+00  0.000000e+00  0.000000e+00  1.422764e-02
1.375389e-03  0.000000e+00  0.000000e+00  0.000000e+00  0.000000e+00  0.000000e+00  0.000000e+00  1.504065e-02  0.000000e+00  0.000000e+00  0.000000e+00  0.000000e+00  0.000000e+00  0.000000e+00  1.504065e-02
1.440304e-03  0.000000e+00  0.000000e+00  0.000000e+00  0.000000e+00  0.000000e+00  0.000000e+00  1.707317e-02  0.000000e+00  0.000000e+00  0.000000e+00  0.000000e+00  0.000000e+00  0.000000e+00  1.707317e-02
1.508284e-03  0.000000e+00  0.000000e+00  0.000000e+00  0.000000e+00  0.000000e+00  0.000000e+00  1.666667e-02  0.000000e+00  0.000000e+00  0.000000e+00  0.000000e+00  0.000000e+00  0.000000e+00  1.666667e-02
1.579472e-03  0.000000e+00  0.000000e+00  0.000000e+00  0.000000e+00  0.000000e+00  0.000000e+00  1.382114e-02  0.000000e+00  0.000000e+00  0.000000e+00  0.000000e+00  0.000000e+00  0.000000e+00  1.382114e-02
1.654020e-03  0.000000e+00  0.000000e+00  0.000000e+00  0.000000e+00  0.000000e+00  0.000000e+00  1.422764e-02  0.000000e+00  0.000000e+00  0.000000e+00  0.000000e+00  0.000000e+00  0.000000e+00  1.422764e-02
1.732086e-03  0.000000e+00  0.000000e+00  0.000000e+00  0.000000e+00  0.000000e+00  0.000000e+00  1.707317e-02  0.000000e+00  0.000000e+00  0.000000e+00  0.000000e+00  0.000000e+00  0.000000e+00  1.707317e-02
1.813837e-03  0.000000e+00  0.000000e+00  0.000000e+00  0.000000e+00  0.000000e+00  0.000000e+00  1.788618e-02  0.000000e+00  0.000000e+00  0.000000e+00  0.000000e+00  0.000000e+00  0.000000e+00  1.788618e-02
1.899446e-03  0.000000e+00  0.000000e+00  0.000000e+00  0.000000e+00  0.000000e+00  0.000000e+00  1.869919e-02  0.000000e+00  0.000000e+00  0.000000e+00  0.000000e+00  0.000000e+00  0.000000e+00  1.869919e-02
1.989097e-03  0.000000e+00  0.000000e+00  0.000000e+00  0.000000e+00  0.000000e+00  0.000000e+00  1.707317e-02  0.000000e+00  0.000000e+00  0.000000e+00  0.000000e+00  0.000000e+00  0.000000e+00  1.707317e-02
2.082978e-03  0.000000e+00  0.000000e+00  0.000000e+00  0.000000e+00  0.000000e+00  0.000000e+00  1.300813e-02  0.000000e+00  0.000000e+00  0.000000e+00  0.000000e+00  0.000000e+00  0.000000e+00  1.300813e-02
2.181290e-03  0.000000e+00  0.000000e+00  0.000000e+00  0.000000e+00  0.000000e+00  0.000000e+00  2.113821e-02  0.000000e+00  0.000000e+00  0.000000e+00  0.000000e+00  0.000000e+00  0.000000e+00  2.113821e-02
2.284243e-03  0.000000e+00  0.000000e+00  0.000000e+00  0.000000e+00  0.000000e+00  0.000000e+00  1.869919e-02  0.000000e+00  0.000000e+00  0.000000e+00  0.000000e+00  0.000000e+00  0.000000e+00  1.869919e-02
2.392054e-03  0.000000e+00  0.000000e+00  0.000000e+00  0.000000e+00  0.000000e+00  0.000000e+00  1.951220e-02  0.000000e+00  0.000000e+00  0.000000e+00  0.000000e+00  0.000000e+00  0.000000e+00  1.951220e-02
2.504954e-03  0.000000e+00  0.000000e+00  0.000000e+00  0.000000e+00  0.000000e+00  0.000000e+00  1.829268e-02  0.000000e+00  0.000000e+00  0.000000e+00  0.000000e+00  0.000000e+00  0.000000e+00  1.829268e-02
2.623183e-03  0.000000e+00  0.000000e+00  0.000000e+00  0.000000e+00  0.000000e+00  0.000000e+00  1.707317e-02  0.000000e+00  0.000000e+00  0.000000e+00  0.000000e+00  0.000000e+00  0.000000e+00  1.707317e-02
2.746992e-03  0.000000e+00  0.000000e+00  0.000000e+00  0.000000e+00  0.000000e+00  0.000000e+00  1.463415e-02  0.000000e+00  0.000000e+00  0.000000e+00  0.000000e+00  0.000000e+00  0.000000e+00  1.463415e-02
2.876645e-03  0.000000e+00  0.000000e+00  0.000000e+00  0.000000e+00  0.000000e+00  0.000000e+00  1.747967e-02  0.000000e+00  0.000000e+00  0.000000e+00  0.000000e+00  0.000000e+00  0.000000e+00  1.747967e-02
3.012416e-03  0.000000e+00  0.000000e+00  0.000000e+00  0.000000e+00  0.000000e+00  0.000000e+00  1.991870e-02  0.000000e+00  0.000000e+00  0.000000e+00  0.000000e+00  0.000000e+00  0.000000e+00  1.991870e-02
3.154596e-03  0.000000e+00  0.000000e+00  0.000000e+00  0.000000e+00  0.000000e+00  0.000000e+00  1.788618e-02  0.000000e+00  0.000000e+00  0.000000e+00  0.000000e+00  0.000000e+00  3.252033e-03  1.788618e-02
3.303487e-03  0.000000e+00  0.000000e+00  0.000000e+00  0.000000e+00  0.000000e+00  0.000000e+00  1.544715e-02  0.000000e+00  0.000000e+00  0.000000e+00  0.000000e+00  0.000000e+00  2.439024e-03  1.544715e-02
3.459405e-03  0.000000e+00  0.000000e+00  0.000000e+00  0.000000e+00  0.000000e+00  0.000000e+00  1.829268e-02  0.000000e+00  0.000000e+00  0.000000e+00  0.000000e+00  0.000000e+00  3.658537e-03  1.829268e-02
3.622682e-03  0.000000e+00  0.000000e+00  0.000000e+00  0.000000e+00  0.000000e+00  0.000000e+00  1.422764e-02  0.000000e+00  0.000000e+00  0.000000e+00  0.000000e+00  0.000000e+00  8.130081e-03  1.422764e-02
3.793665e-03  0.000000e+00  0.000000e+00  0.000000e+00  0.000000e+00  0.000000e+00  0.000000e+00  1.626016e-02  0.000000e+00  0.000000e+00  0.000000e+00  0.000000e+00  0.000000e+00  3.252033e-03  1.626016e-02
3.972718e-03  0.000000e+00  0.000000e+00  0.000000e+00  0.000000e+00  0.000000e+00  0.000000e+00  2.560976e-02  0.000000e+00  0.000000e+00  0.000000e+00  0.000000e+00  0.000000e+00  1.056911e-02  2.560976e-02
4.160222e-03  0.000000e+00  0.000000e+00  0.000000e+00  0.000000e+00  0.000000e+00  0.000000e+00  1.951220e-02  0.000000e+00  0.000000e+00  0.000000e+00  0.000000e+00  0.000000e+00  1.056911e-02  1.951220e-02
4.356576e-03  0.000000e+00  0.000000e+00  0.000000e+00  0.000000e+00  0.000000e+00  0.000000e+00  1.707317e-02  0.000000e+00  0.000000e+00  0.000000e+00  0.000000e+00  0.000000e+00  1.097561e-02  1.707317e-02
4.562198e-03  0.000000e+00  0.000000e+00  0.000000e+00  0.000000e+00  0.000000e+00  0.000000e+00  1.544715e-02  0.000000e+00  0.000000e+00  0.000000e+00  0.000000e+00  0.000000e+00  5.691057e-03  1.544715e-02
4.777525e-03  0.000000e+00  0.000000e+00  0.000000e+00  0.000000e+00  0.000000e+00  0.000000e+00  1.138211e-02  0.000000e+00  0.000000e+00  0.000000e+00  0.000000e+00  0.000000e+00  1.178862e-02  1.138211e-02
5.003014e-03  0.000000e+00  0.000000e+00  0.000000e+00  0.000000e+00  0.000000e+00  0.000000e+00  1.869919e-02  0.000000e+00  0.000000e+00  0.000000e+00  0.000000e+00  0.000000e+00  1.016260e-02  1.869919e-02
5.239146e-03  0.000000e+00  0.000000e+00  0.000000e+00  0.000000e+00  0.000000e+00  0.000000e+00  1.869919e-02  0.000000e+00  0.000000e+00  0.000000e+00  0.000000e+00  0.000000e+00  1.341463e-02  1.869919e-02
5.486423e-03  0.000000e+00  0.000000e+00  0.000000e+00  0.000000e+00  0.000000e+00  0.000000e+00  1.788618e-02  0.000000e+00  0.000000e+00  0.000000e+00  0.000000e+00  8.130081e-04  1.260163e-02  1.788618e-02
5.745371e-03  0.000000e+00  0.000000e+00  0.000000e+00  0.000000e+00  0.000000e+00  0.000000e+00  1.382114e-02  0.000000e+00  0.000000e+00  0.000000e+00  0.000000e+00  4.471545e-03  1.829268e-02  1.382114e-02
6.016541e-03  0.000000e+00  0.000000e+00  0.000000e+00  0.000000e+00  0.000000e+00  1.626016e-03  1.707317e-02  0.000000e+00  0.000000e+00  0.000000e+00  0.000000e+00  7.723577e-03  1.178862e-02  1.707317e-02
6.300510e-03  0.000000e+00  0.000000e+00  0.000000e+00  0.000000e+00  0.000000e+00  1.056911e-02  1.544715e-02  0.000000e+00  0.000000e+00  0.000000e+00  0.000000e+00  4.471545e-03  1.056911e-02  1.544715e-02
6.597881e-03  0.000000e+00  0.000000e+00  0.000000e+00  0.000000e+00  0.000000e+00  1.544715e-02  1.707317e-02  0.000000e+00  0.000000e+00  0.000000e+00  0.000000e+00  6.504065e-03  1.544715e-02  1.707317e-02
6.909288e-03  0.000000e+00  0.000000e+00  0.000000e+00  0.000000e+00  0.000000e+00  1.747967e-02  1.707317e-02  0.000000e+00  0.000000e+00  0.000000e+00  0.000000e+00  6.504065e-03  1.747967e-02  1.707317e-02
7.235392e-03  0.000000e+00  0.000000e+00  0.000000e+00  0.000000e+00  0.000000e+00  2.195122e-02  1.016260e-02  0.000000e+00  0.000000e+00  0.000000e+00  0.000000e+00  8.130081e-03  2.195122e-02  1.016260e-02
7.576888e-03  0.000000e+00  0.000000e+00  0.000000e+00  0.000000e+00  0.000000e+00  1.991870e-02  9.756098e-03  0.000000e+00  0.000000e+00  0.000000e+00  0.000000e+00  1.260163e-02  1.991870e-02  9.756098e-03
7.934502e-03  0.000000e+00  0.000000e+00  0.000000e+00  0.000000e+00  0.000000e+00  1.219512e-02  1.260163e-02  0.000000e+00  0.000000e+00  0.000000e+00  0.000000e+00  1.341463e-02  1.219512e-02  1.260163e-02
8.308994e-03  0.000000e+00  0.000000e+00  0.000000e+00  0.000000e+00  0.000000e+00  2.235772e-02  1.422764e-02  0.000000e+00  0.000000e+00  0.000000e+00  0.000000e+00  8.943089e-03  2.235772e-02  1.504065e-02
8.701162e-03  0.000000e+00  0.000000e+00  0.000000e+00  0.000000e+00  0.000000e+00  1.666667e-02  0.000000e+00  0.000000e+00  0.000000e+00  0.000000e+00  0.000000e+00  1.219512e-02  1.666667e-02  8.130081e-03
9.111839e-03  0.000000e+00  0.000000e+00  0.000000e+00  0.000000e+00  0.000000e+00  1.788618e-02  0.000000e+00  0.000000e+00  0.000000e+00  0.000000e+00  0.000000e+00  1.382114e-02  1.788618e-02  1.341463e-02
9.541899e-03  0.000000e+00  0.000000e+00  0.000000e+00  0.000000e+00  0.000000e+00  1.788618e-02  0.000000e+00  0.000000e+00  0.000000e+00  0.000000e+00  1.219512e-03  1.422764e-02  1.788618e-02  1.422764e-02
9.992258e-03  0.000000e+00  0.000000e+00  0.000000e+00  0.000000e+00  0.000000e+00  1.869919e-02  0.000000e+00  0.000000e+00  0.000000e+00  0.000000e+00  3.252033e-03  1.260163e-02  1.869919e-02  8.130081e-03
1.046387e-02  0.000000e+00  0.000000e+00  0.000000e+00  0.000000e+00  1.056911e-02  2.113821e-02  0.000000e+00  0.000000e+00  0.000000e+00  0.000000e+00  4.878049e-03  1.910569e-02  2.113821e-02  7.723577e-03
1.095775e-02  0.000000e+00  0.000000e+00  0.000000e+00  0.000000e+00  1.626016e-02  2.357724e-02  0.000000e+00  0.000000e+00  0.000000e+00  0.000000e+00  6.097561e-03  1.626016e-02  2.357724e-02  7.723577e-03
1.147493e-02  0.000000e+00  0.000000e+00  0.000000e+00  0.000000e+00  2.113821e-02  2.357724e-02  0.000000e+00  0.000000e+00  0.000000e+00  0.000000e+00  7.723577e-03  2.113821e-02  2.357724e-02  1.016260e-02
1.201652e-02  0.000000e+00  0.000000e+00  0.000000e+00  0.000000e+00  1.910569e-02  2.723577e-02  0.000000e+00  0.000000e+00  0.000000e+00  0.000000e+00  1.016260e-02  1.910569e-02  2.723577e-02  7.723577e-03
1.258368e-02  0.000000e+00  0.000000e+00  0.000000e+00  0.000000e+00  1.260163e-02  2.154472e-02  0.000000e+00  0.000000e+00  0.000000e+00  0.000000e+00  6.097561e-03  1.260163e-02  2.154472e-02  7.317073e-03
1.317760e-02  0.000000e+00  0.000000e+00  0.000000e+00  0.000000e+00  1.991870e-02  2.032520e-02  0.000000e+00  0.000000e+00  0.000000e+00  0.000000e+00  1.504065e-02  1.991870e-02  2.032520e-02  6.097561e-03
1.379956e-02  0.000000e+00  0.000000e+00  0.000000e+00  0.000000e+00  1.829268e-02  2.520325e-02  0.000000e+00  0.000000e+00  0.000000e+00  0.000000e+00  1.178862e-02  1.829268e-02  2.520325e-02  3.658537e-03
1.445087e-02  0.000000e+00  0.000000e+00  0.000000e+00  0.000000e+00  2.560976e-02  2.113821e-02  0.000000e+00  0.000000e+00  0.000000e+00  0.000000e+00  1.016260e-02  2.560976e-02  2.113821e-02  7.317073e-03
1.513292e-02  0.000000e+00  0.000000e+00  0.000000e+00  0.000000e+00  2.276423e-02  1.747967e-02  0.000000e+00  0.000000e+00  0.000000e+00  0.000000e+00  1.056911e-02  2.276423e-02  1.747967e-02  8.943089e-03
1.584716e-02  0.000000e+00  0.000000e+00  0.000000e+00  0.000000e+00  2.845528e-02  2.439024e-02  0.000000e+00  0.000000e+00  0.000000e+00  0.000000e+00  1.422764e-02  2.845528e-02  2.439024e-02  4.878049e-03
1.659512e-02  0.000000e+00  0.000000e+00  0.000000e+00  0.000000e+00  2.073171e-02  2.276423e-02  0.000000e+00  0.000000e+00  0.000000e+00  0.000000e+00  1.707317e-02  2.073171e-02  2.276423e-02  4.471545e-03
1.737837e-02  0.000000e+00  0.000000e+00  0.000000e+00  2.845528e-03  2.682927e-02  2.073171e-02  0.000000e+00  0.000000e+00  0.000000e+00  0.000000e+00  1.951220e-02  2.682927e-02  2.073171e-02  5.284553e-03
1.819860e-02  0.000000e+00  0.000000e+00  0.000000e+00  1.788618e-02  2.317073e-02  2.398374e-02  0.000000e+00  0.000000e+00  0.000000e+00  1.219512e-03  1.788618e-02  2.317073e-02  2.398374e-02  4.878049e-03
1.905753e-02  0.000000e+00  0.000000e+00  0.000000e+00  1.869919e-02  3.292683e-02  1.869919e-02  0.000000e+00  0.000000e+00  0.000000e+00  5.691057e-03  1.869919e-02  3.292683e-02  1.869919e-02  2.845528e-03
1.995701e-02  0.000000e+00  0.000000e+00  0.000000e+00  2.032520e-02  1.788618e-02  1.951220e-02  0.000000e+00  0.000000e+00  0.000000e+00  2.845528e-03  2.032520e-02  1.788618e-02  1.951220e-02  1.219512e-03
2.089894e-02  0.000000e+00  0.000000e+00  0.000000e+00  2.276423e-02  2.601626e-02  2.276423e-02  0.000000e+00  0.000000e+00  0.000000e+00  5.691057e-03  2.276423e-02  2.601626e-02  2.276423e-02  0.000000e+00
2.188533e-02  0.000000e+00  0.000000e+00  0.000000e+00  2.479675e-02  2.398374e-02  2.357724e-02  0.000000e+00  0.000000e+00  0.000000e+00  5.691057e-03  2.479675e-02  2.398374e-02  2.357724e-02  0.000000e+00
2.291827e-02  0.000000e+00  0.000000e+00  0.000000e+00  2.804878e-02  2.276423e-02  2.845528e-02  0.000000e+00  0.000000e+00  0.000000e+00  1.219512e-02  2.804878e-02  2.276423e-02  2.845528e-02  0.000000e+00
2.399997e-02  0.000000e+00  0.000000e+00  0.000000e+00  2.439024e-02  2.926829e-02  1.585366e-02  0.000000e+00  0.000000e+00  0.000000e+00  1.056911e-02  2.439024e-02  2.926829e-02  1.585366e-02  0.000000e+00
2.513272e-02  0.000000e+00  0.000000e+00  0.000000e+00  2.601626e-02  2.560976e-02  1.626016e-02  0.000000e+00  0.000000e+00  0.000000e+00  1.463415e-02  2.601626e-02  2.560976e-02  1.626016e-02  0.000000e+00
2.631893e-02  0.000000e+00  0.000000e+00  0.000000e+00  2.073171e-02  2.195122e-02  2.195122e-02  0.000000e+00  0.000000e+00  0.000000e+00  9.349593e-03  2.073171e-02  2.195122e-02  2.195122e-02  0.000000e+00
2.756113e-02  0.000000e+00  0.000000e+00  0.000000e+00  1.951220e-02  2.439024e-02  1.951220e-02  0.000000e+00  0.000000e+00  0.000000e+00  1.910569e-02  1.951220e-02  2.439024e-02  1.951220e-02  0.000000e+00
2.886196e-02  0.000000e+00  0.000000e+00  0.000000e+00  3.414634e-02  1.788618e-02  7.317073e-03  0.000000e+00  0.000000e+00  0.000000e+00  1.138211e-02  3.414634e-02  1.788618e-02  1.341463e-02  0.000000e+00
3.022419e-02  0.000000e+00  0.000000e+00  0.000000e+00  2.520325e-02  2.601626e-02  0.000000e+00  0.000000e+00  0.000000e+00  0.000000e+00  1.504065e-02  2.520325e-02  2.601626e-02  1.504065e-02  0.000000e+00
3.165071e-02  0.000000e+00  0.000000e+00  0.000000e+00  2.520325e-02  2.032520e-02  0.000000e+00  0.000000e+00  0.000000e+00  4.065041e-04  1.869919e-02  2.520325e-02  2.032520e-02  1.626016e-02  0.000000e+00
3.314456e-02  0.000000e+00  0.000000e+00  1.707317e-02  2.601626e-02  2.682927e-02  0.000000e+00  0.000000e+00  0.000000e+00  7.317073e-03  1.991870e-02  2.601626e-02  2.682927e-02  1.422764e-02  0.000000e+00
3.470891e-02  0.000000e+00  0.000000e+00  2.560976e-02  2.926829e-02  2.520325e-02  0.000000e+00  0.000000e+00  0.000000e+00  9.349593e-03  2.560976e-02  2.926829e-02  2.520325e-02  1.300813e-02  0.000000e+00
3.634711e-02  0.000000e+00  0.000000e+00  2.154472e-02  2.560976e-02  2.154472e-02  0.000000e+00  0.000000e+00  0.000000e+00  1.097561e-02  2.154472e-02  2.560976e-02  2.154472e-02  9.756098e-03  0.000000e+00
3.806261e-02  0.000000e+00  0.000000e+00  2.235772e-02  2.804878e-02  1.666667e-02  0.000000e+00  0.000000e+00  0.000000e+00  8.943089e-03  2.235772e-02  2.804878e-02  1.666667e-02  1.016260e-02  0.000000e+00
3.985909e-02  0.000000e+00  0.000000e+00  2.601626e-02  3.292683e-02  1.747967e-02  0.000000e+00  0.000000e+00  0.000000e+00  1.300813e-02  2.601626e-02  3.292683e-02  1.747967e-02  8.536585e-03  0.000000e+00
4.174036e-02  0.000000e+00  0.000000e+00  2.357724e-02  2.804878e-02  1.747967e-02  0.000000e+00  0.000000e+00  0.000000e+00  1.056911e-02  2.357724e-02  2.804878e-02  1.869919e-02  1.178862e-02  0.000000e+00
4.371042e-02  0.000000e+00  0.000000e+00  2.642276e-02  3.170732e-02  0.000000e+00  0.000000e+00  0.000000e+00  0.000000e+00  1.219512e-02  2.642276e-02  3.170732e-02  1.788618e-02  8.130081e-03  0.000000e+00
4.577347e-02  0.000000e+00  0.000000e+00  2.764228e-02  3.008130e-02  0.000000e+00  0.000000e+00  0.000000e+00  0.000000e+00  1.585366e-02  2.764228e-02  3.008130e-02  2.276423e-02  7.317073e-03  0.000000e+00
4.793388e-02  0.000000e+00  0.000000e+00  3.252033e-02  2.032520e-02  0.000000e+00  0.000000e+00  0.000000e+00  0.000000e+00  1.585366e-02  3.252033e-02  2.032520e-02  1.504065e-02  4.471545e-03  0.000000e+00
5.019626e-02  0.000000e+00  0.000000e+00  3.048780e-02  2.317073e-02  0.000000e+00  0.000000e+00  0.000000e+00  0.000000e+00  1.707317e-02  3.048780e-02  2.317073e-02  1.504065e-02  4.471545e-03  0.000000e+00
5.256542e-02  0.000000e+00  1.178862e-02  3.414634e-02  2.235772e-02  0.000000e+00  0.000000e+00  0.000000e+00  0.000000e+00  2.520325e-02  3.414634e-02  2.235772e-02  1.341463e-02  2.845528e-03  0.000000e+00
5.504641e-02  0.000000e+00  1.707317e-02  3.252033e-02  2.357724e-02  0.000000e+00  0.000000e+00  0.000000e+00  0.000000e+00  1.707317e-02  3.252033e-02  2.357724e-02  7.317073e-03  2.845528e-03  0.000000e+00
5.764448e-02  0.000000e+00  2.073171e-02  3.170732e-02  2.073171e-02  0.000000e+00  0.000000e+00  0.000000e+00  0.000000e+00  2.073171e-02  3.170732e-02  2.073171e-02  8.130081e-03  0.000000e+00  0.000000e+00
6.036519e-02  0.000000e+00  2.723577e-02  2.479675e-02  2.601626e-02  0.000000e+00  0.000000e+00  0.000000e+00  0.000000e+00  2.723577e-02  2.479675e-02  2.601626e-02  8.536585e-03  0.000000e+00  0.000000e+00
6.321430e-02  0.000000e+00  3.211382e-02  2.804878e-02  1.219512e-03  0.000000e+00  0.000000e+00  0.000000e+00  0.000000e+00  3.211382e-02  2.804878e-02  2.276423e-02  7.317073e-03  0.000000e+00  0.000000e+00
6.619789e-02  0.000000e+00  2.804878e-02  3.536585e-02  0.000000e+00  0.000000e+00  0.000000e+00  0.000000e+00  0.000000e+00  2.804878e-02  3.536585e-02  1.666667e-02  5.691057e-03  0.000000e+00  0.000000e+00
6.932229e-02  0.000000e+00  2.804878e-02  3.536585e-02  0.000000e+00  0.000000e+00  0.000000e+00  0.000000e+00  0.000000e+00  2.804878e-02  3.536585e-02  1.869919e-02  4.065041e-03  0.000000e+00  0.000000e+00
7.259417e-02  0.000000e+00  3.983740e-02  3.373984e-02  0.000000e+00  0.000000e+00  0.000000e+00  0.000000e+00  0.000000e+00  3.983740e-02  3.373984e-02  1.382114e-02  6.097561e-03  0.000000e+00  0.000000e+00
7.602046e-02  0.000000e+00  2.723577e-02  2.845528e-02  0.000000e+00  0.000000e+00  0.000000e+00  0.000000e+00  0.000000e+00  2.723577e-02  2.845528e-02  1.260163e-02  2.439024e-03  0.000000e+00  0.000000e+00
7.960848e-02  0.000000e+00  3.333333e-02  2.845528e-02  0.000000e+00  0.000000e+00  0.000000e+00  0.000000e+00  1.626016e-03  3.333333e-02  2.845528e-02  8.943089e-03  0.000000e+00  0.000000e+00  0.000000e+00
8.336583e-02  0.000000e+00  3.536585e-02  2.764228e-02  0.000000e+00  0.000000e+00  0.000000e+00  0.000000e+00  7.723577e-03  3.536585e-02  2.764228e-02  9.756098e-03  0.000000e+00  0.000000e+00  0.000000e+00
8.730053e-02  0.000000e+00  4.024390e-02  2.764228e-02  0.000000e+00  0.000000e+00  0.000000e+00  0.000000e+00  4.065041e-03  4.024390e-02  2.764228e-02  7.317073e-03  0.000000e+00  0.000000e+00  0.000000e+00
9.142094e-02  0.000000e+00  3.658537e-02  3.008130e-02  0.000000e+00  0.000000e+00  0.000000e+00  0.000000e+00  6.910569e-03  3.658537e-02  3.008130e-02  6.504065e-03  0.000000e+00  0.000000e+00  0.000000e+00
9.573582e-02  0.000000e+00  2.967480e-02  1.991870e-02  0.000000e+00  0.000000e+00  0.000000e+00  0.000000e+00  1.056911e-02  2.967480e-02  1.991870e-02  5.691057e-03  0.000000e+00  0.000000e+00  0.000000e+00
1.002544e-01  0.000000e+00  3.495935e-02  8.536585e-03  0.000000e+00  0.000000e+00  0.000000e+00  0.000000e+00  1.097561e-02  3.495935e-02  2.154472e-02  6.097561e-03  0.000000e+00  0.000000e+00  0.000000e+00
1.049862e-01  0.000000e+00  3.089431e-02  0.000000e+00  0.000000e+00  0.000000e+00  0.000000e+00  0.000000e+00  8.130081e-03  3.089431e-02  1.788618e-02  5.284553e-03  0.000000e+00  0.000000e+00  0.000000e+00
1.099413e-01  0.000000e+00  3.373984e-02  0.000000e+00  0.000000e+00  0.000000e+00  0.000000e+00  0.000000e+00  1.138211e-02  3.373984e-02  1.707317e-02  2.032520e-03  0.000000e+00  0.000000e+00  0.000000e+00
1.151303e-01  0.000000e+00  3.170732e-02  0.000000e+00  0.000000e+00  0.000000e+00  0.000000e+00  0.000000e+00  1.626016e-02  3.170732e-02  1.626016e-02  0.000000e+00  0.000000e+00  0.000000e+00  0.000000e+00
1.205642e-01  0.000000e+00  3.211382e-02  0.000000e+00  0.000000e+00  0.000000e+00  0.000000e+00  0.000000e+00  1.382114e-02  3.211382e-02  1.382114e-02  0.000000e+00  0.000000e+00  0.000000e+00  0.000000e+00
1.262546e-01  0.000000e+00  2.845528e-02  0.000000e+00  0.000000e+00  0.000000e+00  0.000000e+00  0.000000e+00  2.195122e-02  2.845528e-02  9.349593e-03  0.000000e+00  0.000000e+00  0.000000e+00  0.000000e+00
1.322136e-01  2.845528e-03  2.967480e-02  0.000000e+00  0.000000e+00  0.000000e+00  0.000000e+00  0.000000e+00  2.439024e-02  2.967480e-02  1.097561e-02  0.000000e+00  0.000000e+00  0.000000e+00  0.000000e+00
1.384538e-01  2.195122e-02  2.967480e-02  0.000000e+00  0.000000e+00  0.000000e+00  0.000000e+00  0.000000e+00  2.195122e-02  2.967480e-02  1.097561e-02  0.000000e+00  0.000000e+00  0.000000e+00  0.000000e+00
1.449885e-01  2.601626e-02  1.910569e-02  0.000000e+00  0.000000e+00  0.000000e+00  0.000000e+00  0.000000e+00  2.601626e-02  1.910569e-02  8.943089e-03  0.000000e+00  0.000000e+00  0.000000e+00  0.000000e+00
1.518317e-01  2.235772e-02  2.032520e-03  0.000000e+00  0.000000e+00  0.000000e+00  0.000000e+00  0.000000e+00  2.235772e-02  1.747967e-02  4.065041e-03  0.000000e+00  0.000000e+00  0.000000e+00  0.000000e+00
1.589978e-01  3.536585e-02  0.000000e+00  0.000000e+00  0.000000e+00  0.000000e+00  0.000000e+00  0.000000e+00  3.536585e-02  2.073171e-02  6.910569e-03  0.000000e+00  0.000000e+00  0.000000e+00  0.000000e+00
1.665022e-01  2.764228e-02  0.000000e+00  0.000000e+00  0.000000e+00  0.000000e+00  0.000000e+00  0.000000e+00  2.764228e-02  1.747967e-02  2.439024e-03  0.000000e+00  0.000000e+00  0.000000e+00  0.000000e+00
1.743608e-01  3.008130e-02  0.000000e+00  0.000000e+00  0.000000e+00  0.000000e+00  0.000000e+00  0.000000e+00  3.008130e-02  1.341463e-02  2.439024e-03  0.000000e+00  0.000000e+00  0.000000e+00  0.000000e+00
1.825903e-01  3.333333e-02  0.000000e+00  0.000000e+00  0.000000e+00  0.000000e+00  0.000000e+00  0.000000e+00  3.333333e-02  1.382114e-02  8.130081e-04  0.000000e+00  0.000000e+00  0.000000e+00  0.000000e+00
1.912081e-01  4.552846e-02  0.000000e+00  0.000000e+00  0.000000e+00  0.000000e+00  0.000000e+00  0.000000e+00  4.552846e-02  1.300813e-02  0.000000e+00  0.000000e+00  0.000000e+00  0.000000e+00  0.000000e+00
2.002328e-01  3.089431e-02  0.000000e+00  0.000000e+00  0.000000e+00  0.000000e+00  0.000000e+00  0.000000e+00  3.089431e-02  9.349593e-03  0.000000e+00  0.000000e+00  0.000000e+00  0.000000e+00  0.000000e+00
2.096834e-01  3.983740e-02  0.000000e+00  0.000000e+00  0.000000e+00  0.000000e+00  0.000000e+00  0.000000e+00  3.983740e-02  8.130081e-03  0.000000e+00  0.000000e+00  0.000000e+00  0.000000e+00  0.000000e+00
2.195800e-01  4.146341e-02  0.000000e+00  0.000000e+00  0.000000e+00  0.000000e+00  0.000000e+00  0.000000e+00  4.146341e-02  6.910569e-03  0.000000e+00  0.000000e+00  0.000000e+00  0.000000e+00  0.000000e+00
2.299437e-01  3.861789e-02  0.000000e+00  0.000000e+00  0.000000e+00  0.000000e+00  0.000000e+00  0.000000e+00  3.861789e-02  4.878049e-03  0.000000e+00  0.000000e+00  0.000000e+00  0.000000e+00  0.000000e+00
2.407966e-01  3.577236e-02  0.000000e+00  0.000000e+00  0.000000e+00  0.000000e+00  0.000000e+00  0.000000e+00  3.577236e-02  7.317073e-03  0.000000e+00  0.000000e+00  0.000000e+00  0.000000e+00  0.000000e+00
2.521617e-01  3.211382e-02  0.000000e+00  0.000000e+00  0.000000e+00  0.000000e+00  0.000000e+00  0.000000e+00  3.211382e-02  3.658537e-03  0.000000e+00  0.000000e+00  0.000000e+00  0.000000e+00  0.000000e+00
2.640632e-01  4.268293e-02  0.000000e+00  0.000000e+00  0.000000e+00  0.000000e+00  0.000000e+00  0.000000e+00  4.268293e-02  8.130081e-04  0.000000e+00  0.000000e+00  0.000000e+00  0.000000e+00  0.000000e+00
2.765265e-01  4.186992e-02  0.000000e+00  0.000000e+00  0.000000e+00  0.000000e+00  0.000000e+00  0.000000e+00  4.186992e-02  0.000000e+00  0.000000e+00  0.000000e+00  0.000000e+00  0.000000e+00  0.000000e+00
2.895780e-01  3.252033e-02  0.000000e+00  0.000000e+00  0.000000e+00  0.000000e+00  0.000000e+00  0.000000e+00  3.252033e-02  0.000000e+00  0.000000e+00  0.000000e+00  0.000000e+00  0.000000e+00  0.000000e+00
3.032455e-01  2.764228e-02  0.000000e+00  0.000000e+00  0.000000e+00  0.000000e+00  0.000000e+00  0.000000e+00  2.764228e-02  0.000000e+00  0.000000e+00  0.000000e+00  0.000000e+00  0.000000e+00  0.000000e+00
3.175580e-01  3.008130e-02  0.000000e+00  0.000000e+00  0.000000e+00  0.000000e+00  0.000000e+00  0.000000e+00  3.008130e-02  0.000000e+00  0.000000e+00  0.000000e+00  0.000000e+00  0.000000e+00  0.000000e+00
3.325461e-01  2.073171e-02  0.000000e+00  0.000000e+00  0.000000e+00  0.000000e+00  0.000000e+00  0.000000e+00  2.073171e-02  0.000000e+00  0.000000e+00  0.000000e+00  0.000000e+00  0.000000e+00  0.000000e+00
3.482416e-01  2.032520e-02  0.000000e+00  0.000000e+00  0.000000e+00  0.000000e+00  0.000000e+00  0.000000e+00  2.276423e-02  0.000000e+00  0.000000e+00  0.000000e+00  0.000000e+00  0.000000e+00  0.000000e+00
3.646779e-01  0.000000e+00  0.000000e+00  0.000000e+00  0.000000e+00  0.000000e+00  0.000000e+00  0.000000e+00  2.235772e-02  0.000000e+00  0.000000e+00  0.000000e+00  0.000000e+00  0.000000e+00  0.000000e+00
3.818900e-01  0.000000e+00  0.000000e+00  0.000000e+00  0.000000e+00  0.000000e+00  0.000000e+00  0.000000e+00  1.747967e-02  0.000000e+00  0.000000e+00  0.000000e+00  0.000000e+00  0.000000e+00  0.000000e+00
3.999144e-01  0.000000e+00  0.000000e+00  0.000000e+00  0.000000e+00  0.000000e+00  0.000000e+00  0.000000e+00  1.422764e-02  0.000000e+00  0.000000e+00  0.000000e+00  0.000000e+00  0.000000e+00  0.000000e+00
4.187896e-01  0.000000e+00  0.000000e+00  0.000000e+00  0.000000e+00  0.000000e+00  0.000000e+00  0.000000e+00  1.585366e-02  0.000000e+00  0.000000e+00  0.000000e+00  0.000000e+00  0.000000e+00  0.000000e+00
4.385556e-01  0.000000e+00  0.000000e+00  0.000000e+00  0.000000e+00  0.000000e+00  0.000000e+00  0.000000e+00  1.138211e-02  0.000000e+00  0.000000e+00  0.000000e+00  0.000000e+00  0.000000e+00  0.000000e+00
4.592545e-01  0.000000e+00  0.000000e+00  0.000000e+00  0.000000e+00  0.000000e+00  0.000000e+00  0.000000e+00  1.138211e-02  0.000000e+00  0.000000e+00  0.000000e+00  0.000000e+00  0.000000e+00  0.000000e+00
4.809304e-01  0.000000e+00  0.000000e+00  0.000000e+00  0.000000e+00  0.000000e+00  0.000000e+00  0.000000e+00  1.056911e-02  0.000000e+00  0.000000e+00  0.000000e+00  0.000000e+00  0.000000e+00  0.000000e+00
5.036294e-01  0.000000e+00  0.000000e+00  0.000000e+00  0.000000e+00  0.000000e+00  0.000000e+00  0.000000e+00  8.130081e-03  0.000000e+00  0.000000e+00  0.000000e+00  0.000000e+00  0.000000e+00  0.000000e+00
5.273996e-01  0.000000e+00  0.000000e+00  0.000000e+00  0.000000e+00  0.000000e+00  0.000000e+00  0.000000e+00  8.536585e-03  0.000000e+00  0.000000e+00  0.000000e+00  0.000000e+00  0.000000e+00  0.000000e+00
5.522918e-01  0.000000e+00  0.000000e+00  0.000000e+00  0.000000e+00  0.000000e+00  0.000000e+00  0.000000e+00  6.910569e-03  0.000000e+00  0.000000e+00  0.000000e+00  0.000000e+00  0.000000e+00  0.000000e+00
5.783589e-01  0.000000e+00  0.000000e+00  0.000000e+00  0.000000e+00  0.000000e+00  0.000000e+00  0.000000e+00  5.691057e-03  0.000000e+00  0.000000e+00  0.000000e+00  0.000000e+00  0.000000e+00  0.000000e+00
