1.668189e-04  0.000000e+00  0.000000e+00  0.000000e+00  0.000000e+00  0.000000e+00  0.000000e+00  0.000000e+00  0.000000e+00  0.000000e+00  0.000000e+00  0.000000e+00  0.000000e+00  0.000000e+00  5.229682e-03
1.744041e-04  0.000000e+00  0.000000e+00  0.000000e+00  0.000000e+00  0.000000e+00  0.000000e+00  0.000000e+00  0.000000e+00  0.000000e+00  0.000000e+00  0.000000e+00  0.000000e+00  0.000000e+00  4.240283e-03
1.823342e-04  0.000000e+00  0.000000e+00  0.000000e+00  0.000000e+00  0.000000e+00  0.000000e+00  0.000000e+00  0.000000e+00  0.000000e+00  0.000000e+00  0.000000e+00  0.000000e+00  0.000000e+00  3.816254e-03
1.906249e-04  0.000000e+00  0.000000e+00  0.000000e+00  0.000000e+00  0.000000e+00  0.000000e+00  0.000000e+00  0.000000e+00  0.000000e+00  0.000000e+00  0.000000e+00  0.000000e+00  0.000000e+00  4.805654e-03
1.992926e-04  0.000000e+00  0.000000e+00  0.000000e+00  0.000000e+00  0.000000e+00  0.000000e+00  0.000000e+00  0.000000e+00  0.000000e+00  0.000000e+00  0.000000e+00  0.000000e+00  0.000000e+00  8.056537e-03
2.083544e-04  0.000000e+00  0.000000e+00  0.000000e+00  0.000000e+00  0.000000e+00  0.000000e+00  0.000000e+00  0.000000e+00  0.000000e+00  0.000000e+00  0.000000e+00  0.000000e+00  0.000000e+00  7.208481e-03
2.178283e-04  0.000000e+00  0.000000e+00  0.000000e+00  0.000000e+00  0.000000e+00  0.000000e+00  0.000000e+00  0.000000e+00  0.000000e+00  0.000000e+00  0.000000e+00  0.000000e+00  0.000000e+00  8.056537e-03
2.277329e-04  0.000000e+00  0.000000e+00  0.000000e+00  0.000000e+00  0.000000e+00  0.000000e+00  0.000000e+00  0.000000e+00  0.000000e+00  0.000000e+00  0.000000e+00  0.000000e+00  0.000000e+00  8.197880e-03
2.380879e-04  0.000000e+00  0.000000e+00  0.000000e+00  0.000000e+00  0.000000e+00  0.000000e+00  0.000000e+00  0.000000e+00  0.000000e+00  0.000000e+00  0.000000e+00  0.000000e+00  0.000000e+00  9.187279e-03
2.489137e-04  0.000000e+00  0.000000e+00  0.000000e+00  0.000000e+00  0.000000e+00  0.000000e+00  0.000000e+00  0.000000e+00  0.000000e+00  0.000000e+00  0.000000e+00  0.000000e+00  0.000000e+00  1.003534e-02
2.602318e-04  0.000000e+00  0.000000e+00  0.000000e+00  0.000000e+00  0.000000e+00  0.000000e+00  0.000000e+00  0.000000e+00  0.000000e+00  0.000000e+00  0.000000e+00  0.000000e+00  0.000000e+00  9.893993e-03
2.720645e-04  0.000000e+00  0.000000e+00  0.000000e+00  0.000000e+00  0.000000e+00  0.000000e+00  0.000000e+00  0.000000e+00  0.000000e+00  0.000000e+00  0.000000e+00  0.000000e+00  0.000000e+00  1.060071e-02
2.844352e-04  0.000000e+00  0.000000e+00  0.000000e+00  0.000000e+00  0.000000e+00  0.000000e+00  0.000000e+00  0.000000e+00  0.000000e+00  0.000000e+00  0.000000e+00  0.000000e+00  0.000000e+00  1.031802e-02
2.973684e-04  0.000000e+00  0.000000e+00  0.000000e+00  0.000000e+00  0.000000e+00  0.000000e+00  0.000000e+00  0.000000e+00  0.000000e+00  0.000000e+00  0.000000e+00  0.000000e+00  0.000000e+00  1.017668e-02
3.108897e-04  0.000000e+00  0.000000e+00  0.000000e+00  0.000000e+00  0.000000e+00  0.000000e+00  0.000000e+00  0.000000e+00  0.000000e+00  0.000000e+00  0.000000e+00  0.000000e+00  0.000000e+00  1.554770e-02
3.250258e-04  0.000000e+00  0.000000e+00  0.000000e+00  0.000000e+00  0.000000e+00  0.000000e+00  2.402827e-03  0.000000e+00  0.000000e+00  0.000000e+00  0.000000e+00  0.000000e+00  0.000000e+00  1.201413e-02
3.398047e-04  0.000000e+00  0.000000e+00  0.000000e+00  0.000000e+00  0.000000e+00  0.000000e+00  1.455830e-02  0.000000e+00  0.000000e+00  0.000000e+00  0.000000e+00  0.000000e+00  0.000000e+00  1.455830e-02
3.552556e-04  0.000000e+00  0.000000e+00  0.000000e+00  0.000000e+00  0.000000e+00  0.000000e+00  1.371025e-02  0.000000e+00  0.000000e+00  0.000000e+00  0.000000e+00  0.000000e+00  0.000000e+00  1.371025e-02
3.714090e-04  0.000000e+00  0.000000e+00  0.000000e+00  0.000000e+00  0.000000e+00  0.000000e+00  1.696113e-02  0.000000e+00  0.000000e+00  0.000000e+00  0.000000e+00  0.000000e+00  0.000000e+00  1.696113e-02
3.882969e-04  0.000000e+00  0.000000e+00  0.000000e+00  0.000000e+00  0.000000e+00  0.000000e+00  1.272085e-02  0.000000e+00  0.000000e+00  0.000000e+00  0.000000e+00  0.000000e+00  0.000000e+00  1.272085e-02
4.059527e-04  0.000000e+00  0.000000e+00  0.000000e+00  0.000000e+00  0.000000e+00  0.000000e+00  1.766784e-02  0.000000e+00  0.000000e+00  0.000000e+00  0.000000e+00  0.000000e+00  0.000000e+00  1.766784e-02
4.244113e-04  0.000000e+00  0.000000e+00  0.000000e+00  0.000000e+00  0.000000e+00  0.000000e+00  1.512367e-02  0.000000e+00  0.000000e+00  0.000000e+00  0.000000e+00  0.000000e+00  0.000000e+00  1.512367e-02
4.437093e-04  0.000000e+00  0.000000e+00  0.000000e+00  0.000000e+00  0.000000e+00  0.000000e+00  1.780919e-02  0.000000e+00  0.000000e+00  0.000000e+00  0.000000e+00  0.000000e+00  0.000000e+00  1.780919e-02
4.638847e-04  0.000000e+00  0.000000e+00  0.000000e+00  0.000000e+00  0.000000e+00  0.000000e+00  1.625442e-02  0.000000e+00  0.000000e+00  0.000000e+00  0.000000e+00  0.000000e+00  0.000000e+00  1.625442e-02
4.849774e-04  0.000000e+00  0.000000e+00  0.000000e+00  0.000000e+00  0.000000e+00  0.000000e+00  1.625442e-02  0.000000e+00  0.000000e+00  0.000000e+00  0.000000e+00  0.000000e+00  0.000000e+00  1.625442e-02
5.070293e-04  0.000000e+00  0.000000e+00  0.000000e+00  0.000000e+00  0.000000e+00  0.000000e+00  1.639576e-02  0.000000e+00  0.000000e+00  0.000000e+00  0.000000e+00  0.000000e+00  0.000000e+00  1.639576e-02
5.300838e-04  0.000000e+00  0.000000e+00  0.000000e+00  0.000000e+00  0.000000e+00  0.000000e+00  1.625442e-02  0.000000e+00  0.000000e+00  0.000000e+00  0.000000e+00  0.000000e+00  0.000000e+00  1.625442e-02
5.541867e-04  0.000000e+00  0.000000e+00  0.000000e+00  0.000000e+00  0.000000e+00  0.000000e+00  1.823322e-02  0.000000e+00  0.000000e+00  0.000000e+00  0.000000e+00  0.000000e+00  0.000000e+00  1.823322e-02
5.793855e-04  0.000000e+00  0.000000e+00  0.000000e+00  0.000000e+00  0.000000e+00  0.000000e+00  1.780919e-02  0.000000e+00  0.000000e+00  0.000000e+00  0.000000e+00  0.000000e+00  0.000000e+00  1.780919e-02
6.057300e-04  0.000000e+00  0.000000e+00  0.000000e+00  0.000000e+00  0.000000e+00  0.000000e+00  1.568905e-02  0.000000e+00  0.000000e+00  0.000000e+00  0.000000e+00  0.000000e+00  6.077739e-03  1.568905e-02
6.332725e-04  0.000000e+00  0.000000e+00  0.000000e+00  0.000000e+00  0.000000e+00  0.000000e+00  1.583039e-02  0.000000e+00  0.000000e+00  0.000000e+00  0.000000e+00  0.000000e+00  8.339223e-03  1.583039e-02
6.620673e-04  0.000000e+00  0.000000e+00  0.000000e+00  0.000000e+00  0.000000e+00  0.000000e+00  1.526502e-02  0.000000e+00  0.000000e+00  0.000000e+00  0.000000e+00  0.000000e+00  4.805654e-03  1.526502e-02
6.921714e-04  0.000000e+00  0.000000e+00  0.000000e+00  0.000000e+00  0.000000e+00  0.000000e+00  1.809187e-02  0.000000e+00  0.000000e+00  0.000000e+00  0.000000e+00  0.000000e+00  7.349823e-03  1.809187e-02
7.236444e-04  0.000000e+00  0.000000e+00  0.000000e+00  0.000000e+00  0.000000e+00  0.000000e+00  1.950530e-02  0.000000e+00  0.000000e+00  0.000000e+00  0.000000e+00  0.000000e+00  7.632509e-03  1.950530e-02
7.565484e-04  0.000000e+00  0.000000e+00  0.000000e+00  0.000000e+00  0.000000e+00  0.000000e+00  1.441696e-02  0.000000e+00  0.000000e+00  0.000000e+00  0.000000e+00  0.000000e+00  8.621908e-03  1.441696e-02
7.909485e-04  0.000000e+00  0.000000e+00  0.000000e+00  0.000000e+00  0.000000e+00  0.000000e+00  1.766784e-02  0.000000e+00  0.000000e+00  0.000000e+00  0.000000e+00  0.000000e+00  1.017668e-02  1.766784e-02
8.269128e-04  0.000000e+00  0.000000e+00  0.000000e+00  0.000000e+00  0.000000e+00  0.000000e+00  1.469965e-02  0.000000e+00  0.000000e+00  0.000000e+00  0.000000e+00  0.000000e+00  1.187279e-02  1.469965e-02
8.645124e-04  0.000000e+00  0.000000e+00  0.000000e+00  0.000000e+00  0.000000e+00  0.000000e+00  1.597173e-02  0.000000e+00  0.000000e+00  0.000000e+00  0.000000e+00  0.000000e+00  1.116608e-02  1.597173e-02
9.038217e-04  0.000000e+00  0.000000e+00  0.000000e+00  0.000000e+00  0.000000e+00  0.000000e+00  1.922261e-02  0.000000e+00  0.000000e+00  0.000000e+00  0.000000e+00  2.261484e-03  1.385159e-02  1.922261e-02
9.449183e-04  0.000000e+00  0.000000e+00  0.000000e+00  0.000000e+00  0.000000e+00  0.000000e+00  1.908127e-02  0.000000e+00  0.000000e+00  0.000000e+00  0.000000e+00  8.056537e-03  1.455830e-02  1.908127e-02
9.878836e-04  0.000000e+00  0.000000e+00  0.000000e+00  0.000000e+00  0.000000e+00  0.000000e+00  1.597173e-02  0.000000e+00  0.000000e+00  0.000000e+00  0.000000e+00  7.208481e-03  1.441696e-02  1.597173e-02
1.032803e-03  0.000000e+00  0.000000e+00  0.000000e+00  0.000000e+00  0.000000e+00  0.000000e+00  1.639576e-02  0.000000e+00  0.000000e+00  0.000000e+00  0.000000e+00  7.208481e-03  1.512367e-02  1.639576e-02
1.079764e-03  0.000000e+00  0.000000e+00  0.000000e+00  0.000000e+00  0.000000e+00  1.568905e-02  1.766784e-02  0.000000e+00  0.000000e+00  0.000000e+00  0.000000e+00  8.480565e-03  1.667845e-02  1.766784e-02
1.128861e-03  0.000000e+00  0.000000e+00  0.000000e+00  0.000000e+00  0.000000e+00  1.851590e-02  1.738516e-02  0.000000e+00  0.000000e+00  0.000000e+00  0.000000e+00  9.187279e-03  1.851590e-02  1.738516e-02
1.180190e-03  0.000000e+00  0.000000e+00  0.000000e+00  0.000000e+00  0.000000e+00  1.710247e-02  1.738516e-02  0.000000e+00  0.000000e+00  0.000000e+00  0.000000e+00  1.102473e-02  1.710247e-02  1.738516e-02
1.233853e-03  0.000000e+00  0.000000e+00  0.000000e+00  0.000000e+00  0.000000e+00  2.204947e-02  1.710247e-02  0.000000e+00  0.000000e+00  0.000000e+00  0.000000e+00  1.116608e-02  2.204947e-02  1.710247e-02
1.289956e-03  0.000000e+00  0.000000e+00  0.000000e+00  0.000000e+00  0.000000e+00  2.204947e-02  1.653710e-02  0.000000e+00  0.000000e+00  0.000000e+00  0.000000e+00  1.229682e-02  2.204947e-02  1.653710e-02
1.348610e-03  0.000000e+00  0.000000e+00  0.000000e+00  0.000000e+00  0.000000e+00  1.823322e-02  1.738516e-02  0.000000e+00  0.000000e+00  0.000000e+00  0.000000e+00  1.328622e-02  1.823322e-02  1.738516e-02
1.409931e-03  0.000000e+00  0.000000e+00  0.000000e+00  0.000000e+00  0.000000e+00  2.120141e-02  1.780919e-02  0.000000e+00  0.000000e+00  0.000000e+00  0.000000e+00  1.385159e-02  2.120141e-02  1.780919e-02
1.474041e-03  0.000000e+00  0.000000e+00  0.000000e+00  0.000000e+00  0.000000e+00  2.077739e-02  1.738516e-02  0.000000e+00  0.000000e+00  0.000000e+00  0.000000e+00  1.498233e-02  2.077739e-02  1.738516e-02
1.541065e-03  0.000000e+00  0.000000e+00  0.000000e+00  0.000000e+00  0.000000e+00  2.303887e-02  1.780919e-02  0.000000e+00  0.000000e+00  0.000000e+00  7.208481e-03  1.498233e-02  2.303887e-02  1.780919e-02
1.611137e-03  0.000000e+00  0.000000e+00  0.000000e+00  0.000000e+00  1.526502e-02  2.021201e-02  1.837456e-02  0.000000e+00  0.000000e+00  0.000000e+00  5.936396e-03  1.625442e-02  2.021201e-02  1.837456e-02
1.684395e-03  0.000000e+00  0.000000e+00  0.000000e+00  0.000000e+00  2.233216e-02  2.402827e-02  1.908127e-02  0.000000e+00  0.000000e+00  0.000000e+00  7.632509e-03  2.233216e-02  2.402827e-02  1.908127e-02
1.760984e-03  0.000000e+00  0.000000e+00  0.000000e+00  0.000000e+00  2.162544e-02  1.950530e-02  1.865724e-02  0.000000e+00  0.000000e+00  0.000000e+00  8.763251e-03  2.162544e-02  1.950530e-02  1.865724e-02
1.841056e-03  0.000000e+00  0.000000e+00  0.000000e+00  0.000000e+00  2.289753e-02  2.558304e-02  1.738516e-02  0.000000e+00  0.000000e+00  0.000000e+00  9.893993e-03  2.289753e-02  2.558304e-02  1.738516e-02
1.924769e-03  0.000000e+00  0.000000e+00  0.000000e+00  0.000000e+00  2.148410e-02  2.275618e-02  1.625442e-02  0.000000e+00  0.000000e+00  0.000000e+00  8.621908e-03  2.148410e-02  2.275618e-02  1.625442e-02
2.012288e-03  0.000000e+00  0.000000e+00  0.000000e+00  0.000000e+00  2.289753e-02  2.318021e-02  3.816254e-03  0.000000e+00  0.000000e+00  0.000000e+00  1.257951e-02  2.289753e-02  2.318021e-02  1.625442e-02
2.103786e-03  0.000000e+00  0.000000e+00  0.000000e+00  0.000000e+00  2.402827e-02  2.402827e-02  0.000000e+00  0.000000e+00  0.000000e+00  0.000000e+00  1.144876e-02  2.402827e-02  2.402827e-02  1.484099e-02
2.199445e-03  0.000000e+00  0.000000e+00  0.000000e+00  0.000000e+00  2.021201e-02  2.501767e-02  0.000000e+00  0.000000e+00  0.000000e+00  0.000000e+00  1.427562e-02  2.021201e-02  2.501767e-02  1.540636e-02
2.299453e-03  0.000000e+00  0.000000e+00  0.000000e+00  0.000000e+00  2.204947e-02  2.473498e-02  0.000000e+00  0.000000e+00  0.000000e+00  0.000000e+00  1.385159e-02  2.204947e-02  2.473498e-02  1.639576e-02
2.404009e-03  0.000000e+00  0.000000e+00  0.000000e+00  0.000000e+00  2.204947e-02  2.219081e-02  0.000000e+00  0.000000e+00  0.000000e+00  0.000000e+00  1.724382e-02  2.204947e-02  2.219081e-02  1.286219e-02
2.513319e-03  0.000000e+00  0.000000e+00  0.000000e+00  1.837456e-03  2.176678e-02  2.261484e-02  0.000000e+00  0.000000e+00  0.000000e+00  0.000000e+00  1.936396e-02  2.176678e-02  2.261484e-02  1.187279e-02
2.627599e-03  0.000000e+00  0.000000e+00  0.000000e+00  1.950530e-02  2.487633e-02  2.346290e-02  0.000000e+00  0.000000e+00  0.000000e+00  0.000000e+00  1.950530e-02  2.487633e-02  2.346290e-02  1.159011e-02
2.747076e-03  0.000000e+00  0.000000e+00  0.000000e+00  2.134276e-02  2.558304e-02  2.374558e-02  0.000000e+00  0.000000e+00  0.000000e+00  0.000000e+00  2.134276e-02  2.558304e-02  2.374558e-02  8.904594e-03
2.871985e-03  0.000000e+00  0.000000e+00  0.000000e+00  1.837456e-02  2.600707e-02  2.501767e-02  0.000000e+00  0.000000e+00  0.000000e+00  0.000000e+00  1.837456e-02  2.600707e-02  2.501767e-02  8.763251e-03
3.002574e-03  0.000000e+00  0.000000e+00  0.000000e+00  1.936396e-02  2.572438e-02  2.134276e-02  0.000000e+00  0.000000e+00  0.000000e+00  0.000000e+00  1.936396e-02  2.572438e-02  2.134276e-02  8.480565e-03
3.139100e-03  0.000000e+00  0.000000e+00  0.000000e+00  2.049470e-02  2.628975e-02  2.176678e-02  0.000000e+00  0.000000e+00  0.000000e+00  3.392226e-03  2.049470e-02  2.628975e-02  2.176678e-02  6.360424e-03
3.281835e-03  0.000000e+00  0.000000e+00  0.000000e+00  2.332155e-02  2.501767e-02  2.360424e-02  0.000000e+00  0.000000e+00  0.000000e+00  7.067138e-03  2.332155e-02  2.501767e-02  2.360424e-02  5.795053e-03
3.431059e-03  0.000000e+00  0.000000e+00  0.000000e+00  2.699647e-02  2.614841e-02  1.879859e-02  0.000000e+00  0.000000e+00  0.000000e+00  8.621908e-03  2.699647e-02  2.614841e-02  1.879859e-02  1.272085e-03
3.587069e-03  0.000000e+00  0.000000e+00  0.000000e+00  2.628975e-02  2.826855e-02  1.908127e-02  0.000000e+00  0.000000e+00  0.000000e+00  1.003534e-02  2.628975e-02  2.826855e-02  1.908127e-02  0.000000e+00
3.750173e-03  0.000000e+00  0.000000e+00  0.000000e+00  2.685512e-02  2.699647e-02  2.021201e-02  0.000000e+00  0.000000e+00  0.000000e+00  1.102473e-02  2.685512e-02  2.699647e-02  2.021201e-02  0.000000e+00
3.920692e-03  0.000000e+00  0.000000e+00  0.000000e+00  2.742049e-02  2.784452e-02  1.766784e-02  0.000000e+00  0.000000e+00  0.000000e+00  1.116608e-02  2.742049e-02  2.784452e-02  1.766784e-02  0.000000e+00
4.098966e-03  0.000000e+00  0.000000e+00  0.000000e+00  2.586572e-02  2.176678e-02  2.007067e-02  0.000000e+00  0.000000e+00  0.000000e+00  1.159011e-02  2.586572e-02  2.176678e-02  2.007067e-02  0.000000e+00
4.285345e-03  0.000000e+00  0.000000e+00  0.000000e+00  2.501767e-02  2.431095e-02  1.272085e-02  0.000000e+00  0.000000e+00  0.000000e+00  1.427562e-02  2.501767e-02  2.431095e-02  1.724382e-02  0.000000e+00
4.480199e-03  0.000000e+00  0.000000e+00  0.000000e+00  2.643110e-02  2.091873e-02  0.000000e+00  0.000000e+00  0.000000e+00  0.000000e+00  1.342756e-02  2.643110e-02  2.091873e-02  1.681979e-02  0.000000e+00
4.683913e-03  0.000000e+00  0.000000e+00  0.000000e+00  2.869258e-02  2.402827e-02  0.000000e+00  0.000000e+00  0.000000e+00  0.000000e+00  1.696113e-02  2.869258e-02  2.402827e-02  1.597173e-02  0.000000e+00
4.896890e-03  0.000000e+00  0.000000e+00  0.000000e+00  2.544170e-02  2.035336e-02  0.000000e+00  0.000000e+00  0.000000e+00  0.000000e+00  1.738516e-02  2.544170e-02  2.035336e-02  1.427562e-02  0.000000e+00
5.119551e-03  0.000000e+00  0.000000e+00  8.056537e-03  2.982332e-02  2.007067e-02  0.000000e+00  0.000000e+00  0.000000e+00  0.000000e+00  1.809187e-02  2.982332e-02  2.007067e-02  1.625442e-02  0.000000e+00
5.352336e-03  0.000000e+00  0.000000e+00  2.190813e-02  2.784452e-02  1.837456e-02  0.000000e+00  0.000000e+00  0.000000e+00  0.000000e+00  2.190813e-02  2.784452e-02  1.837456e-02  1.342756e-02  0.000000e+00
5.595706e-03  0.000000e+00  0.000000e+00  2.402827e-02  2.897527e-02  2.049470e-02  0.000000e+00  0.000000e+00  0.000000e+00  1.413428e-04  2.402827e-02  2.897527e-02  2.049470e-02  1.102473e-02  0.000000e+00
5.850142e-03  0.000000e+00  0.000000e+00  2.106007e-02  3.010601e-02  1.031802e-02  0.000000e+00  0.000000e+00  0.000000e+00  5.088339e-03  2.106007e-02  3.010601e-02  1.724382e-02  1.074205e-02  0.000000e+00
6.116147e-03  0.000000e+00  0.000000e+00  2.614841e-02  2.713781e-02  0.000000e+00  0.000000e+00  0.000000e+00  0.000000e+00  5.936396e-03  2.614841e-02  2.713781e-02  1.512367e-02  9.893993e-03  0.000000e+00
6.394247e-03  0.000000e+00  0.000000e+00  2.303887e-02  2.445230e-02  0.000000e+00  0.000000e+00  0.000000e+00  0.000000e+00  8.904594e-03  2.303887e-02  2.445230e-02  1.752650e-02  8.763251e-03  0.000000e+00
6.684993e-03  0.000000e+00  0.000000e+00  2.713781e-02  2.671378e-02  0.000000e+00  0.000000e+00  0.000000e+00  0.000000e+00  8.480565e-03  2.713781e-02  2.671378e-02  1.469965e-02  6.360424e-03  0.000000e+00
6.988959e-03  0.000000e+00  0.000000e+00  2.798587e-02  2.388693e-02  0.000000e+00  0.000000e+00  0.000000e+00  0.000000e+00  1.017668e-02  2.798587e-02  2.388693e-02  1.498233e-02  6.925795e-03  0.000000e+00
7.306746e-03  0.000000e+00  0.000000e+00  2.586572e-02  2.176678e-02  0.000000e+00  0.000000e+00  0.000000e+00  0.000000e+00  1.272085e-02  2.586572e-02  2.176678e-02  1.300353e-02  0.000000e+00  0.000000e+00
7.638982e-03  0.000000e+00  0.000000e+00  3.010601e-02  1.978799e-02  0.000000e+00  0.000000e+00  0.000000e+00  0.000000e+00  1.342756e-02  3.010601e-02  1.978799e-02  1.215548e-02  0.000000e+00  0.000000e+00
7.986326e-03  0.000000e+00  0.000000e+00  3.038869e-02  2.204947e-02  0.000000e+00  0.000000e+00  0.000000e+00  0.000000e+00  1.696113e-02  3.038869e-02  2.204947e-02  1.031802e-02  0.000000e+00  0.000000e+00
8.349463e-03  0.000000e+00  0.000000e+00  3.250883e-02  1.992933e-02  0.000000e+00  0.000000e+00  0.000000e+00  0.000000e+00  1.469965e-02  3.250883e-02  1.992933e-02  8.197880e-03  0.000000e+00  0.000000e+00
8.729112e-03  0.000000e+00  0.000000e+00  3.109541e-02  1.427562e-02  0.000000e+00  0.000000e+00  0.000000e+00  0.000000e+00  1.710247e-02  3.109541e-02  2.007067e-02  1.045936e-02  0.000000e+00  0.000000e+00
9.126023e-03  0.000000e+00  0.000000e+00  3.477032e-02  0.000000e+00  0.000000e+00  0.000000e+00  0.000000e+00  0.000000e+00  1.809187e-02  3.477032e-02  1.752650e-02  8.339223e-03  0.000000e+00  0.000000e+00
9.540982e-03  0.000000e+00  1.766784e-02  3.024735e-02  0.000000e+00  0.000000e+00  0.000000e+00  0.000000e+00  0.000000e+00  2.091873e-02  3.024735e-02  1.413428e-02  3.250883e-03  0.000000e+00  0.000000e+00
9.974809e-03  0.000000e+00  2.261484e-02  3.236749e-02  0.000000e+00  0.000000e+00  0.000000e+00  0.000000e+00  0.000000e+00  2.261484e-02  3.236749e-02  1.597173e-02  0.000000e+00  0.000000e+00  0.000000e+00
1.042836e-02  0.000000e+00  2.558304e-02  2.925795e-02  0.000000e+00  0.000000e+00  0.000000e+00  0.000000e+00  0.000000e+00  2.558304e-02  2.925795e-02  1.554770e-02  0.000000e+00  0.000000e+00  0.000000e+00
1.090254e-02  0.000000e+00  2.459364e-02  3.067138e-02  0.000000e+00  0.000000e+00  0.000000e+00  0.000000e+00  0.000000e+00  2.459364e-02  3.067138e-02  1.286219e-02  0.000000e+00  0.000000e+00  0.000000e+00
1.139828e-02  0.000000e+00  2.515901e-02  3.095406e-02  0.000000e+00  0.000000e+00  0.000000e+00  0.000000e+00  0.000000e+00  2.515901e-02  3.095406e-02  1.257951e-02  0.000000e+00  0.000000e+00  0.000000e+00
1.191655e-02  0.000000e+00  2.657244e-02  2.742049e-02  0.000000e+00  0.000000e+00  0.000000e+00  0.000000e+00  0.000000e+00  2.657244e-02  2.742049e-02  1.045936e-02  0.000000e+00  0.000000e+00  0.000000e+00
1.245840e-02  0.000000e+00  2.826855e-02  2.770318e-02  0.000000e+00  0.000000e+00  0.000000e+00  0.000000e+00  0.000000e+00  2.826855e-02  2.770318e-02  1.159011e-02  0.000000e+00  0.000000e+00  0.000000e+00
1.302488e-02  0.000000e+00  3.151943e-02  2.332155e-02  0.000000e+00  0.000000e+00  0.000000e+00  0.000000e+00  0.000000e+00  3.151943e-02  2.332155e-02  8.339223e-03  0.000000e+00  0.000000e+00  0.000000e+00
1.361712e-02  0.000000e+00  3.194346e-02  2.473498e-02  0.000000e+00  0.000000e+00  0.000000e+00  0.000000e+00  0.000000e+00  3.194346e-02  2.473498e-02  9.187279e-03  0.000000e+00  0.000000e+00  0.000000e+00
1.423629e-02  0.000000e+00  3.434629e-02  2.388693e-02  0.000000e+00  0.000000e+00  0.000000e+00  0.000000e+00  0.000000e+00  3.434629e-02  2.388693e-02  9.893993e-04  0.000000e+00  0.000000e+00  0.000000e+00
1.488361e-02  0.000000e+00  3.462898e-02  2.204947e-02  0.000000e+00  0.000000e+00  0.000000e+00  0.000000e+00  0.000000e+00  3.462898e-02  2.204947e-02  0.000000e+00  0.000000e+00  0.000000e+00  0.000000e+00
1.556036e-02  0.000000e+00  3.660777e-02  1.328622e-02  0.000000e+00  0.000000e+00  0.000000e+00  0.000000e+00  0.000000e+00  3.660777e-02  1.893993e-02  0.000000e+00  0.000000e+00  0.000000e+00  0.000000e+00
1.626789e-02  0.000000e+00  3.462898e-02  0.000000e+00  0.000000e+00  0.000000e+00  0.000000e+00  0.000000e+00  0.000000e+00  3.462898e-02  1.498233e-02  0.000000e+00  0.000000e+00  0.000000e+00  0.000000e+00
1.700759e-02  0.000000e+00  3.363958e-02  0.000000e+00  0.000000e+00  0.000000e+00  0.000000e+00  0.000000e+00  0.000000e+00  3.363958e-02  1.851590e-02  0.000000e+00  0.000000e+00  0.000000e+00  0.000000e+00
1.778092e-02  0.000000e+00  3.434629e-02  0.000000e+00  0.000000e+00  0.000000e+00  0.000000e+00  0.000000e+00  0.000000e+00  3.434629e-02  1.540636e-02  0.000000e+00  0.000000e+00  0.000000e+00  0.000000e+00
1.858942e-02  0.000000e+00  3.293286e-02  0.000000e+00  0.000000e+00  0.000000e+00  0.000000e+00  0.000000e+00  0.000000e+00  3.293286e-02  1.526502e-02  0.000000e+00  0.000000e+00  0.000000e+00  0.000000e+00
1.943468e-02  0.000000e+00  3.109541e-02  0.000000e+00  0.000000e+00  0.000000e+00  0.000000e+00  0.000000e+00  5.653710e-04  3.109541e-02  1.597173e-02  0.000000e+00  0.000000e+00  0.000000e+00  0.000000e+00
2.031837e-02  0.000000e+00  3.307420e-02  0.000000e+00  0.000000e+00  0.000000e+00  0.000000e+00  0.000000e+00  4.664311e-03  3.307420e-02  1.328622e-02  0.000000e+00  0.000000e+00  0.000000e+00  0.000000e+00
2.124224e-02  0.000000e+00  2.699647e-02  0.000000e+00  0.000000e+00  0.000000e+00  0.000000e+00  0.000000e+00  5.229682e-03  2.699647e-02  1.116608e-02  0.000000e+00  0.000000e+00  0.000000e+00  0.000000e+00
2.220812e-02  0.000000e+00  2.911661e-02  0.000000e+00  0.000000e+00  0.000000e+00  0.000000e+00  0.000000e+00  7.915194e-03  2.911661e-02  8.339223e-03  0.000000e+00  0.000000e+00  0.000000e+00  0.000000e+00
2.321792e-02  0.000000e+00  2.614841e-02  0.000000e+00  0.000000e+00  0.000000e+00  0.000000e+00  0.000000e+00  7.491166e-03  2.614841e-02  9.187279e-03  0.000000e+00  0.000000e+00  0.000000e+00  0.000000e+00
2.427364e-02  0.000000e+00  2.120141e-02  0.000000e+00  0.000000e+00  0.000000e+00  0.000000e+00  0.000000e+00  8.763251e-03  2.120141e-02  7.208481e-03  0.000000e+00  0.000000e+00  0.000000e+00  0.000000e+00
2.537736e-02  0.000000e+00  2.219081e-02  0.000000e+00  0.000000e+00  0.000000e+00  0.000000e+00  0.000000e+00  8.621908e-03  2.219081e-02  0.000000e+00  0.000000e+00  0.000000e+00  0.000000e+00  0.000000e+00
2.653126e-02  0.000000e+00  1.512367e-02  0.000000e+00  0.000000e+00  0.000000e+00  0.000000e+00  0.000000e+00  1.173145e-02  1.978799e-02  0.000000e+00  0.000000e+00  0.000000e+00  0.000000e+00  0.000000e+00
2.773764e-02  0.000000e+00  0.000000e+00  0.000000e+00  0.000000e+00  0.000000e+00  0.000000e+00  0.000000e+00  1.314488e-02  1.879859e-02  0.000000e+00  0.000000e+00  0.000000e+00  0.000000e+00  0.000000e+00
2.899886e-02  0.000000e+00  0.000000e+00  0.000000e+00  0.000000e+00  0.000000e+00  0.000000e+00  0.000000e+00  1.653710e-02  1.879859e-02  0.000000e+00  0.000000e+00  0.000000e+00  0.000000e+00  0.000000e+00
3.031744e-02  0.000000e+00  0.000000e+00  0.000000e+00  0.000000e+00  0.000000e+00  0.000000e+00  0.000000e+00  1.936396e-02  1.724382e-02  0.000000e+00  0.000000e+00  0.000000e+00  0.000000e+00  0.000000e+00
3.169597e-02  0.000000e+00  0.000000e+00  0.000000e+00  0.000000e+00  0.000000e+00  0.000000e+00  0.000000e+00  1.696113e-02  1.752650e-02  0.000000e+00  0.000000e+00  0.000000e+00  0.000000e+00  0.000000e+00
3.313718e-02  6.925795e-03  0.000000e+00  0.000000e+00  0.000000e+00  0.000000e+00  0.000000e+00  0.000000e+00  2.091873e-02  1.469965e-02  0.000000e+00  0.000000e+00  0.000000e+00  0.000000e+00  0.000000e+00
3.464392e-02  2.431095e-02  0.000000e+00  0.000000e+00  0.000000e+00  0.000000e+00  0.000000e+00  0.000000e+00  2.431095e-02  1.399293e-02  0.000000e+00  0.000000e+00  0.000000e+00  0.000000e+00  0.000000e+00
3.621917e-02  2.713781e-02  0.000000e+00  0.000000e+00  0.000000e+00  0.000000e+00  0.000000e+00  0.000000e+00  2.713781e-02  1.003534e-02  0.000000e+00  0.000000e+00  0.000000e+00  0.000000e+00  0.000000e+00
3.786606e-02  2.798587e-02  0.000000e+00  0.000000e+00  0.000000e+00  0.000000e+00  0.000000e+00  0.000000e+00  2.798587e-02  8.621908e-03  0.000000e+00  0.000000e+00  0.000000e+00  0.000000e+00  0.000000e+00
3.958782e-02  3.194346e-02  0.000000e+00  0.000000e+00  0.000000e+00  0.000000e+00  0.000000e+00  0.000000e+00  3.194346e-02  8.197880e-03  0.000000e+00  0.000000e+00  0.000000e+00  0.000000e+00  0.000000e+00
4.138787e-02  3.123675e-02  0.000000e+00  0.000000e+00  0.000000e+00  0.000000e+00  0.000000e+00  0.000000e+00  3.123675e-02  2.402827e-03  0.000000e+00  0.000000e+00  0.000000e+00  0.000000e+00  0.000000e+00
4.326977e-02  3.151943e-02  0.000000e+00  0.000000e+00  0.000000e+00  0.000000e+00  0.000000e+00  0.000000e+00  3.151943e-02  0.000000e+00  0.000000e+00  0.000000e+00  0.000000e+00  0.000000e+00  0.000000e+00
4.523724e-02  4.127208e-02  0.000000e+00  0.000000e+00  0.000000e+00  0.000000e+00  0.000000e+00  0.000000e+00  4.127208e-02  0.000000e+00  0.000000e+00  0.000000e+00  0.000000e+00  0.000000e+00  0.000000e+00
4.729417e-02  3.957597e-02  0.000000e+00  0.000000e+00  0.000000e+00  0.000000e+00  0.000000e+00  0.000000e+00  3.957597e-02  0.000000e+00  0.000000e+00  0.000000e+00  0.000000e+00  0.000000e+00  0.000000e+00
4.944463e-02  3.491166e-02  0.000000e+00  0.000000e+00  0.000000e+00  0.000000e+00  0.000000e+00  0.000000e+00  3.491166e-02  0.000000e+00  0.000000e+00  0.000000e+00  0.000000e+00  0.000000e+00  0.000000e+00
5.169287e-02  3.985866e-02  0.000000e+00  0.000000e+00  0.000000e+00  0.000000e+00  0.000000e+00  0.000000e+00  3.985866e-02  0.000000e+00  0.000000e+00  0.000000e+00  0.000000e+00  0.000000e+00  0.000000e+00
5.404334e-02  4.254417e-02  0.000000e+00  0.000000e+00  0.000000e+00  0.000000e+00  0.000000e+00  0.000000e+00  4.254417e-02  0.000000e+00  0.000000e+00  0.000000e+00  0.000000e+00  0.000000e+00  0.000000e+00
5.650068e-02  3.448763e-02  0.000000e+00  0.000000e+00  0.000000e+00  0.000000e+00  0.000000e+00  0.000000e+00  3.448763e-02  0.000000e+00  0.000000e+00  0.000000e+00  0.000000e+00  0.000000e+00  0.000000e+00
5.906976e-02  3.335689e-02  0.000000e+00  0.000000e+00  0.000000e+00  0.000000e+00  0.000000e+00  0.000000e+00  3.335689e-02  0.000000e+00  0.000000e+00  0.000000e+00  0.000000e+00  0.000000e+00  0.000000e+00
6.175566e-02  4.028269e-02  0.000000e+00  0.000000e+00  0.000000e+00  0.000000e+00  0.000000e+00  0.000000e+00  4.028269e-02  0.000000e+00  0.000000e+00  0.000000e+00  0.000000e+00  0.000000e+00  0.000000e+00
6.456368e-02  3.816254e-02  0.000000e+00  0.000000e+00  0.000000e+00  0.000000e+00  0.000000e+00  0.000000e+00  3.816254e-02  0.000000e+00  0.000000e+00  0.000000e+00  0.000000e+00  0.000000e+00  0.000000e+00
6.749938e-02  3.250883e-02  0.000000e+00  0.000000e+00  0.000000e+00  0.000000e+00  0.000000e+00  0.000000e+00  3.250883e-02  0.000000e+00  0.000000e+00  0.000000e+00  0.000000e+00  0.000000e+00  0.000000e+00
7.056856e-02  3.095406e-02  0.000000e+00  0.000000e+00  0.000000e+00  0.000000e+00  0.000000e+00  0.000000e+00  3.095406e-02  0.000000e+00  0.000000e+00  0.000000e+00  0.000000e+00  0.000000e+00  0.000000e+00
7.377731e-02  3.067138e-02  0.000000e+00  0.000000e+00  0.000000e+00  0.000000e+00  0.000000e+00  0.000000e+00  3.067138e-02  0.000000e+00  0.000000e+00  0.000000e+00  0.000000e+00  0.000000e+00  0.000000e+00
7.713195e-02  2.727915e-02  0.000000e+00  0.000000e+00  0.000000e+00  0.000000e+00  0.000000e+00  0.000000e+00  2.727915e-02  0.000000e+00  0.000000e+00  0.000000e+00  0.000000e+00  0.000000e+00  0.000000e+00
8.063913e-02  2.402827e-02  0.000000e+00  0.000000e+00  0.000000e+00  0.000000e+00  0.000000e+00  0.000000e+00  2.402827e-02  0.000000e+00  0.000000e+00  0.000000e+00  0.000000e+00  0.000000e+00  0.000000e+00
8.430578e-02  9.045936e-03  0.000000e+00  0.000000e+00  0.000000e+00  0.000000e+00  0.000000e+00  0.000000e+00  2.586572e-02  0.000000e+00  0.000000e+00  0.000000e+00  0.000000e+00  0.000000e+00  0.000000e+00
8.813915e-02  0.000000e+00  0.000000e+00  0.000000e+00  0.000000e+00  0.000000e+00  0.000000e+00  0.000000e+00  2.374558e-02  0.000000e+00  0.000000e+00  0.000000e+00  0.000000e+00  0.000000e+00  0.000000e+00
9.214682e-02  0.000000e+00  0.000000e+00  0.000000e+00  0.000000e+00  0.000000e+00  0.000000e+00  0.000000e+00  2.247350e-02  0.000000e+00  0.000000e+00  0.000000e+00  0.000000e+00  0.000000e+00  0.000000e+00
9.633673e-02  0.000000e+00  0.000000e+00  0.000000e+00  0.000000e+00  0.000000e+00  0.000000e+00  0.000000e+00  1.455830e-02  0.000000e+00  0.000000e+00  0.000000e+00  0.000000e+00  0.000000e+00  0.000000e+00
1.007171e-01  0.000000e+00  0.000000e+00  0.000000e+00  0.000000e+00  0.000000e+00  0.000000e+00  0.000000e+00  1.413428e-02  0.000000e+00  0.000000e+00  0.000000e+00  0.000000e+00  0.000000e+00  0.000000e+00
1.052967e-01  0.000000e+00  0.000000e+00  0.000000e+00  0.000000e+00  0.000000e+00  0.000000e+00  0.000000e+00  1.286219e-02  0.000000e+00  0.000000e+00  0.000000e+00  0.000000e+00  0.000000e+00  0.000000e+00
1.100846e-01  0.000000e+00  0.000000e+00  0.000000e+00  0.000000e+00  0.000000e+00  0.000000e+00  0.000000e+00  1.314488e-02  0.000000e+00  0.000000e+00  0.000000e+00  0.000000e+00  0.000000e+00  0.000000e+00
1.150901e-01  0.000000e+00  0.000000e+00  0.000000e+00  0.000000e+00  0.000000e+00  0.000000e+00  0.000000e+00  8.480565e-03  0.000000e+00  0.000000e+00  0.000000e+00  0.000000e+00  0.000000e+00  0.000000e+00
1.203232e-01  0.000000e+00  0.000000e+00  0.000000e+00  0.000000e+00  0.000000e+00  0.000000e+00  0.000000e+00  8.763251e-03  0.000000e+00  0.000000e+00  0.000000e+00  0.000000e+00  0.000000e+00  0.000000e+00
