4.399203e-04  0.000000e+00  0.000000e+00  0.000000e+00  0.000000e+00  0.000000e+00  0.000000e+00  0.000000e+00  0.000000e+00  0.000000e+00  0.000000e+00  0.000000e+00  0.000000e+00  5.395683e-03  1.043165e-02
4.655243e-04  0.000000e+00  0.000000e+00  0.000000e+00  0.000000e+00  0.000000e+00  0.000000e+00  0.000000e+00  0.000000e+00  0.000000e+00  0.000000e+00  0.000000e+00  0.000000e+00  9.352518e-03  1.546763e-02
4.926186e-04  0.000000e+00  0.000000e+00  0.000000e+00  0.000000e+00  0.000000e+00  0.000000e+00  0.000000e+00  0.000000e+00  0.000000e+00  0.000000e+00  0.000000e+00  0.000000e+00  1.834532e-02  2.122302e-02
5.212897e-04  0.000000e+00  0.000000e+00  0.000000e+00  0.000000e+00  0.000000e+00  0.000000e+00  0.000000e+00  0.000000e+00  0.000000e+00  0.000000e+00  0.000000e+00  7.194245e-04  2.230216e-02  2.625899e-02
5.516296e-04  0.000000e+00  0.000000e+00  0.000000e+00  0.000000e+00  0.000000e+00  0.000000e+00  0.000000e+00  0.000000e+00  0.000000e+00  0.000000e+00  0.000000e+00  6.115108e-03  2.877698e-02  3.093525e-02
5.837353e-04  0.000000e+00  0.000000e+00  0.000000e+00  0.000000e+00  0.000000e+00  0.000000e+00  5.035971e-03  0.000000e+00  0.000000e+00  0.000000e+00  0.000000e+00  7.553957e-03  3.453237e-02  3.561151e-02
6.177095e-04  0.000000e+00  0.000000e+00  0.000000e+00  0.000000e+00  0.000000e+00  1.942446e-02  3.884892e-02  0.000000e+00  0.000000e+00  0.000000e+00  0.000000e+00  6.115108e-03  3.561151e-02  3.884892e-02
6.536612e-04  0.000000e+00  0.000000e+00  0.000000e+00  0.000000e+00  0.000000e+00  3.812950e-02  4.460432e-02  0.000000e+00  0.000000e+00  0.000000e+00  0.000000e+00  7.553957e-03  3.812950e-02  4.460432e-02
6.917053e-04  0.000000e+00  0.000000e+00  0.000000e+00  0.000000e+00  0.000000e+00  4.892086e-02  4.280576e-02  0.000000e+00  0.000000e+00  0.000000e+00  0.000000e+00  7.553957e-03  4.892086e-02  4.280576e-02
7.319636e-04  0.000000e+00  0.000000e+00  0.000000e+00  0.000000e+00  0.000000e+00  4.496403e-02  4.856115e-02  0.000000e+00  0.000000e+00  0.000000e+00  0.000000e+00  7.913669e-03  4.496403e-02  4.856115e-02
7.745650e-04  0.000000e+00  0.000000e+00  0.000000e+00  0.000000e+00  0.000000e+00  4.928058e-02  4.316547e-02  0.000000e+00  0.000000e+00  0.000000e+00  0.000000e+00  1.007194e-02  4.928058e-02  4.316547e-02
8.196458e-04  0.000000e+00  0.000000e+00  0.000000e+00  0.000000e+00  0.000000e+00  4.712230e-02  5.395683e-02  0.000000e+00  0.000000e+00  0.000000e+00  0.000000e+00  6.115108e-03  4.712230e-02  5.395683e-02
8.673505e-04  0.000000e+00  0.000000e+00  0.000000e+00  0.000000e+00  0.000000e+00  5.000000e-02  5.035971e-02  0.000000e+00  0.000000e+00  0.000000e+00  0.000000e+00  1.366906e-02  5.000000e-02  5.035971e-02
9.178316e-04  0.000000e+00  0.000000e+00  0.000000e+00  0.000000e+00  0.000000e+00  5.395683e-02  4.964029e-02  0.000000e+00  0.000000e+00  0.000000e+00  0.000000e+00  1.438849e-02  5.395683e-02  4.964029e-02
9.712508e-04  0.000000e+00  0.000000e+00  0.000000e+00  0.000000e+00  0.000000e+00  5.000000e-02  5.000000e-02  0.000000e+00  0.000000e+00  0.000000e+00  0.000000e+00  1.294964e-02  5.000000e-02  5.000000e-02
1.027779e-03  0.000000e+00  0.000000e+00  0.000000e+00  0.000000e+00  0.000000e+00  4.568345e-02  4.568345e-02  0.000000e+00  0.000000e+00  0.000000e+00  0.000000e+00  1.762590e-02  4.568345e-02  4.568345e-02
1.087597e-03  0.000000e+00  0.000000e+00  0.000000e+00  0.000000e+00  7.194245e-04  4.820144e-02  4.964029e-02  0.000000e+00  0.000000e+00  0.000000e+00  0.000000e+00  1.726619e-02  4.820144e-02  4.964029e-02
1.150897e-03  0.000000e+00  0.000000e+00  0.000000e+00  0.000000e+00  2.553957e-02  5.179856e-02  5.179856e-02  0.000000e+00  0.000000e+00  0.000000e+00  0.000000e+00  2.553957e-02  5.179856e-02  5.179856e-02
1.217881e-03  0.000000e+00  0.000000e+00  0.000000e+00  0.000000e+00  2.661871e-02  4.280576e-02  3.956835e-02  0.000000e+00  0.000000e+00  0.000000e+00  0.000000e+00  2.661871e-02  4.280576e-02  3.956835e-02
1.288764e-03  0.000000e+00  0.000000e+00  0.000000e+00  0.000000e+00  3.597122e-02  4.676259e-02  4.316547e-02  0.000000e+00  0.000000e+00  0.000000e+00  0.000000e+00  3.597122e-02  4.676259e-02  4.316547e-02
1.363772e-03  0.000000e+00  0.000000e+00  0.000000e+00  0.000000e+00  3.633094e-02  3.669065e-02  2.302158e-02  0.000000e+00  0.000000e+00  0.000000e+00  0.000000e+00  3.633094e-02  3.669065e-02  3.884892e-02
1.443145e-03  0.000000e+00  0.000000e+00  0.000000e+00  0.000000e+00  3.992806e-02  6.115108e-03  0.000000e+00  0.000000e+00  0.000000e+00  0.000000e+00  0.000000e+00  3.992806e-02  3.848921e-02  3.417266e-02
1.527139e-03  0.000000e+00  0.000000e+00  0.000000e+00  0.000000e+00  3.669065e-02  0.000000e+00  0.000000e+00  0.000000e+00  0.000000e+00  0.000000e+00  0.000000e+00  3.669065e-02  2.697842e-02  2.517986e-02
1.616020e-03  0.000000e+00  0.000000e+00  0.000000e+00  0.000000e+00  4.460432e-02  0.000000e+00  0.000000e+00  0.000000e+00  0.000000e+00  0.000000e+00  0.000000e+00  4.460432e-02  2.589928e-02  2.050360e-02
1.710075e-03  0.000000e+00  0.000000e+00  0.000000e+00  0.000000e+00  3.525180e-02  0.000000e+00  0.000000e+00  0.000000e+00  0.000000e+00  0.000000e+00  0.000000e+00  3.525180e-02  1.870504e-02  1.690647e-02
1.809604e-03  0.000000e+00  0.000000e+00  0.000000e+00  0.000000e+00  3.920863e-02  0.000000e+00  0.000000e+00  0.000000e+00  0.000000e+00  0.000000e+00  2.877698e-03  3.920863e-02  1.546763e-02  1.258993e-02
1.914926e-03  0.000000e+00  0.000000e+00  0.000000e+00  0.000000e+00  4.352518e-02  0.000000e+00  0.000000e+00  0.000000e+00  0.000000e+00  0.000000e+00  5.395683e-03  4.352518e-02  1.366906e-02  9.712230e-03
2.026378e-03  0.000000e+00  0.000000e+00  0.000000e+00  0.000000e+00  4.568345e-02  0.000000e+00  0.000000e+00  0.000000e+00  0.000000e+00  0.000000e+00  1.151079e-02  4.568345e-02  1.798561e-03  0.000000e+00
2.144316e-03  0.000000e+00  0.000000e+00  0.000000e+00  0.000000e+00  4.316547e-02  0.000000e+00  0.000000e+00  0.000000e+00  0.000000e+00  0.000000e+00  7.553957e-03  4.316547e-02  0.000000e+00  0.000000e+00
2.269118e-03  0.000000e+00  0.000000e+00  0.000000e+00  0.000000e+00  3.884892e-02  0.000000e+00  0.000000e+00  0.000000e+00  0.000000e+00  0.000000e+00  1.510791e-02  3.884892e-02  0.000000e+00  0.000000e+00
2.401185e-03  0.000000e+00  0.000000e+00  0.000000e+00  0.000000e+00  3.633094e-02  0.000000e+00  0.000000e+00  0.000000e+00  0.000000e+00  0.000000e+00  1.654676e-02  3.633094e-02  0.000000e+00  0.000000e+00
2.540937e-03  0.000000e+00  0.000000e+00  0.000000e+00  0.000000e+00  4.424460e-02  0.000000e+00  0.000000e+00  0.000000e+00  0.000000e+00  0.000000e+00  1.726619e-02  4.424460e-02  0.000000e+00  0.000000e+00
2.688824e-03  0.000000e+00  0.000000e+00  0.000000e+00  0.000000e+00  4.316547e-02  0.000000e+00  0.000000e+00  0.000000e+00  0.000000e+00  0.000000e+00  2.446043e-02  4.316547e-02  0.000000e+00  0.000000e+00
2.845317e-03  0.000000e+00  0.000000e+00  0.000000e+00  0.000000e+00  3.597122e-02  0.000000e+00  0.000000e+00  0.000000e+00  0.000000e+00  0.000000e+00  3.309353e-02  3.597122e-02  0.000000e+00  0.000000e+00
3.010919e-03  0.000000e+00  0.000000e+00  0.000000e+00  3.165468e-02  2.805755e-02  0.000000e+00  0.000000e+00  0.000000e+00  0.000000e+00  0.000000e+00  3.273381e-02  3.525180e-02  0.000000e+00  0.000000e+00
3.186159e-03  0.000000e+00  0.000000e+00  0.000000e+00  3.705036e-02  0.000000e+00  0.000000e+00  0.000000e+00  0.000000e+00  0.000000e+00  0.000000e+00  3.705036e-02  2.553957e-02  0.000000e+00  0.000000e+00
3.371599e-03  0.000000e+00  0.000000e+00  0.000000e+00  4.532374e-02  0.000000e+00  0.000000e+00  0.000000e+00  0.000000e+00  0.000000e+00  0.000000e+00  4.532374e-02  2.697842e-02  0.000000e+00  0.000000e+00
3.567831e-03  0.000000e+00  0.000000e+00  0.000000e+00  3.776978e-02  0.000000e+00  0.000000e+00  0.000000e+00  0.000000e+00  0.000000e+00  0.000000e+00  3.776978e-02  2.158273e-02  0.000000e+00  0.000000e+00
3.775484e-03  0.000000e+00  0.000000e+00  0.000000e+00  4.136691e-02  0.000000e+00  0.000000e+00  0.000000e+00  0.000000e+00  0.000000e+00  0.000000e+00  4.136691e-02  2.014388e-02  0.000000e+00  0.000000e+00
3.995223e-03  0.000000e+00  0.000000e+00  0.000000e+00  4.244604e-02  0.000000e+00  0.000000e+00  0.000000e+00  0.000000e+00  0.000000e+00  0.000000e+00  4.244604e-02  1.223022e-02  0.000000e+00  0.000000e+00
4.227751e-03  0.000000e+00  0.000000e+00  0.000000e+00  4.280576e-02  0.000000e+00  0.000000e+00  0.000000e+00  0.000000e+00  0.000000e+00  0.000000e+00  4.280576e-02  1.294964e-02  0.000000e+00  0.000000e+00
4.473813e-03  0.000000e+00  0.000000e+00  0.000000e+00  4.100719e-02  0.000000e+00  0.000000e+00  0.000000e+00  0.000000e+00  0.000000e+00  0.000000e+00  4.100719e-02  6.834532e-03  0.000000e+00  0.000000e+00
4.734195e-03  0.000000e+00  0.000000e+00  0.000000e+00  4.316547e-02  0.000000e+00  0.000000e+00  0.000000e+00  0.000000e+00  0.000000e+00  0.000000e+00  4.316547e-02  1.438849e-03  0.000000e+00  0.000000e+00
5.009733e-03  0.000000e+00  0.000000e+00  0.000000e+00  4.460432e-02  0.000000e+00  0.000000e+00  0.000000e+00  0.000000e+00  0.000000e+00  0.000000e+00  4.460432e-02  0.000000e+00  0.000000e+00  0.000000e+00
5.301307e-03  0.000000e+00  0.000000e+00  0.000000e+00  4.676259e-02  0.000000e+00  0.000000e+00  0.000000e+00  0.000000e+00  0.000000e+00  0.000000e+00  4.676259e-02  0.000000e+00  0.000000e+00  0.000000e+00
5.609851e-03  0.000000e+00  0.000000e+00  0.000000e+00  4.712230e-02  0.000000e+00  0.000000e+00  0.000000e+00  0.000000e+00  0.000000e+00  0.000000e+00  4.712230e-02  0.000000e+00  0.000000e+00  0.000000e+00
5.936353e-03  0.000000e+00  0.000000e+00  0.000000e+00  3.776978e-02  0.000000e+00  0.000000e+00  0.000000e+00  0.000000e+00  0.000000e+00  0.000000e+00  3.776978e-02  0.000000e+00  0.000000e+00  0.000000e+00
6.281858e-03  0.000000e+00  0.000000e+00  0.000000e+00  4.460432e-02  0.000000e+00  0.000000e+00  0.000000e+00  0.000000e+00  0.000000e+00  7.194245e-04  4.460432e-02  0.000000e+00  0.000000e+00  0.000000e+00
6.647472e-03  0.000000e+00  0.000000e+00  0.000000e+00  3.273381e-02  0.000000e+00  0.000000e+00  0.000000e+00  0.000000e+00  0.000000e+00  7.913669e-03  3.273381e-02  0.000000e+00  0.000000e+00  0.000000e+00
7.034365e-03  0.000000e+00  0.000000e+00  0.000000e+00  3.237410e-02  0.000000e+00  0.000000e+00  0.000000e+00  0.000000e+00  0.000000e+00  9.712230e-03  3.237410e-02  0.000000e+00  0.000000e+00  0.000000e+00
7.443776e-03  0.000000e+00  0.000000e+00  0.000000e+00  3.129496e-02  0.000000e+00  0.000000e+00  0.000000e+00  0.000000e+00  0.000000e+00  1.654676e-02  3.453237e-02  0.000000e+00  0.000000e+00  0.000000e+00
7.877015e-03  0.000000e+00  0.000000e+00  0.000000e+00  0.000000e+00  0.000000e+00  0.000000e+00  0.000000e+00  0.000000e+00  0.000000e+00  1.942446e-02  2.589928e-02  0.000000e+00  0.000000e+00  0.000000e+00
8.335469e-03  0.000000e+00  0.000000e+00  0.000000e+00  0.000000e+00  0.000000e+00  0.000000e+00  0.000000e+00  0.000000e+00  0.000000e+00  2.194245e-02  2.158273e-02  0.000000e+00  0.000000e+00  0.000000e+00
8.820606e-03  0.000000e+00  0.000000e+00  0.000000e+00  0.000000e+00  0.000000e+00  0.000000e+00  0.000000e+00  0.000000e+00  0.000000e+00  2.841727e-02  1.546763e-02  0.000000e+00  0.000000e+00  0.000000e+00
9.333979e-03  0.000000e+00  0.000000e+00  1.187050e-02  0.000000e+00  0.000000e+00  0.000000e+00  0.000000e+00  0.000000e+00  0.000000e+00  4.208633e-02  1.474820e-02  0.000000e+00  0.000000e+00  0.000000e+00
9.877231e-03  0.000000e+00  0.000000e+00  3.201439e-02  0.000000e+00  0.000000e+00  0.000000e+00  0.000000e+00  0.000000e+00  0.000000e+00  3.201439e-02  1.438849e-02  0.000000e+00  0.000000e+00  0.000000e+00
1.045210e-02  0.000000e+00  0.000000e+00  3.956835e-02  0.000000e+00  0.000000e+00  0.000000e+00  0.000000e+00  0.000000e+00  0.000000e+00  3.956835e-02  1.258993e-02  0.000000e+00  0.000000e+00  0.000000e+00
1.106043e-02  0.000000e+00  0.000000e+00  3.453237e-02  0.000000e+00  0.000000e+00  0.000000e+00  0.000000e+00  0.000000e+00  0.000000e+00  3.453237e-02  1.330935e-02  0.000000e+00  0.000000e+00  0.000000e+00
1.170416e-02  0.000000e+00  0.000000e+00  3.525180e-02  0.000000e+00  0.000000e+00  0.000000e+00  0.000000e+00  0.000000e+00  0.000000e+00  3.525180e-02  7.913669e-03  0.000000e+00  0.000000e+00  0.000000e+00
1.238536e-02  0.000000e+00  0.000000e+00  4.640288e-02  0.000000e+00  0.000000e+00  0.000000e+00  0.000000e+00  0.000000e+00  0.000000e+00  4.640288e-02  5.395683e-03  0.000000e+00  0.000000e+00  0.000000e+00
1.310621e-02  0.000000e+00  0.000000e+00  4.172662e-02  0.000000e+00  0.000000e+00  0.000000e+00  0.000000e+00  0.000000e+00  0.000000e+00  4.172662e-02  3.597122e-04  0.000000e+00  0.000000e+00  0.000000e+00
1.386901e-02  0.000000e+00  0.000000e+00  4.748201e-02  0.000000e+00  0.000000e+00  0.000000e+00  0.000000e+00  0.000000e+00  0.000000e+00  4.748201e-02  0.000000e+00  0.000000e+00  0.000000e+00  0.000000e+00
1.467621e-02  0.000000e+00  0.000000e+00  4.352518e-02  0.000000e+00  0.000000e+00  0.000000e+00  0.000000e+00  0.000000e+00  0.000000e+00  4.352518e-02  0.000000e+00  0.000000e+00  0.000000e+00  0.000000e+00
1.553039e-02  0.000000e+00  0.000000e+00  4.388489e-02  0.000000e+00  0.000000e+00  0.000000e+00  0.000000e+00  0.000000e+00  0.000000e+00  4.388489e-02  0.000000e+00  0.000000e+00  0.000000e+00  0.000000e+00
1.643428e-02  0.000000e+00  0.000000e+00  4.712230e-02  0.000000e+00  0.000000e+00  0.000000e+00  0.000000e+00  0.000000e+00  0.000000e+00  4.712230e-02  0.000000e+00  0.000000e+00  0.000000e+00  0.000000e+00
1.739078e-02  0.000000e+00  0.000000e+00  4.604317e-02  0.000000e+00  0.000000e+00  0.000000e+00  0.000000e+00  0.000000e+00  0.000000e+00  4.604317e-02  0.000000e+00  0.000000e+00  0.000000e+00  0.000000e+00
1.840295e-02  0.000000e+00  0.000000e+00  4.676259e-02  0.000000e+00  0.000000e+00  0.000000e+00  0.000000e+00  0.000000e+00  5.755396e-03  4.676259e-02  0.000000e+00  0.000000e+00  0.000000e+00  0.000000e+00
1.947403e-02  0.000000e+00  0.000000e+00  4.280576e-02  0.000000e+00  0.000000e+00  0.000000e+00  0.000000e+00  0.000000e+00  1.007194e-02  4.280576e-02  0.000000e+00  0.000000e+00  0.000000e+00  0.000000e+00
2.060745e-02  0.000000e+00  0.000000e+00  3.669065e-02  0.000000e+00  0.000000e+00  0.000000e+00  0.000000e+00  0.000000e+00  2.158273e-02  3.669065e-02  0.000000e+00  0.000000e+00  0.000000e+00  0.000000e+00
2.180683e-02  0.000000e+00  0.000000e+00  4.100719e-02  0.000000e+00  0.000000e+00  0.000000e+00  0.000000e+00  0.000000e+00  2.805755e-02  4.100719e-02  0.000000e+00  0.000000e+00  0.000000e+00  0.000000e+00
2.307602e-02  0.000000e+00  0.000000e+00  3.489209e-02  0.000000e+00  0.000000e+00  0.000000e+00  0.000000e+00  0.000000e+00  2.446043e-02  3.489209e-02  0.000000e+00  0.000000e+00  0.000000e+00  0.000000e+00
2.441908e-02  0.000000e+00  0.000000e+00  8.273381e-03  0.000000e+00  0.000000e+00  0.000000e+00  0.000000e+00  0.000000e+00  3.489209e-02  2.625899e-02  0.000000e+00  0.000000e+00  0.000000e+00  0.000000e+00
2.584031e-02  0.000000e+00  2.805755e-02  0.000000e+00  0.000000e+00  0.000000e+00  0.000000e+00  0.000000e+00  0.000000e+00  3.812950e-02  2.266187e-02  0.000000e+00  0.000000e+00  0.000000e+00  0.000000e+00
2.734426e-02  0.000000e+00  3.525180e-02  0.000000e+00  0.000000e+00  0.000000e+00  0.000000e+00  0.000000e+00  0.000000e+00  3.525180e-02  2.158273e-02  0.000000e+00  0.000000e+00  0.000000e+00  0.000000e+00
2.893574e-02  0.000000e+00  3.920863e-02  0.000000e+00  0.000000e+00  0.000000e+00  0.000000e+00  0.000000e+00  0.000000e+00  3.920863e-02  1.582734e-02  0.000000e+00  0.000000e+00  0.000000e+00  0.000000e+00
3.061984e-02  0.000000e+00  4.424460e-02  0.000000e+00  0.000000e+00  0.000000e+00  0.000000e+00  0.000000e+00  0.000000e+00  4.424460e-02  1.474820e-02  0.000000e+00  0.000000e+00  0.000000e+00  0.000000e+00
3.240196e-02  0.000000e+00  3.992806e-02  0.000000e+00  0.000000e+00  0.000000e+00  0.000000e+00  0.000000e+00  0.000000e+00  3.992806e-02  1.294964e-02  0.000000e+00  0.000000e+00  0.000000e+00  0.000000e+00
3.428780e-02  0.000000e+00  4.244604e-02  0.000000e+00  0.000000e+00  0.000000e+00  0.000000e+00  0.000000e+00  0.000000e+00  4.244604e-02  8.633094e-03  0.000000e+00  0.000000e+00  0.000000e+00  0.000000e+00
3.628341e-02  0.000000e+00  4.496403e-02  0.000000e+00  0.000000e+00  0.000000e+00  0.000000e+00  0.000000e+00  0.000000e+00  4.496403e-02  7.913669e-03  0.000000e+00  0.000000e+00  0.000000e+00  0.000000e+00
3.839516e-02  0.000000e+00  5.143885e-02  0.000000e+00  0.000000e+00  0.000000e+00  0.000000e+00  0.000000e+00  0.000000e+00  5.143885e-02  7.194245e-03  0.000000e+00  0.000000e+00  0.000000e+00  0.000000e+00
4.062981e-02  0.000000e+00  4.388489e-02  0.000000e+00  0.000000e+00  0.000000e+00  0.000000e+00  0.000000e+00  0.000000e+00  4.388489e-02  4.316547e-03  0.000000e+00  0.000000e+00  0.000000e+00  0.000000e+00
4.299453e-02  0.000000e+00  5.215827e-02  0.000000e+00  0.000000e+00  0.000000e+00  0.000000e+00  0.000000e+00  0.000000e+00  5.215827e-02  1.079137e-03  0.000000e+00  0.000000e+00  0.000000e+00  0.000000e+00
4.549688e-02  0.000000e+00  4.640288e-02  0.000000e+00  0.000000e+00  0.000000e+00  0.000000e+00  0.000000e+00  0.000000e+00  4.640288e-02  0.000000e+00  0.000000e+00  0.000000e+00  0.000000e+00  0.000000e+00
4.814487e-02  0.000000e+00  4.352518e-02  0.000000e+00  0.000000e+00  0.000000e+00  0.000000e+00  0.000000e+00  0.000000e+00  4.352518e-02  0.000000e+00  0.000000e+00  0.000000e+00  0.000000e+00  0.000000e+00
5.094697e-02  0.000000e+00  4.640288e-02  0.000000e+00  0.000000e+00  0.000000e+00  0.000000e+00  0.000000e+00  0.000000e+00  4.640288e-02  0.000000e+00  0.000000e+00  0.000000e+00  0.000000e+00  0.000000e+00
5.391216e-02  0.000000e+00  3.669065e-02  0.000000e+00  0.000000e+00  0.000000e+00  0.000000e+00  0.000000e+00  0.000000e+00  3.669065e-02  0.000000e+00  0.000000e+00  0.000000e+00  0.000000e+00  0.000000e+00
5.704993e-02  0.000000e+00  4.388489e-02  0.000000e+00  0.000000e+00  0.000000e+00  0.000000e+00  0.000000e+00  0.000000e+00  4.388489e-02  0.000000e+00  0.000000e+00  0.000000e+00  0.000000e+00  0.000000e+00
6.037033e-02  0.000000e+00  3.453237e-02  0.000000e+00  0.000000e+00  0.000000e+00  0.000000e+00  0.000000e+00  0.000000e+00  3.453237e-02  0.000000e+00  0.000000e+00  0.000000e+00  0.000000e+00  0.000000e+00
6.388397e-02  0.000000e+00  6.834532e-03  0.000000e+00  0.000000e+00  0.000000e+00  0.000000e+00  0.000000e+00  0.000000e+00  2.086331e-02  0.000000e+00  0.000000e+00  0.000000e+00  0.000000e+00  0.000000e+00
6.760212e-02  0.000000e+00  0.000000e+00  0.000000e+00  0.000000e+00  0.000000e+00  0.000000e+00  0.000000e+00  0.000000e+00  2.985612e-02  0.000000e+00  0.000000e+00  0.000000e+00  0.000000e+00  0.000000e+00
7.153667e-02  0.000000e+00  0.000000e+00  0.000000e+00  0.000000e+00  0.000000e+00  0.000000e+00  0.000000e+00  0.000000e+00  2.014388e-02  0.000000e+00  0.000000e+00  0.000000e+00  0.000000e+00  0.000000e+00
7.570021e-02  0.000000e+00  0.000000e+00  0.000000e+00  0.000000e+00  0.000000e+00  0.000000e+00  0.000000e+00  0.000000e+00  1.690647e-02  0.000000e+00  0.000000e+00  0.000000e+00  0.000000e+00  0.000000e+00
8.010608e-02  0.000000e+00  0.000000e+00  0.000000e+00  0.000000e+00  0.000000e+00  0.000000e+00  0.000000e+00  0.000000e+00  1.402878e-02  0.000000e+00  0.000000e+00  0.000000e+00  0.000000e+00  0.000000e+00
8.476837e-02  0.000000e+00  0.000000e+00  0.000000e+00  0.000000e+00  0.000000e+00  0.000000e+00  0.000000e+00  0.000000e+00  1.007194e-02  0.000000e+00  0.000000e+00  0.000000e+00  0.000000e+00  0.000000e+00
8.970202e-02  0.000000e+00  0.000000e+00  0.000000e+00  0.000000e+00  0.000000e+00  0.000000e+00  0.000000e+00  0.000000e+00  8.633094e-03  0.000000e+00  0.000000e+00  0.000000e+00  0.000000e+00  0.000000e+00
9.492282e-02  0.000000e+00  0.000000e+00  0.000000e+00  0.000000e+00  0.000000e+00  0.000000e+00  0.000000e+00  0.000000e+00  7.913669e-03  0.000000e+00  0.000000e+00  0.000000e+00  0.000000e+00  0.000000e+00
1.004475e-01  0.000000e+00  0.000000e+00  0.000000e+00  0.000000e+00  0.000000e+00  0.000000e+00  0.000000e+00  0.000000e+00  5.395683e-03  0.000000e+00  0.000000e+00  0.000000e+00  0.000000e+00  0.000000e+00
1.062937e-01  0.000000e+00  0.000000e+00  0.000000e+00  0.000000e+00  0.000000e+00  0.000000e+00  0.000000e+00  0.000000e+00  3.956835e-03  0.000000e+00  0.000000e+00  0.000000e+00  0.000000e+00  0.000000e+00
1.124801e-01  0.000000e+00  0.000000e+00  0.000000e+00  0.000000e+00  0.000000e+00  0.000000e+00  0.000000e+00  0.000000e+00  3.237410e-03  0.000000e+00  0.000000e+00  0.000000e+00  0.000000e+00  0.000000e+00
1.190266e-01  0.000000e+00  0.000000e+00  0.000000e+00  0.000000e+00  0.000000e+00  0.000000e+00  0.000000e+00  0.000000e+00  7.194245e-04  0.000000e+00  0.000000e+00  0.000000e+00  0.000000e+00  0.000000e+00
1.259542e-01  0.000000e+00  0.000000e+00  0.000000e+00  0.000000e+00  0.000000e+00  0.000000e+00  0.000000e+00  3.597122e-03  0.000000e+00  0.000000e+00  0.000000e+00  0.000000e+00  0.000000e+00  0.000000e+00
1.332849e-01  0.000000e+00  0.000000e+00  0.000000e+00  0.000000e+00  0.000000e+00  0.000000e+00  0.000000e+00  5.755396e-03  0.000000e+00  0.000000e+00  0.000000e+00  0.000000e+00  0.000000e+00  0.000000e+00
1.410423e-01  0.000000e+00  0.000000e+00  0.000000e+00  0.000000e+00  0.000000e+00  0.000000e+00  0.000000e+00  8.273381e-03  0.000000e+00  0.000000e+00  0.000000e+00  0.000000e+00  0.000000e+00  0.000000e+00
1.492512e-01  0.000000e+00  0.000000e+00  0.000000e+00  0.000000e+00  0.000000e+00  0.000000e+00  0.000000e+00  1.151079e-02  0.000000e+00  0.000000e+00  0.000000e+00  0.000000e+00  0.000000e+00  0.000000e+00
1.579378e-01  0.000000e+00  0.000000e+00  0.000000e+00  0.000000e+00  0.000000e+00  0.000000e+00  0.000000e+00  1.510791e-02  0.000000e+00  0.000000e+00  0.000000e+00  0.000000e+00  0.000000e+00  0.000000e+00
1.671300e-01  0.000000e+00  0.000000e+00  0.000000e+00  0.000000e+00  0.000000e+00  0.000000e+00  0.000000e+00  2.158273e-02  0.000000e+00  0.000000e+00  0.000000e+00  0.000000e+00  0.000000e+00  0.000000e+00
1.768572e-01  0.000000e+00  0.000000e+00  0.000000e+00  0.000000e+00  0.000000e+00  0.000000e+00  0.000000e+00  1.798561e-02  0.000000e+00  0.000000e+00  0.000000e+00  0.000000e+00  0.000000e+00  0.000000e+00
1.871506e-01  0.000000e+00  0.000000e+00  0.000000e+00  0.000000e+00  0.000000e+00  0.000000e+00  0.000000e+00  2.446043e-02  0.000000e+00  0.000000e+00  0.000000e+00  0.000000e+00  0.000000e+00  0.000000e+00
1.980431e-01  8.633094e-03  0.000000e+00  0.000000e+00  0.000000e+00  0.000000e+00  0.000000e+00  0.000000e+00  3.525180e-02  0.000000e+00  0.000000e+00  0.000000e+00  0.000000e+00  0.000000e+00  0.000000e+00
2.095695e-01  3.776978e-02  0.000000e+00  0.000000e+00  0.000000e+00  0.000000e+00  0.000000e+00  0.000000e+00  3.776978e-02  0.000000e+00  0.000000e+00  0.000000e+00  0.000000e+00  0.000000e+00  0.000000e+00
2.217667e-01  3.920863e-02  0.000000e+00  0.000000e+00  0.000000e+00  0.000000e+00  0.000000e+00  0.000000e+00  3.920863e-02  0.000000e+00  0.000000e+00  0.000000e+00  0.000000e+00  0.000000e+00  0.000000e+00
2.346739e-01  4.136691e-02  0.000000e+00  0.000000e+00  0.000000e+00  0.000000e+00  0.000000e+00  0.000000e+00  4.136691e-02  0.000000e+00  0.000000e+00  0.000000e+00  0.000000e+00  0.000000e+00  0.000000e+00
2.483323e-01  3.848921e-02  0.000000e+00  0.000000e+00  0.000000e+00  0.000000e+00  0.000000e+00  0.000000e+00  3.848921e-02  0.000000e+00  0.000000e+00  0.000000e+00  0.000000e+00  0.000000e+00  0.000000e+00
2.627856e-01  3.848921e-02  0.000000e+00  0.000000e+00  0.000000e+00  0.000000e+00  0.000000e+00  0.000000e+00  3.848921e-02  0.000000e+00  0.000000e+00  0.000000e+00  0.000000e+00  0.000000e+00  0.000000e+00
2.780801e-01  3.992806e-02  0.000000e+00  0.000000e+00  0.000000e+00  0.000000e+00  0.000000e+00  0.000000e+00  3.992806e-02  0.000000e+00  0.000000e+00  0.000000e+00  0.000000e+00  0.000000e+00  0.000000e+00
2.942648e-01  3.848921e-02  0.000000e+00  0.000000e+00  0.000000e+00  0.000000e+00  0.000000e+00  0.000000e+00  3.848921e-02  0.000000e+00  0.000000e+00  0.000000e+00  0.000000e+00  0.000000e+00  0.000000e+00
3.113915e-01  3.848921e-02  0.000000e+00  0.000000e+00  0.000000e+00  0.000000e+00  0.000000e+00  0.000000e+00  3.848921e-02  0.000000e+00  0.000000e+00  0.000000e+00  0.000000e+00  0.000000e+00  0.000000e+00
3.295149e-01  3.956835e-02  0.000000e+00  0.000000e+00  0.000000e+00  0.000000e+00  0.000000e+00  0.000000e+00  3.956835e-02  0.000000e+00  0.000000e+00  0.000000e+00  0.000000e+00  0.000000e+00  0.000000e+00
3.486932e-01  4.640288e-02  0.000000e+00  0.000000e+00  0.000000e+00  0.000000e+00  0.000000e+00  0.000000e+00  4.640288e-02  0.000000e+00  0.000000e+00  0.000000e+00  0.000000e+00  0.000000e+00  0.000000e+00
3.689877e-01  4.352518e-02  0.000000e+00  0.000000e+00  0.000000e+00  0.000000e+00  0.000000e+00  0.000000e+00  4.352518e-02  0.000000e+00  0.000000e+00  0.000000e+00  0.000000e+00  0.000000e+00  0.000000e+00
3.904633e-01  3.669065e-02  0.000000e+00  0.000000e+00  0.000000e+00  0.000000e+00  0.000000e+00  0.000000e+00  3.669065e-02  0.000000e+00  0.000000e+00  0.000000e+00  0.000000e+00  0.000000e+00  0.000000e+00
4.131889e-01  3.597122e-02  0.000000e+00  0.000000e+00  0.000000e+00  0.000000e+00  0.000000e+00  0.000000e+00  3.597122e-02  0.000000e+00  0.000000e+00  0.000000e+00  0.000000e+00  0.000000e+00  0.000000e+00
4.372371e-01  2.733813e-02  0.000000e+00  0.000000e+00  0.000000e+00  0.000000e+00  0.000000e+00  0.000000e+00  2.733813e-02  0.000000e+00  0.000000e+00  0.000000e+00  0.000000e+00  0.000000e+00  0.000000e+00
4.626850e-01  2.841727e-02  0.000000e+00  0.000000e+00  0.000000e+00  0.000000e+00  0.000000e+00  0.000000e+00  2.841727e-02  0.000000e+00  0.000000e+00  0.000000e+00  0.000000e+00  0.000000e+00  0.000000e+00
4.896140e-01  2.733813e-02  0.000000e+00  0.000000e+00  0.000000e+00  0.000000e+00  0.000000e+00  0.000000e+00  2.733813e-02  0.000000e+00  0.000000e+00  0.000000e+00  0.000000e+00  0.000000e+00  0.000000e+00
5.181103e-01  2.338129e-02  0.000000e+00  0.000000e+00  0.000000e+00  0.000000e+00  0.000000e+00  0.000000e+00  2.338129e-02  0.000000e+00  0.000000e+00  0.000000e+00  0.000000e+00  0.000000e+00  0.000000e+00
5.482651e-01  2.625899e-02  0.000000e+00  0.000000e+00  0.000000e+00  0.000000e+00  0.000000e+00  0.000000e+00  2.625899e-02  0.000000e+00  0.000000e+00  0.000000e+00  0.000000e+00  0.000000e+00  0.000000e+00
5.801749e-01  1.978417e-02  0.000000e+00  0.000000e+00  0.000000e+00  0.000000e+00  0.000000e+00  0.000000e+00  1.978417e-02  0.000000e+00  0.000000e+00  0.000000e+00  0.000000e+00  0.000000e+00  0.000000e+00
6.139420e-01  4.316547e-03  0.000000e+00  0.000000e+00  0.000000e+00  0.000000e+00  0.000000e+00  0.000000e+00  1.798561e-02  0.000000e+00  0.000000e+00  0.000000e+00  0.000000e+00  0.000000e+00  0.000000e+00
6.496744e-01  0.000000e+00  0.000000e+00  0.000000e+00  0.000000e+00  0.000000e+00  0.000000e+00  0.000000e+00  1.330935e-02  0.000000e+00  0.000000e+00  0.000000e+00  0.000000e+00  0.000000e+00  0.000000e+00
6.874864e-01  0.000000e+00  0.000000e+00  0.000000e+00  0.000000e+00  0.000000e+00  0.000000e+00  0.000000e+00  1.402878e-02  0.000000e+00  0.000000e+00  0.000000e+00  0.000000e+00  0.000000e+00  0.000000e+00
7.274992e-01  0.000000e+00  0.000000e+00  0.000000e+00  0.000000e+00  0.000000e+00  0.000000e+00  0.000000e+00  1.258993e-02  0.000000e+00  0.000000e+00  0.000000e+00  0.000000e+00  0.000000e+00  0.000000e+00
7.698407e-01  0.000000e+00  0.000000e+00  0.000000e+00  0.000000e+00  0.000000e+00  0.000000e+00  0.000000e+00  1.187050e-02  0.000000e+00  0.000000e+00  0.000000e+00  0.000000e+00  0.000000e+00  0.000000e+00
8.146466e-01  0.000000e+00  0.000000e+00  0.000000e+00  0.000000e+00  0.000000e+00  0.000000e+00  0.000000e+00  1.043165e-02  0.000000e+00  0.000000e+00  0.000000e+00  0.000000e+00  0.000000e+00  0.000000e+00
8.620603e-01  0.000000e+00  0.000000e+00  0.000000e+00  0.000000e+00  0.000000e+00  0.000000e+00  0.000000e+00  7.913669e-03  0.000000e+00  0.000000e+00  0.000000e+00  0.000000e+00  0.000000e+00  0.000000e+00
9.122336e-01  0.000000e+00  0.000000e+00  0.000000e+00  0.000000e+00  0.000000e+00  0.000000e+00  0.000000e+00  5.755396e-03  0.000000e+00  0.000000e+00  0.000000e+00  0.000000e+00  0.000000e+00  0.000000e+00
9.653269e-01  0.000000e+00  0.000000e+00  0.000000e+00  0.000000e+00  0.000000e+00  0.000000e+00  0.000000e+00  7.553957e-03  0.000000e+00  0.000000e+00  0.000000e+00  0.000000e+00  0.000000e+00  0.000000e+00
1.021510e+00  0.000000e+00  0.000000e+00  0.000000e+00  0.000000e+00  0.000000e+00  0.000000e+00  0.000000e+00  3.597122e-03  0.000000e+00  0.000000e+00  0.000000e+00  0.000000e+00  0.000000e+00  0.000000e+00
1.080964e+00  0.000000e+00  0.000000e+00  0.000000e+00  0.000000e+00  0.000000e+00  0.000000e+00  0.000000e+00  7.194245e-03  0.000000e+00  0.000000e+00  0.000000e+00  0.000000e+00  0.000000e+00  0.000000e+00
1.143878e+00  0.000000e+00  0.000000e+00  0.000000e+00  0.000000e+00  0.000000e+00  0.000000e+00  0.000000e+00  4.676259e-03  0.000000e+00  0.000000e+00  0.000000e+00  0.000000e+00  0.000000e+00  0.000000e+00
1.210453e+00  0.000000e+00  0.000000e+00  0.000000e+00  0.000000e+00  0.000000e+00  0.000000e+00  0.000000e+00  2.877698e-03  0.000000e+00  0.000000e+00  0.000000e+00  0.000000e+00  0.000000e+00  0.000000e+00
1.280903e+00  0.000000e+00  0.000000e+00  0.000000e+00  0.000000e+00  0.000000e+00  0.000000e+00  0.000000e+00  5.755396e-03  0.000000e+00  0.000000e+00  0.000000e+00  0.000000e+00  0.000000e+00  0.000000e+00
1.355454e+00  0.000000e+00  0.000000e+00  0.000000e+00  0.000000e+00  0.000000e+00  0.000000e+00  0.000000e+00  2.517986e-03  0.000000e+00  0.000000e+00  0.000000e+00  0.000000e+00  0.000000e+00  0.000000e+00
1.434343e+00  0.000000e+00  0.000000e+00  0.000000e+00  0.000000e+00  0.000000e+00  0.000000e+00  0.000000e+00  2.158273e-03  0.000000e+00  0.000000e+00  0.000000e+00  0.000000e+00  0.000000e+00  0.000000e+00
1.517824e+00  0.000000e+00  0.000000e+00  0.000000e+00  0.000000e+00  0.000000e+00  0.000000e+00  0.000000e+00  1.798561e-03  0.000000e+00  0.000000e+00  0.000000e+00  0.000000e+00  0.000000e+00  0.000000e+00
1.606164e+00  0.000000e+00  0.000000e+00  0.000000e+00  0.000000e+00  0.000000e+00  0.000000e+00  0.000000e+00  2.158273e-03  0.000000e+00  0.000000e+00  0.000000e+00  0.000000e+00  0.000000e+00  0.000000e+00
1.699645e+00  0.000000e+00  0.000000e+00  0.000000e+00  0.000000e+00  0.000000e+00  0.000000e+00  0.000000e+00  1.798561e-03  0.000000e+00  0.000000e+00  0.000000e+00  0.000000e+00  0.000000e+00  0.000000e+00
1.798567e+00  0.000000e+00  0.000000e+00  0.000000e+00  0.000000e+00  0.000000e+00  0.000000e+00  0.000000e+00  1.798561e-03  0.000000e+00  0.000000e+00  0.000000e+00  0.000000e+00  0.000000e+00  0.000000e+00
1.903247e+00  0.000000e+00  0.000000e+00  0.000000e+00  0.000000e+00  0.000000e+00  0.000000e+00  0.000000e+00  1.438849e-03  0.000000e+00  0.000000e+00  0.000000e+00  0.000000e+00  0.000000e+00  0.000000e+00
