8.862726e-01  0.000000e+00  0.000000e+00  0.000000e+00  0.000000e+00  0.000000e+00  0.000000e+00  0.000000e+00  0.000000e+00  0.000000e+00  0.000000e+00  0.000000e+00  1.988528e-02  1.988528e-02  1.988528e-02
9.793030e-01  0.000000e+00  0.000000e+00  0.000000e+00  0.000000e+00  0.000000e+00  0.000000e+00  0.000000e+00  0.000000e+00  0.000000e+00  0.000000e+00  0.000000e+00  2.294455e-02  2.294455e-02  2.294455e-02
1.082099e+00  0.000000e+00  0.000000e+00  0.000000e+00  0.000000e+00  0.000000e+00  0.000000e+00  0.000000e+00  0.000000e+00  0.000000e+00  0.000000e+00  1.892925e-02  3.652008e-02  3.652008e-02  3.652008e-02
1.195685e+00  0.000000e+00  0.000000e+00  0.000000e+00  0.000000e+00  0.000000e+00  0.000000e+00  0.000000e+00  0.000000e+00  0.000000e+00  0.000000e+00  2.772467e-02  3.632887e-02  3.632887e-02  3.632887e-02
1.321193e+00  0.000000e+00  0.000000e+00  0.000000e+00  0.000000e+00  2.351816e-02  2.351816e-02  2.351816e-02  0.000000e+00  0.000000e+00  0.000000e+00  4.034417e-02  4.282983e-02  4.282983e-02  4.282983e-02
1.459877e+00  0.000000e+00  0.000000e+00  0.000000e+00  1.529637e-03  5.258126e-02  5.258126e-02  5.258126e-02  0.000000e+00  0.000000e+00  0.000000e+00  4.952199e-02  5.258126e-02  5.258126e-02  5.258126e-02
1.613117e+00  0.000000e+00  0.000000e+00  0.000000e+00  6.042065e-02  6.462715e-02  6.462715e-02  6.462715e-02  0.000000e+00  0.000000e+00  0.000000e+00  6.042065e-02  6.462715e-02  6.462715e-02  6.462715e-02
1.782443e+00  0.000000e+00  0.000000e+00  0.000000e+00  6.137667e-02  6.214149e-02  6.214149e-02  6.214149e-02  0.000000e+00  0.000000e+00  0.000000e+00  6.137667e-02  6.214149e-02  6.214149e-02  6.214149e-02
1.969543e+00  0.000000e+00  0.000000e+00  0.000000e+00  6.653920e-02  6.309751e-02  6.309751e-02  6.309751e-02  0.000000e+00  0.000000e+00  0.000000e+00  6.653920e-02  6.309751e-02  6.309751e-02  6.309751e-02
2.176283e+00  0.000000e+00  0.000000e+00  0.000000e+00  7.877629e-02  7.629063e-02  7.629063e-02  7.629063e-02  0.000000e+00  0.000000e+00  0.000000e+00  7.877629e-02  7.629063e-02  7.629063e-02  7.629063e-02
2.404723e+00  0.000000e+00  0.000000e+00  0.000000e+00  7.552581e-02  6.921606e-02  6.921606e-02  6.921606e-02  0.000000e+00  0.000000e+00  4.971319e-03  7.552581e-02  6.921606e-02  6.921606e-02  6.921606e-02
2.657142e+00  0.000000e+00  0.000000e+00  0.000000e+00  6.787763e-02  5.984704e-02  5.984704e-02  5.984704e-02  0.000000e+00  0.000000e+00  7.839388e-03  6.787763e-02  5.984704e-02  5.984704e-02  5.984704e-02
2.936058e+00  0.000000e+00  0.000000e+00  0.000000e+00  7.686424e-02  6.539197e-02  6.539197e-02  6.539197e-02  0.000000e+00  0.000000e+00  1.013384e-02  7.686424e-02  6.539197e-02  6.539197e-02  6.539197e-02
3.244251e+00  0.000000e+00  0.000000e+00  0.000000e+00  6.539197e-02  5.736138e-02  5.736138e-02  5.736138e-02  0.000000e+00  0.000000e+00  1.108987e-02  6.539197e-02  5.736138e-02  5.736138e-02  5.736138e-02
3.584794e+00  0.000000e+00  0.000000e+00  0.000000e+00  5.678776e-02  5.009560e-02  5.009560e-02  5.009560e-02  0.000000e+00  0.000000e+00  1.185468e-02  5.678776e-02  5.009560e-02  5.009560e-02  5.009560e-02
3.961083e+00  0.000000e+00  0.000000e+00  0.000000e+00  4.875717e-02  3.575526e-02  3.575526e-02  3.575526e-02  0.000000e+00  0.000000e+00  1.682600e-02  4.875717e-02  4.168260e-02  4.168260e-02  4.168260e-02
4.376871e+00  0.000000e+00  0.000000e+00  0.000000e+00  2.007648e-02  0.000000e+00  0.000000e+00  0.000000e+00  0.000000e+00  0.000000e+00  1.663480e-02  4.856597e-02  4.244742e-02  4.244742e-02  4.244742e-02
4.836303e+00  0.000000e+00  0.000000e+00  0.000000e+00  0.000000e+00  0.000000e+00  0.000000e+00  0.000000e+00  0.000000e+00  0.000000e+00  1.720841e-02  3.384321e-02  2.944551e-02  2.944551e-02  2.944551e-02
5.343961e+00  0.000000e+00  0.000000e+00  0.000000e+00  0.000000e+00  0.000000e+00  0.000000e+00  0.000000e+00  0.000000e+00  0.000000e+00  2.122371e-02  2.829828e-02  2.428298e-02  2.428298e-02  2.428298e-02
5.904907e+00  0.000000e+00  0.000000e+00  4.206501e-03  0.000000e+00  0.000000e+00  0.000000e+00  0.000000e+00  0.000000e+00  0.000000e+00  2.141491e-02  2.237094e-02  1.988528e-02  1.988528e-02  1.988528e-02
6.524734e+00  0.000000e+00  0.000000e+00  2.390057e-02  0.000000e+00  0.000000e+00  0.000000e+00  0.000000e+00  0.000000e+00  0.000000e+00  2.390057e-02  1.472275e-02  1.108987e-02  1.108987e-02  1.108987e-02
7.209624e+00  0.000000e+00  0.000000e+00  2.179732e-02  0.000000e+00  0.000000e+00  0.000000e+00  0.000000e+00  0.000000e+00  0.000000e+00  2.179732e-02  7.265774e-03  1.912046e-03  1.912046e-03  1.912046e-03
7.966405e+00  0.000000e+00  0.000000e+00  2.390057e-02  0.000000e+00  0.000000e+00  0.000000e+00  0.000000e+00  0.000000e+00  0.000000e+00  2.390057e-02  0.000000e+00  0.000000e+00  0.000000e+00  0.000000e+00
8.802624e+00  0.000000e+00  0.000000e+00  2.409178e-02  0.000000e+00  0.000000e+00  0.000000e+00  0.000000e+00  0.000000e+00  4.206501e-03  2.409178e-02  0.000000e+00  0.000000e+00  0.000000e+00  0.000000e+00
9.726620e+00  0.000000e+00  0.000000e+00  2.179732e-02  0.000000e+00  0.000000e+00  0.000000e+00  0.000000e+00  0.000000e+00  7.456979e-03  2.179732e-02  0.000000e+00  0.000000e+00  0.000000e+00  0.000000e+00
1.074761e+01  0.000000e+00  0.000000e+00  3.040153e-02  0.000000e+00  0.000000e+00  0.000000e+00  0.000000e+00  0.000000e+00  8.221797e-03  3.040153e-02  0.000000e+00  0.000000e+00  0.000000e+00  0.000000e+00
1.187576e+01  0.000000e+00  0.000000e+00  2.944551e-02  0.000000e+00  0.000000e+00  0.000000e+00  0.000000e+00  0.000000e+00  1.185468e-02  2.944551e-02  0.000000e+00  0.000000e+00  0.000000e+00  0.000000e+00
1.312234e+01  0.000000e+00  0.000000e+00  2.982792e-02  0.000000e+00  0.000000e+00  0.000000e+00  0.000000e+00  0.000000e+00  1.319312e-02  2.982792e-02  0.000000e+00  0.000000e+00  0.000000e+00  0.000000e+00
1.449977e+01  0.000000e+00  0.000000e+00  2.409178e-02  0.000000e+00  0.000000e+00  0.000000e+00  0.000000e+00  0.000000e+00  1.510516e-02  2.409178e-02  0.000000e+00  0.000000e+00  0.000000e+00  0.000000e+00
1.602178e+01  0.000000e+00  0.000000e+00  2.581262e-02  0.000000e+00  0.000000e+00  0.000000e+00  0.000000e+00  0.000000e+00  1.147228e-02  2.581262e-02  0.000000e+00  0.000000e+00  0.000000e+00  0.000000e+00
1.770356e+01  0.000000e+00  0.000000e+00  2.925430e-02  0.000000e+00  0.000000e+00  0.000000e+00  0.000000e+00  0.000000e+00  1.797323e-02  2.925430e-02  0.000000e+00  0.000000e+00  0.000000e+00  0.000000e+00
1.956187e+01  0.000000e+00  0.000000e+00  3.479924e-02  0.000000e+00  0.000000e+00  0.000000e+00  0.000000e+00  0.000000e+00  2.026769e-02  3.479924e-02  0.000000e+00  0.000000e+00  0.000000e+00  0.000000e+00
2.161524e+01  0.000000e+00  0.000000e+00  2.963671e-02  0.000000e+00  0.000000e+00  0.000000e+00  0.000000e+00  0.000000e+00  1.988528e-02  2.963671e-02  0.000000e+00  0.000000e+00  0.000000e+00  0.000000e+00
2.388416e+01  0.000000e+00  1.548757e-02  3.326960e-02  0.000000e+00  0.000000e+00  0.000000e+00  0.000000e+00  0.000000e+00  2.084130e-02  3.326960e-02  0.000000e+00  0.000000e+00  0.000000e+00  0.000000e+00
2.639123e+01  0.000000e+00  2.504780e-02  3.059273e-02  0.000000e+00  0.000000e+00  0.000000e+00  0.000000e+00  0.000000e+00  2.504780e-02  3.059273e-02  0.000000e+00  0.000000e+00  0.000000e+00  0.000000e+00
2.916147e+01  0.000000e+00  2.829828e-02  3.154876e-02  0.000000e+00  0.000000e+00  0.000000e+00  0.000000e+00  0.000000e+00  2.829828e-02  3.154876e-02  0.000000e+00  0.000000e+00  0.000000e+00  0.000000e+00
3.222250e+01  0.000000e+00  2.466539e-02  3.594646e-02  0.000000e+00  0.000000e+00  0.000000e+00  0.000000e+00  0.000000e+00  2.466539e-02  3.594646e-02  0.000000e+00  0.000000e+00  0.000000e+00  0.000000e+00
3.560484e+01  0.000000e+00  2.485660e-02  3.135755e-02  0.000000e+00  0.000000e+00  0.000000e+00  0.000000e+00  0.000000e+00  2.485660e-02  3.135755e-02  0.000000e+00  0.000000e+00  0.000000e+00  0.000000e+00
3.934221e+01  0.000000e+00  2.543021e-02  2.791587e-02  0.000000e+00  0.000000e+00  0.000000e+00  0.000000e+00  0.000000e+00  2.543021e-02  2.791587e-02  0.000000e+00  0.000000e+00  0.000000e+00  0.000000e+00
4.347189e+01  0.000000e+00  2.791587e-02  3.556405e-02  0.000000e+00  0.000000e+00  0.000000e+00  0.000000e+00  0.000000e+00  2.791587e-02  3.556405e-02  0.000000e+00  0.000000e+00  0.000000e+00  0.000000e+00
4.803506e+01  0.000000e+00  3.116635e-02  2.868069e-02  0.000000e+00  0.000000e+00  0.000000e+00  0.000000e+00  0.000000e+00  3.116635e-02  2.868069e-02  0.000000e+00  0.000000e+00  0.000000e+00  0.000000e+00
5.307721e+01  0.000000e+00  2.772467e-02  2.084130e-02  0.000000e+00  0.000000e+00  0.000000e+00  0.000000e+00  0.000000e+00  2.772467e-02  2.084130e-02  0.000000e+00  0.000000e+00  0.000000e+00  0.000000e+00
5.864863e+01  0.000000e+00  2.925430e-02  2.370937e-02  0.000000e+00  0.000000e+00  0.000000e+00  0.000000e+00  0.000000e+00  2.925430e-02  2.370937e-02  0.000000e+00  0.000000e+00  0.000000e+00  0.000000e+00
6.480487e+01  0.000000e+00  3.135755e-02  2.084130e-02  0.000000e+00  0.000000e+00  0.000000e+00  0.000000e+00  0.000000e+00  3.135755e-02  2.084130e-02  0.000000e+00  0.000000e+00  0.000000e+00  0.000000e+00
7.160732e+01  0.000000e+00  3.097514e-02  6.692161e-03  0.000000e+00  0.000000e+00  0.000000e+00  0.000000e+00  0.000000e+00  3.097514e-02  2.065010e-02  0.000000e+00  0.000000e+00  0.000000e+00  0.000000e+00
7.912382e+01  0.000000e+00  3.212237e-02  0.000000e+00  0.000000e+00  0.000000e+00  0.000000e+00  0.000000e+00  0.000000e+00  3.212237e-02  1.644359e-02  0.000000e+00  0.000000e+00  0.000000e+00  0.000000e+00
8.742930e+01  0.000000e+00  3.307839e-02  0.000000e+00  0.000000e+00  0.000000e+00  0.000000e+00  0.000000e+00  0.000000e+00  3.307839e-02  1.395793e-02  0.000000e+00  0.000000e+00  0.000000e+00  0.000000e+00
9.660659e+01  0.000000e+00  2.695985e-02  0.000000e+00  0.000000e+00  0.000000e+00  0.000000e+00  0.000000e+00  0.000000e+00  2.695985e-02  1.242830e-02  0.000000e+00  0.000000e+00  0.000000e+00  0.000000e+00
1.067472e+02  0.000000e+00  3.422562e-02  0.000000e+00  0.000000e+00  0.000000e+00  0.000000e+00  0.000000e+00  0.000000e+00  3.422562e-02  1.128107e-02  0.000000e+00  0.000000e+00  0.000000e+00  0.000000e+00
1.179523e+02  0.000000e+00  3.556405e-02  0.000000e+00  0.000000e+00  0.000000e+00  0.000000e+00  0.000000e+00  0.000000e+00  3.556405e-02  1.204589e-02  0.000000e+00  0.000000e+00  0.000000e+00  0.000000e+00
1.303335e+02  0.000000e+00  3.212237e-02  0.000000e+00  0.000000e+00  0.000000e+00  0.000000e+00  0.000000e+00  2.485660e-03  3.212237e-02  6.500956e-03  0.000000e+00  0.000000e+00  0.000000e+00  0.000000e+00
1.440144e+02  0.000000e+00  2.638623e-02  0.000000e+00  0.000000e+00  0.000000e+00  0.000000e+00  0.000000e+00  8.986616e-03  2.638623e-02  6.692161e-03  0.000000e+00  0.000000e+00  0.000000e+00  0.000000e+00
1.591313e+02  0.000000e+00  2.791587e-02  0.000000e+00  0.000000e+00  0.000000e+00  0.000000e+00  0.000000e+00  6.883365e-03  2.791587e-02  7.074570e-03  0.000000e+00  0.000000e+00  0.000000e+00  0.000000e+00
1.758350e+02  0.000000e+00  2.543021e-02  0.000000e+00  0.000000e+00  0.000000e+00  0.000000e+00  0.000000e+00  8.986616e-03  2.543021e-02  4.971319e-03  0.000000e+00  0.000000e+00  0.000000e+00  0.000000e+00
1.942921e+02  0.000000e+00  2.256214e-02  0.000000e+00  0.000000e+00  0.000000e+00  0.000000e+00  0.000000e+00  1.089866e-02  2.256214e-02  4.588910e-03  0.000000e+00  0.000000e+00  0.000000e+00  0.000000e+00
2.146866e+02  0.000000e+00  2.447419e-02  0.000000e+00  0.000000e+00  0.000000e+00  0.000000e+00  0.000000e+00  1.166348e-02  2.447419e-02  5.927342e-03  0.000000e+00  0.000000e+00  0.000000e+00  0.000000e+00
2.372219e+02  0.000000e+00  2.026769e-02  0.000000e+00  0.000000e+00  0.000000e+00  0.000000e+00  0.000000e+00  1.204589e-02  2.026769e-02  4.206501e-03  0.000000e+00  0.000000e+00  0.000000e+00  0.000000e+00
2.621226e+02  0.000000e+00  1.663480e-02  0.000000e+00  0.000000e+00  0.000000e+00  0.000000e+00  0.000000e+00  1.434034e-02  1.835564e-02  3.250478e-03  0.000000e+00  0.000000e+00  0.000000e+00  0.000000e+00
2.896372e+02  0.000000e+00  0.000000e+00  0.000000e+00  0.000000e+00  0.000000e+00  0.000000e+00  0.000000e+00  1.472275e-02  1.548757e-02  3.059273e-03  0.000000e+00  0.000000e+00  0.000000e+00  0.000000e+00
3.200399e+02  0.000000e+00  0.000000e+00  0.000000e+00  0.000000e+00  0.000000e+00  0.000000e+00  0.000000e+00  1.472275e-02  1.453155e-02  2.676864e-03  0.000000e+00  0.000000e+00  0.000000e+00  0.000000e+00
3.536339e+02  0.000000e+00  0.000000e+00  0.000000e+00  0.000000e+00  0.000000e+00  0.000000e+00  0.000000e+00  1.912046e-02  1.338432e-02  4.015296e-03  0.000000e+00  0.000000e+00  0.000000e+00  0.000000e+00
3.907542e+02  6.500956e-03  0.000000e+00  0.000000e+00  0.000000e+00  0.000000e+00  0.000000e+00  0.000000e+00  1.663480e-02  9.942639e-03  1.912046e-03  0.000000e+00  0.000000e+00  0.000000e+00  0.000000e+00
4.317709e+02  1.797323e-02  0.000000e+00  0.000000e+00  0.000000e+00  0.000000e+00  0.000000e+00  0.000000e+00  1.797323e-02  8.221797e-03  0.000000e+00  0.000000e+00  0.000000e+00  0.000000e+00  0.000000e+00
4.770932e+02  1.797323e-02  0.000000e+00  0.000000e+00  0.000000e+00  0.000000e+00  0.000000e+00  0.000000e+00  1.797323e-02  7.648184e-03  0.000000e+00  0.000000e+00  0.000000e+00  0.000000e+00  0.000000e+00
5.271728e+02  2.065010e-02  0.000000e+00  0.000000e+00  0.000000e+00  0.000000e+00  0.000000e+00  0.000000e+00  2.065010e-02  7.456979e-03  0.000000e+00  0.000000e+00  0.000000e+00  0.000000e+00  0.000000e+00
5.825091e+02  2.237094e-02  0.000000e+00  0.000000e+00  0.000000e+00  0.000000e+00  0.000000e+00  0.000000e+00  2.237094e-02  5.736138e-03  0.000000e+00  0.000000e+00  0.000000e+00  0.000000e+00  0.000000e+00
6.436541e+02  1.988528e-02  0.000000e+00  0.000000e+00  0.000000e+00  0.000000e+00  0.000000e+00  0.000000e+00  1.988528e-02  7.074570e-03  0.000000e+00  0.000000e+00  0.000000e+00  0.000000e+00  0.000000e+00
7.112173e+02  2.217973e-02  0.000000e+00  0.000000e+00  0.000000e+00  0.000000e+00  0.000000e+00  0.000000e+00  2.217973e-02  4.397706e-03  0.000000e+00  0.000000e+00  0.000000e+00  0.000000e+00  0.000000e+00
7.858725e+02  2.313576e-02  0.000000e+00  0.000000e+00  0.000000e+00  0.000000e+00  0.000000e+00  0.000000e+00  2.313576e-02  4.397706e-03  0.000000e+00  0.000000e+00  0.000000e+00  0.000000e+00  0.000000e+00
8.683641e+02  1.682600e-02  0.000000e+00  0.000000e+00  0.000000e+00  0.000000e+00  0.000000e+00  0.000000e+00  1.682600e-02  5.544933e-03  0.000000e+00  0.000000e+00  0.000000e+00  0.000000e+00  0.000000e+00
9.595147e+02  1.548757e-02  0.000000e+00  0.000000e+00  0.000000e+00  0.000000e+00  0.000000e+00  0.000000e+00  1.548757e-02  4.588910e-03  0.000000e+00  0.000000e+00  0.000000e+00  0.000000e+00  0.000000e+00
1.060233e+03  1.835564e-02  0.000000e+00  0.000000e+00  0.000000e+00  0.000000e+00  0.000000e+00  0.000000e+00  1.835564e-02  4.206501e-03  0.000000e+00  0.000000e+00  0.000000e+00  0.000000e+00  0.000000e+00
1.171524e+03  1.969407e-02  0.000000e+00  0.000000e+00  0.000000e+00  0.000000e+00  0.000000e+00  0.000000e+00  1.969407e-02  2.868069e-03  0.000000e+00  0.000000e+00  0.000000e+00  0.000000e+00  0.000000e+00
1.294497e+03  1.759082e-02  0.000000e+00  0.000000e+00  0.000000e+00  0.000000e+00  0.000000e+00  0.000000e+00  1.759082e-02  4.015296e-03  0.000000e+00  0.000000e+00  0.000000e+00  0.000000e+00  0.000000e+00
1.430378e+03  1.586998e-02  0.000000e+00  0.000000e+00  0.000000e+00  0.000000e+00  0.000000e+00  0.000000e+00  1.586998e-02  3.059273e-03  0.000000e+00  0.000000e+00  0.000000e+00  0.000000e+00  0.000000e+00
1.580522e+03  1.759082e-02  0.000000e+00  0.000000e+00  0.000000e+00  0.000000e+00  0.000000e+00  0.000000e+00  1.759082e-02  2.868069e-03  0.000000e+00  0.000000e+00  0.000000e+00  0.000000e+00  0.000000e+00
1.746426e+03  1.625239e-02  0.000000e+00  0.000000e+00  0.000000e+00  0.000000e+00  0.000000e+00  0.000000e+00  1.625239e-02  2.103250e-03  0.000000e+00  0.000000e+00  0.000000e+00  0.000000e+00  0.000000e+00
1.929746e+03  1.319312e-02  0.000000e+00  0.000000e+00  0.000000e+00  0.000000e+00  0.000000e+00  0.000000e+00  1.319312e-02  3.250478e-03  0.000000e+00  0.000000e+00  0.000000e+00  0.000000e+00  0.000000e+00
2.132307e+03  1.204589e-02  0.000000e+00  0.000000e+00  0.000000e+00  0.000000e+00  0.000000e+00  0.000000e+00  1.204589e-02  1.529637e-03  0.000000e+00  0.000000e+00  0.000000e+00  0.000000e+00  0.000000e+00
2.356132e+03  1.261950e-02  0.000000e+00  0.000000e+00  0.000000e+00  0.000000e+00  0.000000e+00  0.000000e+00  1.261950e-02  9.560229e-04  0.000000e+00  0.000000e+00  0.000000e+00  0.000000e+00  0.000000e+00
2.603451e+03  1.281071e-02  0.000000e+00  0.000000e+00  0.000000e+00  0.000000e+00  0.000000e+00  0.000000e+00  1.281071e-02  0.000000e+00  0.000000e+00  0.000000e+00  0.000000e+00  0.000000e+00  0.000000e+00
2.876730e+03  1.759082e-02  0.000000e+00  0.000000e+00  0.000000e+00  0.000000e+00  0.000000e+00  0.000000e+00  1.759082e-02  0.000000e+00  0.000000e+00  0.000000e+00  0.000000e+00  0.000000e+00  0.000000e+00
3.178696e+03  1.434034e-02  0.000000e+00  0.000000e+00  0.000000e+00  0.000000e+00  0.000000e+00  0.000000e+00  1.434034e-02  0.000000e+00  0.000000e+00  0.000000e+00  0.000000e+00  0.000000e+00  0.000000e+00
3.512357e+03  1.854685e-02  0.000000e+00  0.000000e+00  0.000000e+00  0.000000e+00  0.000000e+00  0.000000e+00  1.854685e-02  0.000000e+00  0.000000e+00  0.000000e+00  0.000000e+00  0.000000e+00  0.000000e+00
3.881043e+03  1.529637e-02  0.000000e+00  0.000000e+00  0.000000e+00  0.000000e+00  0.000000e+00  0.000000e+00  1.529637e-02  0.000000e+00  0.000000e+00  0.000000e+00  0.000000e+00  0.000000e+00  0.000000e+00
4.288429e+03  1.606119e-02  0.000000e+00  0.000000e+00  0.000000e+00  0.000000e+00  0.000000e+00  0.000000e+00  1.606119e-02  0.000000e+00  0.000000e+00  0.000000e+00  0.000000e+00  0.000000e+00  0.000000e+00
4.738578e+03  1.854685e-02  0.000000e+00  0.000000e+00  0.000000e+00  0.000000e+00  0.000000e+00  0.000000e+00  1.854685e-02  0.000000e+00  0.000000e+00  0.000000e+00  0.000000e+00  0.000000e+00  0.000000e+00
5.235978e+03  1.453155e-02  0.000000e+00  0.000000e+00  0.000000e+00  0.000000e+00  0.000000e+00  0.000000e+00  1.453155e-02  0.000000e+00  0.000000e+00  0.000000e+00  0.000000e+00  0.000000e+00  0.000000e+00
5.785589e+03  1.854685e-02  0.000000e+00  0.000000e+00  0.000000e+00  0.000000e+00  0.000000e+00  0.000000e+00  1.854685e-02  0.000000e+00  0.000000e+00  0.000000e+00  0.000000e+00  0.000000e+00  0.000000e+00
6.392892e+03  1.892925e-02  0.000000e+00  0.000000e+00  0.000000e+00  0.000000e+00  0.000000e+00  0.000000e+00  1.892925e-02  0.000000e+00  0.000000e+00  0.000000e+00  0.000000e+00  0.000000e+00  0.000000e+00
7.063942e+03  1.414914e-02  0.000000e+00  0.000000e+00  0.000000e+00  0.000000e+00  0.000000e+00  0.000000e+00  1.414914e-02  0.000000e+00  0.000000e+00  0.000000e+00  0.000000e+00  0.000000e+00  0.000000e+00
7.805431e+03  1.720841e-02  0.000000e+00  0.000000e+00  0.000000e+00  0.000000e+00  0.000000e+00  0.000000e+00  1.720841e-02  0.000000e+00  0.000000e+00  0.000000e+00  0.000000e+00  0.000000e+00  0.000000e+00
8.624753e+03  1.567878e-02  0.000000e+00  0.000000e+00  0.000000e+00  0.000000e+00  0.000000e+00  0.000000e+00  1.567878e-02  0.000000e+00  0.000000e+00  0.000000e+00  0.000000e+00  0.000000e+00  0.000000e+00
9.530078e+03  1.816444e-02  0.000000e+00  0.000000e+00  0.000000e+00  0.000000e+00  0.000000e+00  0.000000e+00  1.816444e-02  0.000000e+00  0.000000e+00  0.000000e+00  0.000000e+00  0.000000e+00  0.000000e+00
1.053043e+04  1.453155e-02  0.000000e+00  0.000000e+00  0.000000e+00  0.000000e+00  0.000000e+00  0.000000e+00  1.453155e-02  0.000000e+00  0.000000e+00  0.000000e+00  0.000000e+00  0.000000e+00  0.000000e+00
1.163579e+04  1.357553e-02  0.000000e+00  0.000000e+00  0.000000e+00  0.000000e+00  0.000000e+00  0.000000e+00  1.357553e-02  0.000000e+00  0.000000e+00  0.000000e+00  0.000000e+00  0.000000e+00  0.000000e+00
1.285718e+04  1.644359e-02  0.000000e+00  0.000000e+00  0.000000e+00  0.000000e+00  0.000000e+00  0.000000e+00  1.644359e-02  0.000000e+00  0.000000e+00  0.000000e+00  0.000000e+00  0.000000e+00  0.000000e+00
1.420678e+04  1.376673e-02  0.000000e+00  0.000000e+00  0.000000e+00  0.000000e+00  0.000000e+00  0.000000e+00  1.376673e-02  0.000000e+00  0.000000e+00  0.000000e+00  0.000000e+00  0.000000e+00  0.000000e+00
1.569804e+04  1.032505e-02  0.000000e+00  0.000000e+00  0.000000e+00  0.000000e+00  0.000000e+00  0.000000e+00  1.032505e-02  0.000000e+00  0.000000e+00  0.000000e+00  0.000000e+00  0.000000e+00  0.000000e+00
1.734583e+04  1.147228e-02  0.000000e+00  0.000000e+00  0.000000e+00  0.000000e+00  0.000000e+00  0.000000e+00  1.147228e-02  0.000000e+00  0.000000e+00  0.000000e+00  0.000000e+00  0.000000e+00  0.000000e+00
1.916659e+04  1.128107e-02  0.000000e+00  0.000000e+00  0.000000e+00  0.000000e+00  0.000000e+00  0.000000e+00  1.128107e-02  0.000000e+00  0.000000e+00  0.000000e+00  0.000000e+00  0.000000e+00  0.000000e+00
2.117847e+04  1.108987e-02  0.000000e+00  0.000000e+00  0.000000e+00  0.000000e+00  0.000000e+00  0.000000e+00  1.108987e-02  0.000000e+00  0.000000e+00  0.000000e+00  0.000000e+00  0.000000e+00  0.000000e+00
2.340154e+04  9.369025e-03  0.000000e+00  0.000000e+00  0.000000e+00  0.000000e+00  0.000000e+00  0.000000e+00  9.369025e-03  0.000000e+00  0.000000e+00  0.000000e+00  0.000000e+00  0.000000e+00  0.000000e+00
2.585796e+04  8.795411e-03  0.000000e+00  0.000000e+00  0.000000e+00  0.000000e+00  0.000000e+00  0.000000e+00  8.795411e-03  0.000000e+00  0.000000e+00  0.000000e+00  0.000000e+00  0.000000e+00  0.000000e+00
2.857222e+04  2.676864e-03  0.000000e+00  0.000000e+00  0.000000e+00  0.000000e+00  0.000000e+00  0.000000e+00  7.839388e-03  0.000000e+00  0.000000e+00  0.000000e+00  0.000000e+00  0.000000e+00  0.000000e+00
3.157140e+04  0.000000e+00  0.000000e+00  0.000000e+00  0.000000e+00  0.000000e+00  0.000000e+00  0.000000e+00  7.074570e-03  0.000000e+00  0.000000e+00  0.000000e+00  0.000000e+00  0.000000e+00  0.000000e+00
3.488539e+04  0.000000e+00  0.000000e+00  0.000000e+00  0.000000e+00  0.000000e+00  0.000000e+00  0.000000e+00  5.353728e-03  0.000000e+00  0.000000e+00  0.000000e+00  0.000000e+00  0.000000e+00  0.000000e+00
3.854724e+04  0.000000e+00  0.000000e+00  0.000000e+00  0.000000e+00  0.000000e+00  0.000000e+00  0.000000e+00  5.927342e-03  0.000000e+00  0.000000e+00  0.000000e+00  0.000000e+00  0.000000e+00  0.000000e+00
4.259348e+04  0.000000e+00  0.000000e+00  0.000000e+00  0.000000e+00  0.000000e+00  0.000000e+00  0.000000e+00  6.883365e-03  0.000000e+00  0.000000e+00  0.000000e+00  0.000000e+00  0.000000e+00  0.000000e+00
4.706444e+04  0.000000e+00  0.000000e+00  0.000000e+00  0.000000e+00  0.000000e+00  0.000000e+00  0.000000e+00  7.456979e-03  0.000000e+00  0.000000e+00  0.000000e+00  0.000000e+00  0.000000e+00  0.000000e+00
5.200471e+04  0.000000e+00  0.000000e+00  0.000000e+00  0.000000e+00  0.000000e+00  0.000000e+00  0.000000e+00  3.250478e-03  0.000000e+00  0.000000e+00  0.000000e+00  0.000000e+00  0.000000e+00  0.000000e+00
5.746355e+04  0.000000e+00  0.000000e+00  0.000000e+00  0.000000e+00  0.000000e+00  0.000000e+00  0.000000e+00  5.353728e-03  0.000000e+00  0.000000e+00  0.000000e+00  0.000000e+00  0.000000e+00  0.000000e+00
6.349539e+04  0.000000e+00  0.000000e+00  0.000000e+00  0.000000e+00  0.000000e+00  0.000000e+00  0.000000e+00  4.588910e-03  0.000000e+00  0.000000e+00  0.000000e+00  0.000000e+00  0.000000e+00  0.000000e+00
7.016039e+04  0.000000e+00  0.000000e+00  0.000000e+00  0.000000e+00  0.000000e+00  0.000000e+00  0.000000e+00  4.397706e-03  0.000000e+00  0.000000e+00  0.000000e+00  0.000000e+00  0.000000e+00  0.000000e+00
7.752500e+04  0.000000e+00  0.000000e+00  0.000000e+00  0.000000e+00  0.000000e+00  0.000000e+00  0.000000e+00  4.206501e-03  0.000000e+00  0.000000e+00  0.000000e+00  0.000000e+00  0.000000e+00  0.000000e+00
8.566266e+04  0.000000e+00  0.000000e+00  0.000000e+00  0.000000e+00  0.000000e+00  0.000000e+00  0.000000e+00  3.824092e-03  0.000000e+00  0.000000e+00  0.000000e+00  0.000000e+00  0.000000e+00  0.000000e+00
9.465451e+04  0.000000e+00  0.000000e+00  0.000000e+00  0.000000e+00  0.000000e+00  0.000000e+00  0.000000e+00  4.015296e-03  0.000000e+00  0.000000e+00  0.000000e+00  0.000000e+00  0.000000e+00  0.000000e+00
1.045902e+05  0.000000e+00  0.000000e+00  0.000000e+00  0.000000e+00  0.000000e+00  0.000000e+00  0.000000e+00  2.294455e-03  0.000000e+00  0.000000e+00  0.000000e+00  0.000000e+00  0.000000e+00  0.000000e+00
1.155689e+05  0.000000e+00  0.000000e+00  0.000000e+00  0.000000e+00  0.000000e+00  0.000000e+00  0.000000e+00  2.868069e-03  0.000000e+00  0.000000e+00  0.000000e+00  0.000000e+00  0.000000e+00  0.000000e+00
1.276999e+05  0.000000e+00  0.000000e+00  0.000000e+00  0.000000e+00  0.000000e+00  0.000000e+00  0.000000e+00  4.206501e-03  0.000000e+00  0.000000e+00  0.000000e+00  0.000000e+00  0.000000e+00  0.000000e+00
1.411044e+05  0.000000e+00  0.000000e+00  0.000000e+00  0.000000e+00  0.000000e+00  0.000000e+00  0.000000e+00  1.912046e-03  0.000000e+00  0.000000e+00  0.000000e+00  0.000000e+00  0.000000e+00  0.000000e+00
1.559158e+05  0.000000e+00  0.000000e+00  0.000000e+00  0.000000e+00  0.000000e+00  0.000000e+00  0.000000e+00  1.912046e-03  0.000000e+00  0.000000e+00  0.000000e+00  0.000000e+00  0.000000e+00  0.000000e+00
1.722820e+05  0.000000e+00  0.000000e+00  0.000000e+00  0.000000e+00  0.000000e+00  0.000000e+00  0.000000e+00  2.294455e-03  0.000000e+00  0.000000e+00  0.000000e+00  0.000000e+00  0.000000e+00  0.000000e+00
1.903662e+05  0.000000e+00  0.000000e+00  0.000000e+00  0.000000e+00  0.000000e+00  0.000000e+00  0.000000e+00  4.780115e-03  0.000000e+00  0.000000e+00  0.000000e+00  0.000000e+00  0.000000e+00  0.000000e+00
2.103485e+05  0.000000e+00  0.000000e+00  0.000000e+00  0.000000e+00  0.000000e+00  0.000000e+00  0.000000e+00  2.294455e-03  0.000000e+00  0.000000e+00  0.000000e+00  0.000000e+00  0.000000e+00  0.000000e+00
2.324285e+05  0.000000e+00  0.000000e+00  0.000000e+00  0.000000e+00  0.000000e+00  0.000000e+00  0.000000e+00  3.250478e-03  0.000000e+00  0.000000e+00  0.000000e+00  0.000000e+00  0.000000e+00  0.000000e+00
2.568261e+05  0.000000e+00  0.000000e+00  0.000000e+00  0.000000e+00  0.000000e+00  0.000000e+00  0.000000e+00  1.720841e-03  0.000000e+00  0.000000e+00  0.000000e+00  0.000000e+00  0.000000e+00  0.000000e+00
2.837846e+05  0.000000e+00  0.000000e+00  0.000000e+00  0.000000e+00  0.000000e+00  0.000000e+00  0.000000e+00  1.912046e-03  0.000000e+00  0.000000e+00  0.000000e+00  0.000000e+00  0.000000e+00  0.000000e+00
3.135730e+05  0.000000e+00  0.000000e+00  0.000000e+00  0.000000e+00  0.000000e+00  0.000000e+00  0.000000e+00  3.824092e-03  0.000000e+00  0.000000e+00  0.000000e+00  0.000000e+00  0.000000e+00  0.000000e+00
3.464882e+05  0.000000e+00  0.000000e+00  0.000000e+00  0.000000e+00  0.000000e+00  0.000000e+00  0.000000e+00  2.485660e-03  0.000000e+00  0.000000e+00  0.000000e+00  0.000000e+00  0.000000e+00  0.000000e+00
3.828584e+05  0.000000e+00  0.000000e+00  0.000000e+00  0.000000e+00  0.000000e+00  0.000000e+00  0.000000e+00  2.294455e-03  0.000000e+00  0.000000e+00  0.000000e+00  0.000000e+00  0.000000e+00  0.000000e+00
4.230463e+05  0.000000e+00  0.000000e+00  0.000000e+00  0.000000e+00  0.000000e+00  0.000000e+00  0.000000e+00  3.250478e-03  0.000000e+00  0.000000e+00  0.000000e+00  0.000000e+00  0.000000e+00  0.000000e+00
4.674528e+05  0.000000e+00  0.000000e+00  0.000000e+00  0.000000e+00  0.000000e+00  0.000000e+00  0.000000e+00  2.485660e-03  0.000000e+00  0.000000e+00  0.000000e+00  0.000000e+00  0.000000e+00  0.000000e+00
5.165204e+05  0.000000e+00  0.000000e+00  0.000000e+00  0.000000e+00  0.000000e+00  0.000000e+00  0.000000e+00  1.529637e-03  0.000000e+00  0.000000e+00  0.000000e+00  0.000000e+00  0.000000e+00  0.000000e+00
5.707386e+05  0.000000e+00  0.000000e+00  0.000000e+00  0.000000e+00  0.000000e+00  0.000000e+00  0.000000e+00  2.676864e-03  0.000000e+00  0.000000e+00  0.000000e+00  0.000000e+00  0.000000e+00  0.000000e+00
6.306480e+05  0.000000e+00  0.000000e+00  0.000000e+00  0.000000e+00  0.000000e+00  0.000000e+00  0.000000e+00  9.560229e-04  0.000000e+00  0.000000e+00  0.000000e+00  0.000000e+00  0.000000e+00  0.000000e+00
6.968460e+05  0.000000e+00  0.000000e+00  0.000000e+00  0.000000e+00  0.000000e+00  0.000000e+00  0.000000e+00  1.529637e-03  0.000000e+00  0.000000e+00  0.000000e+00  0.000000e+00  0.000000e+00  0.000000e+00
7.699927e+05  0.000000e+00  0.000000e+00  0.000000e+00  0.000000e+00  0.000000e+00  0.000000e+00  0.000000e+00  9.560229e-04  0.000000e+00  0.000000e+00  0.000000e+00  0.000000e+00  0.000000e+00  0.000000e+00
8.508174e+05  0.000000e+00  0.000000e+00  0.000000e+00  0.000000e+00  0.000000e+00  0.000000e+00  0.000000e+00  1.720841e-03  0.000000e+00  0.000000e+00  0.000000e+00  0.000000e+00  0.000000e+00  0.000000e+00
9.401262e+05  0.000000e+00  0.000000e+00  0.000000e+00  0.000000e+00  0.000000e+00  0.000000e+00  0.000000e+00  1.147228e-03  0.000000e+00  0.000000e+00  0.000000e+00  0.000000e+00  0.000000e+00  0.000000e+00
1.038810e+06  0.000000e+00  0.000000e+00  0.000000e+00  0.000000e+00  0.000000e+00  0.000000e+00  0.000000e+00  9.560229e-04  0.000000e+00  0.000000e+00  0.000000e+00  0.000000e+00  0.000000e+00  0.000000e+00
1.147852e+06  0.000000e+00  0.000000e+00  0.000000e+00  0.000000e+00  0.000000e+00  0.000000e+00  0.000000e+00  1.338432e-03  0.000000e+00  0.000000e+00  0.000000e+00  0.000000e+00  0.000000e+00  0.000000e+00
1.268339e+06  0.000000e+00  0.000000e+00  0.000000e+00  0.000000e+00  0.000000e+00  0.000000e+00  0.000000e+00  1.529637e-03  0.000000e+00  0.000000e+00  0.000000e+00  0.000000e+00  0.000000e+00  0.000000e+00
1.401475e+06  0.000000e+00  0.000000e+00  0.000000e+00  0.000000e+00  0.000000e+00  0.000000e+00  0.000000e+00  2.485660e-03  0.000000e+00  0.000000e+00  0.000000e+00  0.000000e+00  0.000000e+00  0.000000e+00
1.548585e+06  0.000000e+00  0.000000e+00  0.000000e+00  0.000000e+00  0.000000e+00  0.000000e+00  0.000000e+00  1.720841e-03  0.000000e+00  0.000000e+00  0.000000e+00  0.000000e+00  0.000000e+00  0.000000e+00
1.711137e+06  0.000000e+00  0.000000e+00  0.000000e+00  0.000000e+00  0.000000e+00  0.000000e+00  0.000000e+00  9.560229e-04  0.000000e+00  0.000000e+00  0.000000e+00  0.000000e+00  0.000000e+00  0.000000e+00
1.890752e+06  0.000000e+00  0.000000e+00  0.000000e+00  0.000000e+00  0.000000e+00  0.000000e+00  0.000000e+00  1.147228e-03  0.000000e+00  0.000000e+00  0.000000e+00  0.000000e+00  0.000000e+00  0.000000e+00
2.089221e+06  0.000000e+00  0.000000e+00  0.000000e+00  0.000000e+00  0.000000e+00  0.000000e+00  0.000000e+00  1.338432e-03  0.000000e+00  0.000000e+00  0.000000e+00  0.000000e+00  0.000000e+00  0.000000e+00
2.308523e+06  0.000000e+00  0.000000e+00  0.000000e+00  0.000000e+00  0.000000e+00  0.000000e+00  0.000000e+00  1.720841e-03  0.000000e+00  0.000000e+00  0.000000e+00  0.000000e+00  0.000000e+00  0.000000e+00
