2.413858e-05  0.000000e+00  0.000000e+00  0.000000e+00  0.000000e+00  0.000000e+00  0.000000e+00  0.000000e+00  0.000000e+00  0.000000e+00  0.000000e+00  0.000000e+00  0.000000e+00  0.000000e+00  5.000000e-03
2.527153e-05  0.000000e+00  0.000000e+00  0.000000e+00  0.000000e+00  0.000000e+00  0.000000e+00  0.000000e+00  0.000000e+00  0.000000e+00  0.000000e+00  0.000000e+00  0.000000e+00  0.000000e+00  8.000000e-03
2.645765e-05  0.000000e+00  0.000000e+00  0.000000e+00  0.000000e+00  0.000000e+00  0.000000e+00  0.000000e+00  0.000000e+00  0.000000e+00  0.000000e+00  0.000000e+00  0.000000e+00  0.000000e+00  6.800000e-03
2.769945e-05  0.000000e+00  0.000000e+00  0.000000e+00  0.000000e+00  0.000000e+00  0.000000e+00  0.000000e+00  0.000000e+00  0.000000e+00  0.000000e+00  0.000000e+00  0.000000e+00  0.000000e+00  7.100000e-03
2.899953e-05  0.000000e+00  0.000000e+00  0.000000e+00  0.000000e+00  0.000000e+00  0.000000e+00  0.000000e+00  0.000000e+00  0.000000e+00  0.000000e+00  0.000000e+00  0.000000e+00  0.000000e+00  8.100000e-03
3.036063e-05  0.000000e+00  0.000000e+00  0.000000e+00  0.000000e+00  0.000000e+00  0.000000e+00  0.000000e+00  0.000000e+00  0.000000e+00  0.000000e+00  0.000000e+00  0.000000e+00  0.000000e+00  7.700000e-03
3.178561e-05  0.000000e+00  0.000000e+00  0.000000e+00  0.000000e+00  0.000000e+00  0.000000e+00  0.000000e+00  0.000000e+00  0.000000e+00  0.000000e+00  0.000000e+00  0.000000e+00  0.000000e+00  9.000000e-03
3.327748e-05  0.000000e+00  0.000000e+00  0.000000e+00  0.000000e+00  0.000000e+00  0.000000e+00  0.000000e+00  0.000000e+00  0.000000e+00  0.000000e+00  0.000000e+00  0.000000e+00  0.000000e+00  1.050000e-02
3.483936e-05  0.000000e+00  0.000000e+00  0.000000e+00  0.000000e+00  0.000000e+00  0.000000e+00  0.000000e+00  0.000000e+00  0.000000e+00  0.000000e+00  0.000000e+00  0.000000e+00  0.000000e+00  1.100000e-02
3.647456e-05  0.000000e+00  0.000000e+00  0.000000e+00  0.000000e+00  0.000000e+00  0.000000e+00  0.000000e+00  0.000000e+00  0.000000e+00  0.000000e+00  0.000000e+00  0.000000e+00  0.000000e+00  1.180000e-02
3.818650e-05  0.000000e+00  0.000000e+00  0.000000e+00  0.000000e+00  0.000000e+00  0.000000e+00  0.000000e+00  0.000000e+00  0.000000e+00  0.000000e+00  0.000000e+00  0.000000e+00  0.000000e+00  1.430000e-02
3.997879e-05  0.000000e+00  0.000000e+00  0.000000e+00  0.000000e+00  0.000000e+00  0.000000e+00  0.000000e+00  0.000000e+00  0.000000e+00  0.000000e+00  0.000000e+00  0.000000e+00  0.000000e+00  1.450000e-02
4.185520e-05  0.000000e+00  0.000000e+00  0.000000e+00  0.000000e+00  0.000000e+00  0.000000e+00  0.000000e+00  0.000000e+00  0.000000e+00  0.000000e+00  0.000000e+00  0.000000e+00  0.000000e+00  1.500000e-02
4.381969e-05  0.000000e+00  0.000000e+00  0.000000e+00  0.000000e+00  0.000000e+00  0.000000e+00  9.500000e-03  0.000000e+00  0.000000e+00  0.000000e+00  0.000000e+00  0.000000e+00  0.000000e+00  1.570000e-02
4.587637e-05  0.000000e+00  0.000000e+00  0.000000e+00  0.000000e+00  0.000000e+00  0.000000e+00  1.670000e-02  0.000000e+00  0.000000e+00  0.000000e+00  0.000000e+00  0.000000e+00  0.000000e+00  1.670000e-02
4.802959e-05  0.000000e+00  0.000000e+00  0.000000e+00  0.000000e+00  0.000000e+00  0.000000e+00  1.700000e-02  0.000000e+00  0.000000e+00  0.000000e+00  0.000000e+00  0.000000e+00  0.000000e+00  1.700000e-02
5.028387e-05  0.000000e+00  0.000000e+00  0.000000e+00  0.000000e+00  0.000000e+00  0.000000e+00  2.040000e-02  0.000000e+00  0.000000e+00  0.000000e+00  0.000000e+00  0.000000e+00  0.000000e+00  2.040000e-02
5.264395e-05  0.000000e+00  0.000000e+00  0.000000e+00  0.000000e+00  0.000000e+00  0.000000e+00  1.590000e-02  0.000000e+00  0.000000e+00  0.000000e+00  0.000000e+00  0.000000e+00  0.000000e+00  1.590000e-02
5.511481e-05  0.000000e+00  0.000000e+00  0.000000e+00  0.000000e+00  0.000000e+00  0.000000e+00  1.890000e-02  0.000000e+00  0.000000e+00  0.000000e+00  0.000000e+00  0.000000e+00  0.000000e+00  1.890000e-02
5.770164e-05  0.000000e+00  0.000000e+00  0.000000e+00  0.000000e+00  0.000000e+00  0.000000e+00  1.850000e-02  0.000000e+00  0.000000e+00  0.000000e+00  0.000000e+00  0.000000e+00  0.000000e+00  1.850000e-02
6.040988e-05  0.000000e+00  0.000000e+00  0.000000e+00  0.000000e+00  0.000000e+00  0.000000e+00  1.610000e-02  0.000000e+00  0.000000e+00  0.000000e+00  0.000000e+00  0.000000e+00  0.000000e+00  1.610000e-02
6.324523e-05  0.000000e+00  0.000000e+00  0.000000e+00  0.000000e+00  0.000000e+00  0.000000e+00  1.680000e-02  0.000000e+00  0.000000e+00  0.000000e+00  0.000000e+00  0.000000e+00  0.000000e+00  1.680000e-02
6.621366e-05  0.000000e+00  0.000000e+00  0.000000e+00  0.000000e+00  0.000000e+00  0.000000e+00  1.950000e-02  0.000000e+00  0.000000e+00  0.000000e+00  0.000000e+00  0.000000e+00  0.000000e+00  1.950000e-02
6.932141e-05  0.000000e+00  0.000000e+00  0.000000e+00  0.000000e+00  0.000000e+00  0.000000e+00  1.710000e-02  0.000000e+00  0.000000e+00  0.000000e+00  0.000000e+00  0.000000e+00  0.000000e+00  1.710000e-02
7.257502e-05  0.000000e+00  0.000000e+00  0.000000e+00  0.000000e+00  0.000000e+00  0.000000e+00  1.880000e-02  0.000000e+00  0.000000e+00  0.000000e+00  0.000000e+00  0.000000e+00  0.000000e+00  1.880000e-02
7.598135e-05  0.000000e+00  0.000000e+00  0.000000e+00  0.000000e+00  0.000000e+00  0.000000e+00  1.770000e-02  0.000000e+00  0.000000e+00  0.000000e+00  0.000000e+00  0.000000e+00  0.000000e+00  1.770000e-02
7.954755e-05  0.000000e+00  0.000000e+00  0.000000e+00  0.000000e+00  0.000000e+00  0.000000e+00  1.830000e-02  0.000000e+00  0.000000e+00  0.000000e+00  0.000000e+00  0.000000e+00  0.000000e+00  1.830000e-02
8.328113e-05  0.000000e+00  0.000000e+00  0.000000e+00  0.000000e+00  0.000000e+00  0.000000e+00  1.980000e-02  0.000000e+00  0.000000e+00  0.000000e+00  0.000000e+00  0.000000e+00  0.000000e+00  1.980000e-02
8.718995e-05  0.000000e+00  0.000000e+00  0.000000e+00  0.000000e+00  0.000000e+00  0.000000e+00  1.830000e-02  0.000000e+00  0.000000e+00  0.000000e+00  0.000000e+00  0.000000e+00  0.000000e+00  1.830000e-02
9.128223e-05  0.000000e+00  0.000000e+00  0.000000e+00  0.000000e+00  0.000000e+00  0.000000e+00  1.920000e-02  0.000000e+00  0.000000e+00  0.000000e+00  0.000000e+00  0.000000e+00  0.000000e+00  1.920000e-02
9.556658e-05  0.000000e+00  0.000000e+00  0.000000e+00  0.000000e+00  0.000000e+00  0.000000e+00  1.890000e-02  0.000000e+00  0.000000e+00  0.000000e+00  0.000000e+00  0.000000e+00  0.000000e+00  1.890000e-02
1.000520e-04  0.000000e+00  0.000000e+00  0.000000e+00  0.000000e+00  0.000000e+00  0.000000e+00  2.010000e-02  0.000000e+00  0.000000e+00  0.000000e+00  0.000000e+00  0.000000e+00  0.000000e+00  2.010000e-02
1.047480e-04  0.000000e+00  0.000000e+00  0.000000e+00  0.000000e+00  0.000000e+00  0.000000e+00  1.910000e-02  0.000000e+00  0.000000e+00  0.000000e+00  0.000000e+00  0.000000e+00  4.000000e-04  1.910000e-02
1.096644e-04  0.000000e+00  0.000000e+00  0.000000e+00  0.000000e+00  0.000000e+00  0.000000e+00  1.860000e-02  0.000000e+00  0.000000e+00  0.000000e+00  0.000000e+00  0.000000e+00  4.000000e-03  1.860000e-02
1.148115e-04  0.000000e+00  0.000000e+00  0.000000e+00  0.000000e+00  0.000000e+00  0.000000e+00  1.720000e-02  0.000000e+00  0.000000e+00  0.000000e+00  0.000000e+00  0.000000e+00  5.400000e-03  1.720000e-02
1.202002e-04  0.000000e+00  0.000000e+00  0.000000e+00  0.000000e+00  0.000000e+00  0.000000e+00  1.660000e-02  0.000000e+00  0.000000e+00  0.000000e+00  0.000000e+00  0.000000e+00  6.400000e-03  1.660000e-02
1.258418e-04  0.000000e+00  0.000000e+00  0.000000e+00  0.000000e+00  0.000000e+00  0.000000e+00  1.860000e-02  0.000000e+00  0.000000e+00  0.000000e+00  0.000000e+00  0.000000e+00  5.500000e-03  1.860000e-02
1.317482e-04  0.000000e+00  0.000000e+00  0.000000e+00  0.000000e+00  0.000000e+00  0.000000e+00  1.480000e-02  0.000000e+00  0.000000e+00  0.000000e+00  0.000000e+00  0.000000e+00  6.600000e-03  1.480000e-02
1.379318e-04  0.000000e+00  0.000000e+00  0.000000e+00  0.000000e+00  0.000000e+00  0.000000e+00  1.880000e-02  0.000000e+00  0.000000e+00  0.000000e+00  0.000000e+00  0.000000e+00  6.200000e-03  1.880000e-02
1.444057e-04  0.000000e+00  0.000000e+00  0.000000e+00  0.000000e+00  0.000000e+00  0.000000e+00  1.640000e-02  0.000000e+00  0.000000e+00  0.000000e+00  0.000000e+00  0.000000e+00  8.200000e-03  1.640000e-02
1.511834e-04  0.000000e+00  0.000000e+00  0.000000e+00  0.000000e+00  0.000000e+00  0.000000e+00  1.720000e-02  0.000000e+00  0.000000e+00  0.000000e+00  0.000000e+00  0.000000e+00  8.900000e-03  1.720000e-02
1.582793e-04  0.000000e+00  0.000000e+00  0.000000e+00  0.000000e+00  0.000000e+00  0.000000e+00  1.580000e-02  0.000000e+00  0.000000e+00  0.000000e+00  0.000000e+00  0.000000e+00  9.600000e-03  1.580000e-02
1.657081e-04  0.000000e+00  0.000000e+00  0.000000e+00  0.000000e+00  0.000000e+00  0.000000e+00  1.490000e-02  0.000000e+00  0.000000e+00  0.000000e+00  0.000000e+00  0.000000e+00  1.040000e-02  1.490000e-02
1.734857e-04  0.000000e+00  0.000000e+00  0.000000e+00  0.000000e+00  0.000000e+00  0.000000e+00  1.440000e-02  0.000000e+00  0.000000e+00  0.000000e+00  0.000000e+00  0.000000e+00  1.220000e-02  1.440000e-02
1.816283e-04  0.000000e+00  0.000000e+00  0.000000e+00  0.000000e+00  0.000000e+00  0.000000e+00  1.450000e-02  0.000000e+00  0.000000e+00  0.000000e+00  0.000000e+00  0.000000e+00  1.110000e-02  1.450000e-02
1.901530e-04  0.000000e+00  0.000000e+00  0.000000e+00  0.000000e+00  0.000000e+00  0.000000e+00  1.330000e-02  0.000000e+00  0.000000e+00  0.000000e+00  0.000000e+00  0.000000e+00  1.290000e-02  1.330000e-02
1.990779e-04  0.000000e+00  0.000000e+00  0.000000e+00  0.000000e+00  0.000000e+00  0.000000e+00  1.450000e-02  0.000000e+00  0.000000e+00  0.000000e+00  0.000000e+00  4.700000e-03  1.390000e-02  1.450000e-02
2.084217e-04  0.000000e+00  0.000000e+00  0.000000e+00  0.000000e+00  0.000000e+00  0.000000e+00  1.540000e-02  0.000000e+00  0.000000e+00  0.000000e+00  0.000000e+00  3.900000e-03  1.330000e-02  1.540000e-02
2.182040e-04  0.000000e+00  0.000000e+00  0.000000e+00  0.000000e+00  0.000000e+00  1.250000e-02  1.310000e-02  0.000000e+00  0.000000e+00  0.000000e+00  0.000000e+00  5.900000e-03  1.250000e-02  1.310000e-02
2.284454e-04  0.000000e+00  0.000000e+00  0.000000e+00  0.000000e+00  0.000000e+00  1.500000e-02  1.250000e-02  0.000000e+00  0.000000e+00  0.000000e+00  0.000000e+00  7.000000e-03  1.500000e-02  1.250000e-02
2.391676e-04  0.000000e+00  0.000000e+00  0.000000e+00  0.000000e+00  0.000000e+00  1.640000e-02  1.210000e-02  0.000000e+00  0.000000e+00  0.000000e+00  0.000000e+00  6.600000e-03  1.640000e-02  1.210000e-02
2.503930e-04  0.000000e+00  0.000000e+00  0.000000e+00  0.000000e+00  0.000000e+00  1.710000e-02  1.160000e-02  0.000000e+00  0.000000e+00  0.000000e+00  0.000000e+00  7.900000e-03  1.710000e-02  1.160000e-02
2.621452e-04  0.000000e+00  0.000000e+00  0.000000e+00  0.000000e+00  0.000000e+00  1.780000e-02  1.340000e-02  0.000000e+00  0.000000e+00  0.000000e+00  0.000000e+00  8.300000e-03  1.780000e-02  1.340000e-02
2.744491e-04  0.000000e+00  0.000000e+00  0.000000e+00  0.000000e+00  0.000000e+00  1.670000e-02  1.160000e-02  0.000000e+00  0.000000e+00  0.000000e+00  0.000000e+00  9.100000e-03  1.670000e-02  1.160000e-02
2.873304e-04  0.000000e+00  0.000000e+00  0.000000e+00  0.000000e+00  0.000000e+00  1.760000e-02  8.100000e-03  0.000000e+00  0.000000e+00  0.000000e+00  0.000000e+00  1.000000e-02  1.760000e-02  1.170000e-02
3.008163e-04  0.000000e+00  0.000000e+00  0.000000e+00  0.000000e+00  0.000000e+00  1.670000e-02  0.000000e+00  0.000000e+00  0.000000e+00  0.000000e+00  0.000000e+00  1.200000e-02  1.670000e-02  1.070000e-02
3.149352e-04  0.000000e+00  0.000000e+00  0.000000e+00  0.000000e+00  0.000000e+00  1.710000e-02  0.000000e+00  0.000000e+00  0.000000e+00  0.000000e+00  0.000000e+00  1.100000e-02  1.710000e-02  9.300000e-03
3.297167e-04  0.000000e+00  0.000000e+00  0.000000e+00  0.000000e+00  0.000000e+00  1.760000e-02  0.000000e+00  0.000000e+00  0.000000e+00  0.000000e+00  0.000000e+00  1.380000e-02  1.760000e-02  1.040000e-02
3.451921e-04  0.000000e+00  0.000000e+00  0.000000e+00  0.000000e+00  0.000000e+00  2.070000e-02  0.000000e+00  0.000000e+00  0.000000e+00  0.000000e+00  0.000000e+00  1.530000e-02  2.070000e-02  8.800000e-03
3.613937e-04  0.000000e+00  0.000000e+00  0.000000e+00  0.000000e+00  0.000000e+00  2.080000e-02  0.000000e+00  0.000000e+00  0.000000e+00  0.000000e+00  0.000000e+00  1.570000e-02  2.080000e-02  9.600000e-03
3.783558e-04  0.000000e+00  0.000000e+00  0.000000e+00  0.000000e+00  1.210000e-02  2.340000e-02  0.000000e+00  0.000000e+00  0.000000e+00  0.000000e+00  4.100000e-03  1.590000e-02  2.340000e-02  7.100000e-03
3.961140e-04  0.000000e+00  0.000000e+00  0.000000e+00  0.000000e+00  1.710000e-02  2.140000e-02  0.000000e+00  0.000000e+00  0.000000e+00  0.000000e+00  6.200000e-03  1.710000e-02  2.140000e-02  7.600000e-03
4.147057e-04  0.000000e+00  0.000000e+00  0.000000e+00  0.000000e+00  1.750000e-02  2.120000e-02  0.000000e+00  0.000000e+00  0.000000e+00  0.000000e+00  5.800000e-03  1.750000e-02  2.120000e-02  7.800000e-03
4.341700e-04  0.000000e+00  0.000000e+00  0.000000e+00  0.000000e+00  1.480000e-02  1.890000e-02  0.000000e+00  0.000000e+00  0.000000e+00  0.000000e+00  7.300000e-03  1.480000e-02  1.890000e-02  8.700000e-03
4.545479e-04  0.000000e+00  0.000000e+00  0.000000e+00  0.000000e+00  1.830000e-02  2.060000e-02  0.000000e+00  0.000000e+00  0.000000e+00  0.000000e+00  8.100000e-03  1.830000e-02  2.060000e-02  7.400000e-03
4.758822e-04  0.000000e+00  0.000000e+00  0.000000e+00  0.000000e+00  2.000000e-02  1.970000e-02  0.000000e+00  0.000000e+00  0.000000e+00  0.000000e+00  9.700000e-03  2.000000e-02  1.970000e-02  5.200000e-03
4.982179e-04  0.000000e+00  0.000000e+00  0.000000e+00  0.000000e+00  2.000000e-02  2.230000e-02  0.000000e+00  0.000000e+00  0.000000e+00  0.000000e+00  9.000000e-03  2.000000e-02  2.230000e-02  6.400000e-03
5.216018e-04  0.000000e+00  0.000000e+00  0.000000e+00  0.000000e+00  2.020000e-02  2.360000e-02  0.000000e+00  0.000000e+00  0.000000e+00  0.000000e+00  9.800000e-03  2.020000e-02  2.360000e-02  5.100000e-03
5.460833e-04  0.000000e+00  0.000000e+00  0.000000e+00  0.000000e+00  2.120000e-02  2.180000e-02  0.000000e+00  0.000000e+00  0.000000e+00  0.000000e+00  1.180000e-02  2.120000e-02  2.180000e-02  4.400000e-03
5.717139e-04  0.000000e+00  0.000000e+00  0.000000e+00  0.000000e+00  2.240000e-02  2.070000e-02  0.000000e+00  0.000000e+00  0.000000e+00  0.000000e+00  1.450000e-02  2.240000e-02  2.070000e-02  6.100000e-03
5.985474e-04  0.000000e+00  0.000000e+00  0.000000e+00  0.000000e+00  2.150000e-02  2.260000e-02  0.000000e+00  0.000000e+00  0.000000e+00  0.000000e+00  1.420000e-02  2.150000e-02  2.260000e-02  4.400000e-03
6.266404e-04  0.000000e+00  0.000000e+00  0.000000e+00  0.000000e+00  2.530000e-02  1.950000e-02  0.000000e+00  0.000000e+00  0.000000e+00  0.000000e+00  1.610000e-02  2.530000e-02  1.950000e-02  3.900000e-03
6.560519e-04  0.000000e+00  0.000000e+00  0.000000e+00  0.000000e+00  2.250000e-02  2.120000e-02  0.000000e+00  0.000000e+00  0.000000e+00  0.000000e+00  1.510000e-02  2.250000e-02  2.120000e-02  4.300000e-03
6.868438e-04  0.000000e+00  0.000000e+00  0.000000e+00  1.680000e-02  2.250000e-02  1.880000e-02  0.000000e+00  0.000000e+00  0.000000e+00  0.000000e+00  2.010000e-02  2.250000e-02  1.880000e-02  2.300000e-03
7.190810e-04  0.000000e+00  0.000000e+00  0.000000e+00  1.970000e-02  2.340000e-02  2.100000e-02  0.000000e+00  0.000000e+00  0.000000e+00  3.800000e-03  1.970000e-02  2.340000e-02  2.100000e-02  1.900000e-03
7.528312e-04  0.000000e+00  0.000000e+00  0.000000e+00  2.000000e-02  2.090000e-02  2.300000e-02  0.000000e+00  0.000000e+00  0.000000e+00  4.400000e-03  2.000000e-02  2.090000e-02  2.300000e-02  0.000000e+00
7.881655e-04  0.000000e+00  0.000000e+00  0.000000e+00  2.190000e-02  2.230000e-02  2.020000e-02  0.000000e+00  0.000000e+00  0.000000e+00  6.600000e-03  2.190000e-02  2.230000e-02  2.020000e-02  0.000000e+00
8.251582e-04  0.000000e+00  0.000000e+00  0.000000e+00  2.050000e-02  2.330000e-02  2.150000e-02  0.000000e+00  0.000000e+00  0.000000e+00  6.900000e-03  2.050000e-02  2.330000e-02  2.150000e-02  0.000000e+00
8.638872e-04  0.000000e+00  0.000000e+00  0.000000e+00  2.450000e-02  2.520000e-02  1.910000e-02  0.000000e+00  0.000000e+00  0.000000e+00  7.600000e-03  2.450000e-02  2.520000e-02  1.910000e-02  0.000000e+00
9.044339e-04  0.000000e+00  0.000000e+00  0.000000e+00  2.450000e-02  2.250000e-02  1.910000e-02  0.000000e+00  0.000000e+00  0.000000e+00  1.090000e-02  2.450000e-02  2.250000e-02  1.910000e-02  0.000000e+00
9.468838e-04  0.000000e+00  0.000000e+00  0.000000e+00  2.390000e-02  2.580000e-02  1.680000e-02  0.000000e+00  0.000000e+00  0.000000e+00  1.160000e-02  2.390000e-02  2.580000e-02  1.680000e-02  0.000000e+00
9.913260e-04  0.000000e+00  0.000000e+00  0.000000e+00  2.330000e-02  2.470000e-02  1.790000e-02  0.000000e+00  0.000000e+00  0.000000e+00  1.170000e-02  2.330000e-02  2.470000e-02  1.790000e-02  0.000000e+00
1.037854e-03  0.000000e+00  0.000000e+00  0.000000e+00  2.390000e-02  2.420000e-02  1.480000e-02  0.000000e+00  0.000000e+00  0.000000e+00  1.550000e-02  2.390000e-02  2.420000e-02  1.480000e-02  0.000000e+00
1.086566e-03  0.000000e+00  0.000000e+00  0.000000e+00  2.400000e-02  2.200000e-02  4.900000e-03  0.000000e+00  0.000000e+00  0.000000e+00  1.630000e-02  2.400000e-02  2.200000e-02  1.830000e-02  0.000000e+00
1.137564e-03  0.000000e+00  0.000000e+00  0.000000e+00  2.920000e-02  2.380000e-02  0.000000e+00  0.000000e+00  0.000000e+00  0.000000e+00  1.490000e-02  2.920000e-02  2.380000e-02  1.600000e-02  0.000000e+00
1.190956e-03  0.000000e+00  0.000000e+00  0.000000e+00  2.770000e-02  2.360000e-02  0.000000e+00  0.000000e+00  0.000000e+00  4.700000e-03  1.730000e-02  2.770000e-02  2.360000e-02  1.300000e-02  0.000000e+00
1.246854e-03  0.000000e+00  0.000000e+00  1.150000e-02  2.730000e-02  2.210000e-02  0.000000e+00  0.000000e+00  0.000000e+00  5.300000e-03  1.900000e-02  2.730000e-02  2.210000e-02  1.240000e-02  0.000000e+00
1.305375e-03  0.000000e+00  0.000000e+00  1.890000e-02  2.860000e-02  2.260000e-02  0.000000e+00  0.000000e+00  0.000000e+00  6.800000e-03  1.890000e-02  2.860000e-02  2.260000e-02  1.160000e-02  0.000000e+00
1.366643e-03  0.000000e+00  0.000000e+00  2.340000e-02  2.330000e-02  2.140000e-02  0.000000e+00  0.000000e+00  0.000000e+00  9.200000e-03  2.340000e-02  2.330000e-02  2.140000e-02  1.050000e-02  0.000000e+00
1.430787e-03  0.000000e+00  0.000000e+00  2.520000e-02  2.670000e-02  1.880000e-02  0.000000e+00  0.000000e+00  0.000000e+00  1.010000e-02  2.520000e-02  2.670000e-02  1.880000e-02  1.050000e-02  0.000000e+00
1.497941e-03  0.000000e+00  0.000000e+00  2.600000e-02  2.600000e-02  1.980000e-02  0.000000e+00  0.000000e+00  0.000000e+00  1.060000e-02  2.600000e-02  2.600000e-02  1.980000e-02  9.700000e-03  0.000000e+00
1.568247e-03  0.000000e+00  0.000000e+00  2.870000e-02  2.700000e-02  1.820000e-02  0.000000e+00  0.000000e+00  0.000000e+00  1.230000e-02  2.870000e-02  2.700000e-02  2.060000e-02  8.600000e-03  0.000000e+00
1.641854e-03  0.000000e+00  0.000000e+00  2.320000e-02  2.840000e-02  0.000000e+00  0.000000e+00  0.000000e+00  0.000000e+00  1.490000e-02  2.320000e-02  2.840000e-02  1.760000e-02  7.100000e-03  0.000000e+00
1.718914e-03  0.000000e+00  0.000000e+00  2.900000e-02  2.550000e-02  0.000000e+00  0.000000e+00  0.000000e+00  0.000000e+00  1.620000e-02  2.900000e-02  2.550000e-02  1.440000e-02  6.600000e-03  0.000000e+00
1.799592e-03  0.000000e+00  0.000000e+00  2.670000e-02  2.870000e-02  0.000000e+00  0.000000e+00  0.000000e+00  0.000000e+00  1.460000e-02  2.670000e-02  2.870000e-02  1.600000e-02  6.600000e-03  0.000000e+00
1.884056e-03  0.000000e+00  0.000000e+00  3.110000e-02  2.730000e-02  0.000000e+00  0.000000e+00  0.000000e+00  0.000000e+00  2.090000e-02  3.110000e-02  2.730000e-02  1.250000e-02  3.900000e-03  0.000000e+00
1.972485e-03  0.000000e+00  1.190000e-02  3.120000e-02  2.750000e-02  0.000000e+00  0.000000e+00  0.000000e+00  0.000000e+00  2.130000e-02  3.120000e-02  2.750000e-02  1.120000e-02  2.800000e-03  0.000000e+00
2.065064e-03  0.000000e+00  2.030000e-02  3.060000e-02  2.210000e-02  0.000000e+00  0.000000e+00  0.000000e+00  0.000000e+00  2.030000e-02  3.060000e-02  2.210000e-02  1.250000e-02  2.300000e-03  0.000000e+00
2.161988e-03  0.000000e+00  2.400000e-02  3.290000e-02  2.220000e-02  0.000000e+00  0.000000e+00  0.000000e+00  0.000000e+00  2.400000e-02  3.290000e-02  2.220000e-02  1.150000e-02  0.000000e+00  0.000000e+00
2.263461e-03  0.000000e+00  2.650000e-02  3.120000e-02  2.230000e-02  0.000000e+00  0.000000e+00  0.000000e+00  0.000000e+00  2.650000e-02  3.120000e-02  2.230000e-02  7.900000e-03  0.000000e+00  0.000000e+00
2.369697e-03  0.000000e+00  2.720000e-02  3.110000e-02  1.720000e-02  0.000000e+00  0.000000e+00  0.000000e+00  0.000000e+00  2.720000e-02  3.110000e-02  1.960000e-02  7.600000e-03  0.000000e+00  0.000000e+00
2.480920e-03  0.000000e+00  2.840000e-02  3.280000e-02  0.000000e+00  0.000000e+00  0.000000e+00  0.000000e+00  0.000000e+00  2.840000e-02  3.280000e-02  1.980000e-02  5.500000e-03  0.000000e+00  0.000000e+00
2.597362e-03  0.000000e+00  3.170000e-02  2.880000e-02  0.000000e+00  0.000000e+00  0.000000e+00  0.000000e+00  0.000000e+00  3.170000e-02  2.880000e-02  1.690000e-02  5.600000e-03  0.000000e+00  0.000000e+00
2.719270e-03  0.000000e+00  2.970000e-02  3.020000e-02  0.000000e+00  0.000000e+00  0.000000e+00  0.000000e+00  1.100000e-03  2.970000e-02  3.020000e-02  1.620000e-02  5.400000e-03  0.000000e+00  0.000000e+00
2.846900e-03  0.000000e+00  3.500000e-02  3.290000e-02  0.000000e+00  0.000000e+00  0.000000e+00  0.000000e+00  3.900000e-03  3.500000e-02  3.290000e-02  1.510000e-02  4.900000e-03  0.000000e+00  0.000000e+00
2.980519e-03  0.000000e+00  3.350000e-02  3.100000e-02  0.000000e+00  0.000000e+00  0.000000e+00  0.000000e+00  5.400000e-03  3.350000e-02  3.100000e-02  1.450000e-02  0.000000e+00  0.000000e+00  0.000000e+00
3.120411e-03  0.000000e+00  3.340000e-02  2.900000e-02  0.000000e+00  0.000000e+00  0.000000e+00  0.000000e+00  7.300000e-03  3.340000e-02  2.900000e-02  8.200000e-03  0.000000e+00  0.000000e+00  0.000000e+00
3.266868e-03  0.000000e+00  3.510000e-02  2.830000e-02  0.000000e+00  0.000000e+00  0.000000e+00  0.000000e+00  5.800000e-03  3.510000e-02  2.830000e-02  8.700000e-03  0.000000e+00  0.000000e+00  0.000000e+00
3.420199e-03  0.000000e+00  3.490000e-02  2.370000e-02  0.000000e+00  0.000000e+00  0.000000e+00  0.000000e+00  8.100000e-03  3.490000e-02  2.370000e-02  8.700000e-03  0.000000e+00  0.000000e+00  0.000000e+00
3.580727e-03  0.000000e+00  3.060000e-02  2.440000e-02  0.000000e+00  0.000000e+00  0.000000e+00  0.000000e+00  1.070000e-02  3.060000e-02  2.440000e-02  7.800000e-03  0.000000e+00  0.000000e+00  0.000000e+00
3.748789e-03  0.000000e+00  3.550000e-02  1.820000e-02  0.000000e+00  0.000000e+00  0.000000e+00  0.000000e+00  1.040000e-02  3.550000e-02  2.160000e-02  6.000000e-03  0.000000e+00  0.000000e+00  0.000000e+00
3.924740e-03  0.000000e+00  3.170000e-02  0.000000e+00  0.000000e+00  0.000000e+00  0.000000e+00  0.000000e+00  1.540000e-02  3.170000e-02  1.980000e-02  5.800000e-03  0.000000e+00  0.000000e+00  0.000000e+00
4.108948e-03  0.000000e+00  3.860000e-02  0.000000e+00  0.000000e+00  0.000000e+00  0.000000e+00  0.000000e+00  1.520000e-02  3.860000e-02  1.830000e-02  4.200000e-03  0.000000e+00  0.000000e+00  0.000000e+00
4.301802e-03  0.000000e+00  3.350000e-02  0.000000e+00  0.000000e+00  0.000000e+00  0.000000e+00  0.000000e+00  1.830000e-02  3.350000e-02  1.590000e-02  7.000000e-04  0.000000e+00  0.000000e+00  0.000000e+00
4.503709e-03  0.000000e+00  3.050000e-02  0.000000e+00  0.000000e+00  0.000000e+00  0.000000e+00  0.000000e+00  2.090000e-02  3.050000e-02  1.450000e-02  0.000000e+00  0.000000e+00  0.000000e+00  0.000000e+00
4.715091e-03  1.030000e-02  2.840000e-02  0.000000e+00  0.000000e+00  0.000000e+00  0.000000e+00  0.000000e+00  2.280000e-02  2.840000e-02  1.310000e-02  0.000000e+00  0.000000e+00  0.000000e+00  0.000000e+00
4.936395e-03  2.310000e-02  2.640000e-02  0.000000e+00  0.000000e+00  0.000000e+00  0.000000e+00  0.000000e+00  2.310000e-02  2.640000e-02  1.000000e-02  0.000000e+00  0.000000e+00  0.000000e+00  0.000000e+00
5.168086e-03  2.660000e-02  2.360000e-02  0.000000e+00  0.000000e+00  0.000000e+00  0.000000e+00  0.000000e+00  2.660000e-02  2.360000e-02  8.200000e-03  0.000000e+00  0.000000e+00  0.000000e+00  0.000000e+00
5.410651e-03  2.970000e-02  2.570000e-02  0.000000e+00  0.000000e+00  0.000000e+00  0.000000e+00  0.000000e+00  2.970000e-02  2.570000e-02  8.400000e-03  0.000000e+00  0.000000e+00  0.000000e+00  0.000000e+00
5.664601e-03  2.730000e-02  3.900000e-03  0.000000e+00  0.000000e+00  0.000000e+00  0.000000e+00  0.000000e+00  2.730000e-02  2.040000e-02  7.000000e-03  0.000000e+00  0.000000e+00  0.000000e+00  0.000000e+00
5.930470e-03  3.290000e-02  0.000000e+00  0.000000e+00  0.000000e+00  0.000000e+00  0.000000e+00  0.000000e+00  3.290000e-02  1.950000e-02  6.000000e-03  0.000000e+00  0.000000e+00  0.000000e+00  0.000000e+00
6.208818e-03  3.620000e-02  0.000000e+00  0.000000e+00  0.000000e+00  0.000000e+00  0.000000e+00  0.000000e+00  3.620000e-02  1.680000e-02  4.900000e-03  0.000000e+00  0.000000e+00  0.000000e+00  0.000000e+00
6.500231e-03  3.550000e-02  0.000000e+00  0.000000e+00  0.000000e+00  0.000000e+00  0.000000e+00  0.000000e+00  3.550000e-02  1.510000e-02  5.500000e-03  0.000000e+00  0.000000e+00  0.000000e+00  0.000000e+00
6.805320e-03  3.500000e-02  0.000000e+00  0.000000e+00  0.000000e+00  0.000000e+00  0.000000e+00  0.000000e+00  3.500000e-02  1.330000e-02  0.000000e+00  0.000000e+00  0.000000e+00  0.000000e+00  0.000000e+00
7.124730e-03  3.690000e-02  0.000000e+00  0.000000e+00  0.000000e+00  0.000000e+00  0.000000e+00  0.000000e+00  3.690000e-02  1.050000e-02  0.000000e+00  0.000000e+00  0.000000e+00  0.000000e+00  0.000000e+00
7.459131e-03  3.640000e-02  0.000000e+00  0.000000e+00  0.000000e+00  0.000000e+00  0.000000e+00  0.000000e+00  3.640000e-02  9.300000e-03  0.000000e+00  0.000000e+00  0.000000e+00  0.000000e+00  0.000000e+00
7.809226e-03  4.120000e-02  0.000000e+00  0.000000e+00  0.000000e+00  0.000000e+00  0.000000e+00  0.000000e+00  4.120000e-02  8.300000e-03  0.000000e+00  0.000000e+00  0.000000e+00  0.000000e+00  0.000000e+00
8.175754e-03  3.970000e-02  0.000000e+00  0.000000e+00  0.000000e+00  0.000000e+00  0.000000e+00  0.000000e+00  3.970000e-02  7.200000e-03  0.000000e+00  0.000000e+00  0.000000e+00  0.000000e+00  0.000000e+00
8.559485e-03  4.200000e-02  0.000000e+00  0.000000e+00  0.000000e+00  0.000000e+00  0.000000e+00  0.000000e+00  4.200000e-02  7.100000e-03  0.000000e+00  0.000000e+00  0.000000e+00  0.000000e+00  0.000000e+00
8.961227e-03  3.750000e-02  0.000000e+00  0.000000e+00  0.000000e+00  0.000000e+00  0.000000e+00  0.000000e+00  3.750000e-02  5.600000e-03  0.000000e+00  0.000000e+00  0.000000e+00  0.000000e+00  0.000000e+00
9.381824e-03  3.280000e-02  0.000000e+00  0.000000e+00  0.000000e+00  0.000000e+00  0.000000e+00  0.000000e+00  3.280000e-02  3.700000e-03  0.000000e+00  0.000000e+00  0.000000e+00  0.000000e+00  0.000000e+00
9.822162e-03  3.180000e-02  0.000000e+00  0.000000e+00  0.000000e+00  0.000000e+00  0.000000e+00  0.000000e+00  3.180000e-02  2.100000e-03  0.000000e+00  0.000000e+00  0.000000e+00  0.000000e+00  0.000000e+00
1.028317e-02  3.070000e-02  0.000000e+00  0.000000e+00  0.000000e+00  0.000000e+00  0.000000e+00  0.000000e+00  3.070000e-02  0.000000e+00  0.000000e+00  0.000000e+00  0.000000e+00  0.000000e+00  0.000000e+00
1.076581e-02  3.260000e-02  0.000000e+00  0.000000e+00  0.000000e+00  0.000000e+00  0.000000e+00  0.000000e+00  3.260000e-02  0.000000e+00  0.000000e+00  0.000000e+00  0.000000e+00  0.000000e+00  0.000000e+00
1.127111e-02  2.760000e-02  0.000000e+00  0.000000e+00  0.000000e+00  0.000000e+00  0.000000e+00  0.000000e+00  2.760000e-02  0.000000e+00  0.000000e+00  0.000000e+00  0.000000e+00  0.000000e+00  0.000000e+00
1.180012e-02  2.350000e-02  0.000000e+00  0.000000e+00  0.000000e+00  0.000000e+00  0.000000e+00  0.000000e+00  2.350000e-02  0.000000e+00  0.000000e+00  0.000000e+00  0.000000e+00  0.000000e+00  0.000000e+00
1.235396e-02  1.070000e-02  0.000000e+00  0.000000e+00  0.000000e+00  0.000000e+00  0.000000e+00  0.000000e+00  2.120000e-02  0.000000e+00  0.000000e+00  0.000000e+00  0.000000e+00  0.000000e+00  0.000000e+00
1.293379e-02  0.000000e+00  0.000000e+00  0.000000e+00  0.000000e+00  0.000000e+00  0.000000e+00  0.000000e+00  1.720000e-02  0.000000e+00  0.000000e+00  0.000000e+00  0.000000e+00  0.000000e+00  0.000000e+00
1.354084e-02  0.000000e+00  0.000000e+00  0.000000e+00  0.000000e+00  0.000000e+00  0.000000e+00  0.000000e+00  1.430000e-02  0.000000e+00  0.000000e+00  0.000000e+00  0.000000e+00  0.000000e+00  0.000000e+00
1.417639e-02  0.000000e+00  0.000000e+00  0.000000e+00  0.000000e+00  0.000000e+00  0.000000e+00  0.000000e+00  1.590000e-02  0.000000e+00  0.000000e+00  0.000000e+00  0.000000e+00  0.000000e+00  0.000000e+00
1.484176e-02  0.000000e+00  0.000000e+00  0.000000e+00  0.000000e+00  0.000000e+00  0.000000e+00  0.000000e+00  1.190000e-02  0.000000e+00  0.000000e+00  0.000000e+00  0.000000e+00  0.000000e+00  0.000000e+00
1.553836e-02  0.000000e+00  0.000000e+00  0.000000e+00  0.000000e+00  0.000000e+00  0.000000e+00  0.000000e+00  1.360000e-02  0.000000e+00  0.000000e+00  0.000000e+00  0.000000e+00  0.000000e+00  0.000000e+00
1.626766e-02  0.000000e+00  0.000000e+00  0.000000e+00  0.000000e+00  0.000000e+00  0.000000e+00  0.000000e+00  1.040000e-02  0.000000e+00  0.000000e+00  0.000000e+00  0.000000e+00  0.000000e+00  0.000000e+00
1.703118e-02  0.000000e+00  0.000000e+00  0.000000e+00  0.000000e+00  0.000000e+00  0.000000e+00  0.000000e+00  1.040000e-02  0.000000e+00  0.000000e+00  0.000000e+00  0.000000e+00  0.000000e+00  0.000000e+00
1.783055e-02  0.000000e+00  0.000000e+00  0.000000e+00  0.000000e+00  0.000000e+00  0.000000e+00  0.000000e+00  8.700000e-03  0.000000e+00  0.000000e+00  0.000000e+00  0.000000e+00  0.000000e+00  0.000000e+00
1.866743e-02  0.000000e+00  0.000000e+00  0.000000e+00  0.000000e+00  0.000000e+00  0.000000e+00  0.000000e+00  5.800000e-03  0.000000e+00  0.000000e+00  0.000000e+00  0.000000e+00  0.000000e+00  0.000000e+00
1.954359e-02  0.000000e+00  0.000000e+00  0.000000e+00  0.000000e+00  0.000000e+00  0.000000e+00  0.000000e+00  6.100000e-03  0.000000e+00  0.000000e+00  0.000000e+00  0.000000e+00  0.000000e+00  0.000000e+00
2.046087e-02  0.000000e+00  0.000000e+00  0.000000e+00  0.000000e+00  0.000000e+00  0.000000e+00  0.000000e+00  5.800000e-03  0.000000e+00  0.000000e+00  0.000000e+00  0.000000e+00  0.000000e+00  0.000000e+00
2.142120e-02  0.000000e+00  0.000000e+00  0.000000e+00  0.000000e+00  0.000000e+00  0.000000e+00  0.000000e+00  4.400000e-03  0.000000e+00  0.000000e+00  0.000000e+00  0.000000e+00  0.000000e+00  0.000000e+00
