4.940484e-04  0.000000e+00  0.000000e+00  0.000000e+00  0.000000e+00  0.000000e+00  0.000000e+00  0.000000e+00  0.000000e+00  0.000000e+00  0.000000e+00  0.000000e+00  0.000000e+00  0.000000e+00  3.432214e-03
5.164022e-04  0.000000e+00  0.000000e+00  0.000000e+00  0.000000e+00  0.000000e+00  0.000000e+00  0.000000e+00  0.000000e+00  0.000000e+00  0.000000e+00  0.000000e+00  0.000000e+00  0.000000e+00  4.535425e-03
5.397675e-04  0.000000e+00  0.000000e+00  0.000000e+00  0.000000e+00  0.000000e+00  0.000000e+00  0.000000e+00  0.000000e+00  0.000000e+00  0.000000e+00  0.000000e+00  0.000000e+00  0.000000e+00  2.941898e-03
5.641900e-04  0.000000e+00  0.000000e+00  0.000000e+00  0.000000e+00  0.000000e+00  0.000000e+00  0.000000e+00  0.000000e+00  0.000000e+00  0.000000e+00  0.000000e+00  0.000000e+00  0.000000e+00  6.251532e-03
5.897175e-04  0.000000e+00  0.000000e+00  0.000000e+00  0.000000e+00  0.000000e+00  0.000000e+00  0.000000e+00  0.000000e+00  0.000000e+00  0.000000e+00  0.000000e+00  0.000000e+00  0.000000e+00  5.883795e-03
6.164000e-04  0.000000e+00  0.000000e+00  0.000000e+00  0.000000e+00  0.000000e+00  0.000000e+00  0.000000e+00  0.000000e+00  0.000000e+00  0.000000e+00  0.000000e+00  0.000000e+00  0.000000e+00  6.128953e-03
6.442899e-04  0.000000e+00  0.000000e+00  0.000000e+00  0.000000e+00  0.000000e+00  0.000000e+00  0.000000e+00  0.000000e+00  0.000000e+00  0.000000e+00  0.000000e+00  0.000000e+00  0.000000e+00  6.006374e-03
6.734416e-04  0.000000e+00  0.000000e+00  0.000000e+00  0.000000e+00  0.000000e+00  0.000000e+00  0.000000e+00  0.000000e+00  0.000000e+00  0.000000e+00  0.000000e+00  0.000000e+00  0.000000e+00  7.232165e-03
7.039123e-04  0.000000e+00  0.000000e+00  0.000000e+00  0.000000e+00  0.000000e+00  0.000000e+00  0.000000e+00  0.000000e+00  0.000000e+00  0.000000e+00  0.000000e+00  0.000000e+00  0.000000e+00  8.090218e-03
7.357617e-04  0.000000e+00  0.000000e+00  0.000000e+00  0.000000e+00  0.000000e+00  0.000000e+00  0.000000e+00  0.000000e+00  0.000000e+00  0.000000e+00  0.000000e+00  0.000000e+00  0.000000e+00  1.029664e-02
7.690522e-04  0.000000e+00  0.000000e+00  0.000000e+00  0.000000e+00  0.000000e+00  0.000000e+00  0.000000e+00  0.000000e+00  0.000000e+00  0.000000e+00  0.000000e+00  0.000000e+00  0.000000e+00  9.316009e-03
8.038490e-04  0.000000e+00  0.000000e+00  0.000000e+00  0.000000e+00  0.000000e+00  0.000000e+00  0.000000e+00  0.000000e+00  0.000000e+00  0.000000e+00  0.000000e+00  0.000000e+00  0.000000e+00  1.152243e-02
8.402202e-04  0.000000e+00  0.000000e+00  0.000000e+00  0.000000e+00  0.000000e+00  0.000000e+00  0.000000e+00  0.000000e+00  0.000000e+00  0.000000e+00  0.000000e+00  0.000000e+00  0.000000e+00  1.164501e-02
8.782370e-04  0.000000e+00  0.000000e+00  0.000000e+00  0.000000e+00  0.000000e+00  0.000000e+00  0.000000e+00  0.000000e+00  0.000000e+00  0.000000e+00  0.000000e+00  0.000000e+00  0.000000e+00  1.139985e-02
9.179740e-04  0.000000e+00  0.000000e+00  0.000000e+00  0.000000e+00  0.000000e+00  0.000000e+00  0.000000e+00  0.000000e+00  0.000000e+00  0.000000e+00  0.000000e+00  0.000000e+00  0.000000e+00  1.078696e-02
9.595089e-04  0.000000e+00  0.000000e+00  0.000000e+00  0.000000e+00  0.000000e+00  0.000000e+00  0.000000e+00  0.000000e+00  0.000000e+00  0.000000e+00  0.000000e+00  0.000000e+00  0.000000e+00  1.189017e-02
1.002923e-03  0.000000e+00  0.000000e+00  0.000000e+00  0.000000e+00  0.000000e+00  0.000000e+00  4.290267e-03  0.000000e+00  0.000000e+00  0.000000e+00  0.000000e+00  0.000000e+00  0.000000e+00  1.201275e-02
1.048302e-03  0.000000e+00  0.000000e+00  0.000000e+00  0.000000e+00  0.000000e+00  0.000000e+00  1.495465e-02  0.000000e+00  0.000000e+00  0.000000e+00  0.000000e+00  0.000000e+00  0.000000e+00  1.495465e-02
1.095733e-03  0.000000e+00  0.000000e+00  0.000000e+00  0.000000e+00  0.000000e+00  0.000000e+00  1.336112e-02  0.000000e+00  0.000000e+00  0.000000e+00  0.000000e+00  0.000000e+00  0.000000e+00  1.336112e-02
1.145311e-03  0.000000e+00  0.000000e+00  0.000000e+00  0.000000e+00  0.000000e+00  0.000000e+00  1.569012e-02  0.000000e+00  0.000000e+00  0.000000e+00  0.000000e+00  0.000000e+00  0.000000e+00  1.569012e-02
1.197132e-03  0.000000e+00  0.000000e+00  0.000000e+00  0.000000e+00  0.000000e+00  0.000000e+00  1.618044e-02  0.000000e+00  0.000000e+00  0.000000e+00  0.000000e+00  0.000000e+00  0.000000e+00  1.618044e-02
1.251298e-03  0.000000e+00  0.000000e+00  0.000000e+00  0.000000e+00  0.000000e+00  0.000000e+00  1.495465e-02  0.000000e+00  0.000000e+00  0.000000e+00  0.000000e+00  0.000000e+00  0.000000e+00  1.495465e-02
1.307915e-03  0.000000e+00  0.000000e+00  0.000000e+00  0.000000e+00  0.000000e+00  0.000000e+00  1.434175e-02  0.000000e+00  0.000000e+00  0.000000e+00  0.000000e+00  0.000000e+00  0.000000e+00  1.434175e-02
1.367093e-03  0.000000e+00  0.000000e+00  0.000000e+00  0.000000e+00  0.000000e+00  0.000000e+00  1.519980e-02  0.000000e+00  0.000000e+00  0.000000e+00  0.000000e+00  0.000000e+00  0.000000e+00  1.519980e-02
1.428949e-03  0.000000e+00  0.000000e+00  0.000000e+00  0.000000e+00  0.000000e+00  0.000000e+00  1.789654e-02  0.000000e+00  0.000000e+00  0.000000e+00  0.000000e+00  0.000000e+00  0.000000e+00  1.789654e-02
1.493604e-03  0.000000e+00  0.000000e+00  0.000000e+00  0.000000e+00  0.000000e+00  0.000000e+00  1.593528e-02  0.000000e+00  0.000000e+00  0.000000e+00  0.000000e+00  0.000000e+00  0.000000e+00  1.593528e-02
1.561184e-03  0.000000e+00  0.000000e+00  0.000000e+00  0.000000e+00  0.000000e+00  0.000000e+00  1.581270e-02  0.000000e+00  0.000000e+00  0.000000e+00  0.000000e+00  0.000000e+00  0.000000e+00  1.581270e-02
1.631821e-03  0.000000e+00  0.000000e+00  0.000000e+00  0.000000e+00  0.000000e+00  0.000000e+00  1.458691e-02  0.000000e+00  0.000000e+00  0.000000e+00  0.000000e+00  0.000000e+00  0.000000e+00  1.458691e-02
1.705655e-03  0.000000e+00  0.000000e+00  0.000000e+00  0.000000e+00  0.000000e+00  0.000000e+00  1.740623e-02  0.000000e+00  0.000000e+00  0.000000e+00  0.000000e+00  0.000000e+00  2.574160e-03  1.740623e-02
1.782830e-03  0.000000e+00  0.000000e+00  0.000000e+00  0.000000e+00  0.000000e+00  0.000000e+00  1.716107e-02  0.000000e+00  0.000000e+00  0.000000e+00  0.000000e+00  0.000000e+00  5.883795e-03  1.716107e-02
1.863496e-03  0.000000e+00  0.000000e+00  0.000000e+00  0.000000e+00  0.000000e+00  0.000000e+00  1.752881e-02  0.000000e+00  0.000000e+00  0.000000e+00  0.000000e+00  0.000000e+00  7.109586e-03  1.752881e-02
1.947813e-03  0.000000e+00  0.000000e+00  0.000000e+00  0.000000e+00  0.000000e+00  0.000000e+00  2.010297e-02  0.000000e+00  0.000000e+00  0.000000e+00  0.000000e+00  0.000000e+00  7.109586e-03  2.010297e-02
2.035944e-03  0.000000e+00  0.000000e+00  0.000000e+00  0.000000e+00  0.000000e+00  0.000000e+00  1.826428e-02  0.000000e+00  0.000000e+00  0.000000e+00  0.000000e+00  0.000000e+00  7.845060e-03  1.826428e-02
2.128063e-03  0.000000e+00  0.000000e+00  0.000000e+00  0.000000e+00  0.000000e+00  0.000000e+00  1.998039e-02  0.000000e+00  0.000000e+00  0.000000e+00  0.000000e+00  0.000000e+00  1.017406e-02  1.998039e-02
2.224350e-03  0.000000e+00  0.000000e+00  0.000000e+00  0.000000e+00  0.000000e+00  0.000000e+00  1.985781e-02  0.000000e+00  0.000000e+00  0.000000e+00  0.000000e+00  0.000000e+00  1.103212e-02  1.985781e-02
2.324993e-03  0.000000e+00  0.000000e+00  0.000000e+00  0.000000e+00  0.000000e+00  0.000000e+00  2.120618e-02  0.000000e+00  0.000000e+00  0.000000e+00  0.000000e+00  0.000000e+00  1.225791e-02  2.120618e-02
2.430191e-03  0.000000e+00  0.000000e+00  0.000000e+00  0.000000e+00  0.000000e+00  0.000000e+00  2.157392e-02  0.000000e+00  0.000000e+00  0.000000e+00  0.000000e+00  0.000000e+00  1.360628e-02  2.157392e-02
2.540148e-03  0.000000e+00  0.000000e+00  0.000000e+00  0.000000e+00  0.000000e+00  0.000000e+00  2.108360e-02  0.000000e+00  0.000000e+00  0.000000e+00  0.000000e+00  1.593528e-03  1.287080e-02  2.108360e-02
2.655080e-03  0.000000e+00  0.000000e+00  0.000000e+00  0.000000e+00  0.000000e+00  0.000000e+00  2.071586e-02  0.000000e+00  0.000000e+00  0.000000e+00  0.000000e+00  4.658004e-03  1.360628e-02  2.071586e-02
2.775213e-03  0.000000e+00  0.000000e+00  0.000000e+00  0.000000e+00  0.000000e+00  0.000000e+00  1.985781e-02  0.000000e+00  0.000000e+00  0.000000e+00  0.000000e+00  5.638637e-03  1.605786e-02  1.985781e-02
2.900781e-03  0.000000e+00  0.000000e+00  0.000000e+00  0.000000e+00  0.000000e+00  0.000000e+00  2.390292e-02  0.000000e+00  0.000000e+00  0.000000e+00  0.000000e+00  8.335376e-03  1.348370e-02  2.390292e-02
3.032030e-03  0.000000e+00  0.000000e+00  0.000000e+00  0.000000e+00  0.000000e+00  1.544496e-02  2.194165e-02  0.000000e+00  0.000000e+00  0.000000e+00  0.000000e+00  8.090218e-03  1.691591e-02  2.194165e-02
3.169219e-03  0.000000e+00  0.000000e+00  0.000000e+00  0.000000e+00  0.000000e+00  1.765139e-02  2.230939e-02  0.000000e+00  0.000000e+00  0.000000e+00  0.000000e+00  1.041922e-02  1.765139e-02  2.230939e-02
3.312614e-03  0.000000e+00  0.000000e+00  0.000000e+00  0.000000e+00  0.000000e+00  1.912233e-02  2.610934e-02  0.000000e+00  0.000000e+00  0.000000e+00  0.000000e+00  1.274822e-02  1.912233e-02  2.610934e-02
3.462497e-03  0.000000e+00  0.000000e+00  0.000000e+00  0.000000e+00  0.000000e+00  2.034812e-02  2.414808e-02  0.000000e+00  0.000000e+00  0.000000e+00  0.000000e+00  1.005148e-02  2.034812e-02  2.414808e-02
3.619163e-03  0.000000e+00  0.000000e+00  0.000000e+00  0.000000e+00  0.000000e+00  1.998039e-02  2.549645e-02  0.000000e+00  0.000000e+00  0.000000e+00  0.000000e+00  1.299338e-02  1.998039e-02  2.549645e-02
3.782916e-03  0.000000e+00  0.000000e+00  0.000000e+00  0.000000e+00  0.000000e+00  1.949007e-02  2.194165e-02  0.000000e+00  0.000000e+00  0.000000e+00  0.000000e+00  1.519980e-02  1.949007e-02  2.194165e-02
3.954079e-03  0.000000e+00  0.000000e+00  0.000000e+00  0.000000e+00  0.000000e+00  2.181907e-02  2.132876e-02  0.000000e+00  0.000000e+00  0.000000e+00  0.000000e+00  1.360628e-02  2.181907e-02  2.132876e-02
4.132987e-03  0.000000e+00  0.000000e+00  0.000000e+00  0.000000e+00  0.000000e+00  2.034812e-02  1.850944e-02  0.000000e+00  0.000000e+00  0.000000e+00  0.000000e+00  1.434175e-02  2.034812e-02  1.850944e-02
4.319989e-03  0.000000e+00  0.000000e+00  0.000000e+00  0.000000e+00  0.000000e+00  2.181907e-02  1.789654e-02  0.000000e+00  0.000000e+00  0.000000e+00  1.225791e-03  1.716107e-02  2.181907e-02  1.789654e-02
4.515452e-03  0.000000e+00  0.000000e+00  0.000000e+00  0.000000e+00  1.765139e-02  2.500613e-02  1.863202e-02  0.000000e+00  0.000000e+00  0.000000e+00  5.148321e-03  1.789654e-02  2.500613e-02  1.863202e-02
4.719760e-03  0.000000e+00  0.000000e+00  0.000000e+00  0.000000e+00  2.243197e-02  2.525129e-02  1.924491e-02  0.000000e+00  0.000000e+00  0.000000e+00  6.741848e-03  2.243197e-02  2.525129e-02  1.924491e-02
4.933312e-03  0.000000e+00  0.000000e+00  0.000000e+00  0.000000e+00  2.022555e-02  2.586418e-02  1.041922e-02  0.000000e+00  0.000000e+00  0.000000e+00  7.599902e-03  2.022555e-02  2.586418e-02  1.838686e-02
5.156526e-03  0.000000e+00  0.000000e+00  0.000000e+00  0.000000e+00  2.083844e-02  2.672224e-02  0.000000e+00  0.000000e+00  0.000000e+00  0.000000e+00  9.928904e-03  2.083844e-02  2.672224e-02  1.581270e-02
5.389839e-03  0.000000e+00  0.000000e+00  0.000000e+00  0.000000e+00  2.071586e-02  2.586418e-02  0.000000e+00  0.000000e+00  0.000000e+00  0.000000e+00  9.683746e-03  2.071586e-02  2.586418e-02  1.593528e-02
5.633709e-03  0.000000e+00  0.000000e+00  0.000000e+00  0.000000e+00  2.194165e-02  3.015445e-02  0.000000e+00  0.000000e+00  0.000000e+00  0.000000e+00  1.323854e-02  2.194165e-02  3.015445e-02  1.238049e-02
5.888614e-03  0.000000e+00  0.000000e+00  0.000000e+00  0.000000e+00  2.218681e-02  2.512871e-02  0.000000e+00  0.000000e+00  0.000000e+00  0.000000e+00  1.274822e-02  2.218681e-02  2.512871e-02  1.434175e-02
6.155052e-03  0.000000e+00  0.000000e+00  0.000000e+00  0.000000e+00  2.525129e-02  3.187056e-02  0.000000e+00  0.000000e+00  0.000000e+00  0.000000e+00  1.189017e-02  2.525129e-02  3.187056e-02  1.372886e-02
6.433545e-03  0.000000e+00  0.000000e+00  0.000000e+00  0.000000e+00  2.758029e-02  2.880608e-02  0.000000e+00  0.000000e+00  0.000000e+00  0.000000e+00  1.581270e-02  2.758029e-02  2.880608e-02  1.127727e-02
6.724639e-03  0.000000e+00  0.000000e+00  0.000000e+00  0.000000e+00  2.623192e-02  2.770287e-02  0.000000e+00  0.000000e+00  0.000000e+00  0.000000e+00  1.507722e-02  2.623192e-02  2.770287e-02  1.005148e-02
7.028904e-03  0.000000e+00  0.000000e+00  0.000000e+00  0.000000e+00  2.954155e-02  2.721255e-02  0.000000e+00  0.000000e+00  0.000000e+00  0.000000e+00  1.801912e-02  2.954155e-02  2.721255e-02  1.029664e-02
7.346936e-03  0.000000e+00  0.000000e+00  0.000000e+00  9.928904e-03  3.150282e-02  2.954155e-02  0.000000e+00  0.000000e+00  0.000000e+00  0.000000e+00  1.789654e-02  3.150282e-02  2.954155e-02  8.335376e-03
7.679358e-03  0.000000e+00  0.000000e+00  0.000000e+00  1.912233e-02  3.101250e-02  2.708997e-02  0.000000e+00  0.000000e+00  0.000000e+00  0.000000e+00  1.912233e-02  3.101250e-02  2.708997e-02  6.864428e-03
8.026820e-03  0.000000e+00  0.000000e+00  0.000000e+00  2.083844e-02  2.610934e-02  2.476097e-02  0.000000e+00  0.000000e+00  0.000000e+00  0.000000e+00  2.083844e-02  2.610934e-02  2.476097e-02  6.374111e-03
8.390004e-03  0.000000e+00  0.000000e+00  0.000000e+00  2.218681e-02  3.285119e-02  2.255455e-02  0.000000e+00  0.000000e+00  0.000000e+00  0.000000e+00  2.218681e-02  3.285119e-02  2.255455e-02  1.716107e-03
8.769621e-03  0.000000e+00  0.000000e+00  0.000000e+00  2.292228e-02  3.174798e-02  2.476097e-02  0.000000e+00  0.000000e+00  0.000000e+00  0.000000e+00  2.292228e-02  3.174798e-02  2.476097e-02  0.000000e+00
9.166413e-03  0.000000e+00  0.000000e+00  0.000000e+00  2.476097e-02  2.966413e-02  2.206423e-02  0.000000e+00  0.000000e+00  0.000000e+00  1.593528e-03  2.476097e-02  2.966413e-02  2.206423e-02  0.000000e+00
9.581160e-03  0.000000e+00  0.000000e+00  0.000000e+00  2.684481e-02  2.598676e-02  1.912233e-02  0.000000e+00  0.000000e+00  0.000000e+00  6.128953e-03  2.684481e-02  2.598676e-02  1.912233e-02  0.000000e+00
1.001467e-02  0.000000e+00  0.000000e+00  0.000000e+00  2.941898e-02  2.868350e-02  2.034812e-02  0.000000e+00  0.000000e+00  0.000000e+00  5.516058e-03  2.941898e-02  2.868350e-02  2.034812e-02  0.000000e+00
1.046780e-02  0.000000e+00  0.000000e+00  0.000000e+00  3.015445e-02  2.819318e-02  1.397401e-02  0.000000e+00  0.000000e+00  0.000000e+00  7.967639e-03  3.015445e-02  2.819318e-02  2.096102e-02  0.000000e+00
1.094143e-02  0.000000e+00  0.000000e+00  0.000000e+00  3.554793e-02  2.488355e-02  0.000000e+00  0.000000e+00  0.000000e+00  0.000000e+00  8.580534e-03  3.554793e-02  2.488355e-02  1.654817e-02  0.000000e+00
1.143649e-02  0.000000e+00  0.000000e+00  0.000000e+00  3.101250e-02  2.770287e-02  0.000000e+00  0.000000e+00  0.000000e+00  0.000000e+00  1.127727e-02  3.101250e-02  2.770287e-02  1.519980e-02  0.000000e+00
1.195395e-02  0.000000e+00  0.000000e+00  0.000000e+00  2.684481e-02  2.439323e-02  0.000000e+00  0.000000e+00  0.000000e+00  0.000000e+00  1.238049e-02  2.684481e-02  2.439323e-02  1.409659e-02  0.000000e+00
1.249482e-02  0.000000e+00  0.000000e+00  0.000000e+00  3.370924e-02  2.365776e-02  0.000000e+00  0.000000e+00  0.000000e+00  0.000000e+00  1.323854e-02  3.370924e-02  2.365776e-02  1.740623e-02  0.000000e+00
1.306016e-02  0.000000e+00  0.000000e+00  0.000000e+00  3.346408e-02  2.059328e-02  0.000000e+00  0.000000e+00  0.000000e+00  0.000000e+00  1.765139e-02  3.346408e-02  2.059328e-02  1.470949e-02  0.000000e+00
1.365108e-02  0.000000e+00  0.000000e+00  0.000000e+00  3.064477e-02  2.096102e-02  0.000000e+00  0.000000e+00  0.000000e+00  0.000000e+00  1.716107e-02  3.064477e-02  2.096102e-02  1.507722e-02  0.000000e+00
1.426875e-02  0.000000e+00  0.000000e+00  0.000000e+00  3.285119e-02  1.728365e-02  0.000000e+00  0.000000e+00  0.000000e+00  0.000000e+00  1.642559e-02  3.285119e-02  2.230939e-02  1.029664e-02  0.000000e+00
1.491435e-02  0.000000e+00  0.000000e+00  1.103212e-03  3.395440e-02  0.000000e+00  0.000000e+00  0.000000e+00  0.000000e+00  0.000000e+00  1.826428e-02  3.395440e-02  1.850944e-02  8.948272e-03  0.000000e+00
1.558917e-02  0.000000e+00  0.000000e+00  2.047070e-02  3.015445e-02  0.000000e+00  0.000000e+00  0.000000e+00  0.000000e+00  0.000000e+00  2.047070e-02  3.015445e-02  1.752881e-02  7.354744e-03  0.000000e+00
1.629453e-02  0.000000e+00  0.000000e+00  2.230939e-02  3.003187e-02  0.000000e+00  0.000000e+00  0.000000e+00  0.000000e+00  0.000000e+00  2.230939e-02  3.003187e-02  1.421917e-02  7.477323e-03  0.000000e+00
1.703179e-02  0.000000e+00  0.000000e+00  2.414808e-02  2.831576e-02  0.000000e+00  0.000000e+00  0.000000e+00  0.000000e+00  8.580534e-04  2.414808e-02  2.831576e-02  1.654817e-02  9.806325e-04  0.000000e+00
1.780242e-02  0.000000e+00  0.000000e+00  2.782545e-02  2.843834e-02  0.000000e+00  0.000000e+00  0.000000e+00  0.000000e+00  4.167688e-03  2.782545e-02  2.843834e-02  1.458691e-02  0.000000e+00  0.000000e+00
1.860791e-02  0.000000e+00  0.000000e+00  3.039961e-02  2.353518e-02  0.000000e+00  0.000000e+00  0.000000e+00  0.000000e+00  4.903163e-03  3.039961e-02  2.353518e-02  1.372886e-02  0.000000e+00  0.000000e+00
1.944985e-02  0.000000e+00  0.000000e+00  3.113508e-02  2.279971e-02  0.000000e+00  0.000000e+00  0.000000e+00  0.000000e+00  6.006374e-03  3.113508e-02  2.279971e-02  1.274822e-02  0.000000e+00  0.000000e+00
2.032988e-02  0.000000e+00  0.000000e+00  3.481245e-02  2.071586e-02  0.000000e+00  0.000000e+00  0.000000e+00  0.000000e+00  7.845060e-03  3.481245e-02  2.071586e-02  8.212797e-03  0.000000e+00  0.000000e+00
2.124974e-02  0.000000e+00  0.000000e+00  3.211571e-02  2.316744e-02  0.000000e+00  0.000000e+00  0.000000e+00  0.000000e+00  6.987007e-03  3.211571e-02  2.316744e-02  7.232165e-03  0.000000e+00  0.000000e+00
2.221121e-02  0.000000e+00  0.000000e+00  3.567051e-02  8.457955e-03  0.000000e+00  0.000000e+00  0.000000e+00  0.000000e+00  1.201275e-02  3.567051e-02  2.132876e-02  6.006374e-03  0.000000e+00  0.000000e+00
2.321618e-02  0.000000e+00  0.000000e+00  3.554793e-02  0.000000e+00  0.000000e+00  0.000000e+00  0.000000e+00  0.000000e+00  1.409659e-02  3.554793e-02  1.949007e-02  7.354744e-04  0.000000e+00  0.000000e+00
2.426663e-02  0.000000e+00  0.000000e+00  3.812209e-02  0.000000e+00  0.000000e+00  0.000000e+00  0.000000e+00  0.000000e+00  1.470949e-02  3.812209e-02  1.716107e-02  0.000000e+00  0.000000e+00  0.000000e+00
2.536460e-02  0.000000e+00  0.000000e+00  3.309635e-02  0.000000e+00  0.000000e+00  0.000000e+00  0.000000e+00  0.000000e+00  1.446433e-02  3.309635e-02  1.544496e-02  0.000000e+00  0.000000e+00  0.000000e+00
2.651226e-02  0.000000e+00  0.000000e+00  3.518019e-02  0.000000e+00  0.000000e+00  0.000000e+00  0.000000e+00  0.000000e+00  1.691591e-02  3.518019e-02  1.519980e-02  0.000000e+00  0.000000e+00  0.000000e+00
2.771184e-02  0.000000e+00  0.000000e+00  3.689630e-02  0.000000e+00  0.000000e+00  0.000000e+00  0.000000e+00  0.000000e+00  1.814170e-02  3.689630e-02  1.716107e-02  0.000000e+00  0.000000e+00  0.000000e+00
2.896570e-02  0.000000e+00  7.232165e-03  3.481245e-02  0.000000e+00  0.000000e+00  0.000000e+00  0.000000e+00  0.000000e+00  2.120618e-02  3.481245e-02  1.372886e-02  0.000000e+00  0.000000e+00  0.000000e+00
3.027629e-02  0.000000e+00  2.476097e-02  3.432214e-02  0.000000e+00  0.000000e+00  0.000000e+00  0.000000e+00  0.000000e+00  2.476097e-02  3.432214e-02  9.683746e-03  0.000000e+00  0.000000e+00  0.000000e+00
3.164618e-02  0.000000e+00  2.770287e-02  3.015445e-02  0.000000e+00  0.000000e+00  0.000000e+00  0.000000e+00  0.000000e+00  2.770287e-02  3.015445e-02  6.864428e-03  0.000000e+00  0.000000e+00  0.000000e+00
3.307805e-02  0.000000e+00  2.929640e-02  2.917382e-02  0.000000e+00  0.000000e+00  0.000000e+00  0.000000e+00  0.000000e+00  2.929640e-02  2.917382e-02  6.251532e-03  0.000000e+00  0.000000e+00  0.000000e+00
3.457471e-02  0.000000e+00  3.027703e-02  3.088992e-02  0.000000e+00  0.000000e+00  0.000000e+00  0.000000e+00  0.000000e+00  3.027703e-02  3.088992e-02  1.225791e-03  0.000000e+00  0.000000e+00  0.000000e+00
3.613908e-02  0.000000e+00  3.346408e-02  2.329002e-02  0.000000e+00  0.000000e+00  0.000000e+00  0.000000e+00  0.000000e+00  3.346408e-02  2.329002e-02  0.000000e+00  0.000000e+00  0.000000e+00  0.000000e+00
3.777424e-02  0.000000e+00  3.910272e-02  2.537387e-02  0.000000e+00  0.000000e+00  0.000000e+00  0.000000e+00  0.000000e+00  3.910272e-02  2.537387e-02  0.000000e+00  0.000000e+00  0.000000e+00  0.000000e+00
3.948339e-02  0.000000e+00  3.567051e-02  2.414808e-02  0.000000e+00  0.000000e+00  0.000000e+00  0.000000e+00  0.000000e+00  3.567051e-02  2.414808e-02  0.000000e+00  0.000000e+00  0.000000e+00  0.000000e+00
4.126987e-02  0.000000e+00  3.996077e-02  8.825693e-03  0.000000e+00  0.000000e+00  0.000000e+00  0.000000e+00  0.000000e+00  3.996077e-02  2.230939e-02  0.000000e+00  0.000000e+00  0.000000e+00  0.000000e+00
4.313717e-02  0.000000e+00  3.616082e-02  0.000000e+00  0.000000e+00  0.000000e+00  0.000000e+00  0.000000e+00  0.000000e+00  3.616082e-02  2.010297e-02  0.000000e+00  0.000000e+00  0.000000e+00  0.000000e+00
4.508897e-02  0.000000e+00  3.787693e-02  0.000000e+00  0.000000e+00  0.000000e+00  0.000000e+00  0.000000e+00  0.000000e+00  3.787693e-02  2.083844e-02  0.000000e+00  0.000000e+00  0.000000e+00  0.000000e+00
4.712908e-02  0.000000e+00  3.885756e-02  0.000000e+00  0.000000e+00  0.000000e+00  0.000000e+00  0.000000e+00  0.000000e+00  3.885756e-02  1.752881e-02  0.000000e+00  0.000000e+00  0.000000e+00  0.000000e+00
4.926150e-02  0.000000e+00  3.824467e-02  0.000000e+00  0.000000e+00  0.000000e+00  0.000000e+00  0.000000e+00  0.000000e+00  3.824467e-02  1.740623e-02  0.000000e+00  0.000000e+00  0.000000e+00  0.000000e+00
5.149040e-02  0.000000e+00  3.591567e-02  0.000000e+00  0.000000e+00  0.000000e+00  0.000000e+00  0.000000e+00  0.000000e+00  3.591567e-02  1.618044e-02  0.000000e+00  0.000000e+00  0.000000e+00  0.000000e+00
5.382015e-02  0.000000e+00  3.518019e-02  0.000000e+00  0.000000e+00  0.000000e+00  0.000000e+00  0.000000e+00  0.000000e+00  3.518019e-02  1.213533e-02  0.000000e+00  0.000000e+00  0.000000e+00  0.000000e+00
5.625531e-02  0.000000e+00  3.591567e-02  0.000000e+00  0.000000e+00  0.000000e+00  0.000000e+00  0.000000e+00  0.000000e+00  3.591567e-02  8.580534e-03  0.000000e+00  0.000000e+00  0.000000e+00  0.000000e+00
5.880065e-02  0.000000e+00  3.309635e-02  0.000000e+00  0.000000e+00  0.000000e+00  0.000000e+00  0.000000e+00  0.000000e+00  3.309635e-02  5.638637e-03  0.000000e+00  0.000000e+00  0.000000e+00  0.000000e+00
6.146116e-02  0.000000e+00  2.954155e-02  0.000000e+00  0.000000e+00  0.000000e+00  0.000000e+00  0.000000e+00  0.000000e+00  2.954155e-02  3.187056e-03  0.000000e+00  0.000000e+00  0.000000e+00  0.000000e+00
6.424205e-02  0.000000e+00  2.868350e-02  0.000000e+00  0.000000e+00  0.000000e+00  0.000000e+00  0.000000e+00  6.128953e-04  2.868350e-02  0.000000e+00  0.000000e+00  0.000000e+00  0.000000e+00  0.000000e+00
6.714877e-02  0.000000e+00  2.623192e-02  0.000000e+00  0.000000e+00  0.000000e+00  0.000000e+00  0.000000e+00  5.270900e-03  2.623192e-02  0.000000e+00  0.000000e+00  0.000000e+00  0.000000e+00  0.000000e+00
7.018700e-02  0.000000e+00  2.598676e-02  0.000000e+00  0.000000e+00  0.000000e+00  0.000000e+00  0.000000e+00  5.516058e-03  2.598676e-02  0.000000e+00  0.000000e+00  0.000000e+00  0.000000e+00  0.000000e+00
7.336270e-02  0.000000e+00  1.066438e-02  0.000000e+00  0.000000e+00  0.000000e+00  0.000000e+00  0.000000e+00  5.883795e-03  2.794803e-02  0.000000e+00  0.000000e+00  0.000000e+00  0.000000e+00  0.000000e+00
7.668209e-02  0.000000e+00  0.000000e+00  0.000000e+00  0.000000e+00  0.000000e+00  0.000000e+00  0.000000e+00  7.477323e-03  2.206423e-02  0.000000e+00  0.000000e+00  0.000000e+00  0.000000e+00  0.000000e+00
8.015167e-02  0.000000e+00  0.000000e+00  0.000000e+00  0.000000e+00  0.000000e+00  0.000000e+00  0.000000e+00  8.457955e-03  1.998039e-02  0.000000e+00  0.000000e+00  0.000000e+00  0.000000e+00  0.000000e+00
8.377824e-02  0.000000e+00  0.000000e+00  0.000000e+00  0.000000e+00  0.000000e+00  0.000000e+00  0.000000e+00  9.561167e-03  1.949007e-02  0.000000e+00  0.000000e+00  0.000000e+00  0.000000e+00  0.000000e+00
8.756889e-02  0.000000e+00  0.000000e+00  0.000000e+00  0.000000e+00  0.000000e+00  0.000000e+00  0.000000e+00  1.360628e-02  1.899975e-02  0.000000e+00  0.000000e+00  0.000000e+00  0.000000e+00  0.000000e+00
9.153106e-02  0.000000e+00  0.000000e+00  0.000000e+00  0.000000e+00  0.000000e+00  0.000000e+00  0.000000e+00  1.385143e-02  1.397401e-02  0.000000e+00  0.000000e+00  0.000000e+00  0.000000e+00  0.000000e+00
9.567250e-02  0.000000e+00  0.000000e+00  0.000000e+00  0.000000e+00  0.000000e+00  0.000000e+00  0.000000e+00  1.716107e-02  1.029664e-02  0.000000e+00  0.000000e+00  0.000000e+00  0.000000e+00  0.000000e+00
1.000013e-01  0.000000e+00  0.000000e+00  0.000000e+00  0.000000e+00  0.000000e+00  0.000000e+00  0.000000e+00  1.789654e-02  6.987007e-03  0.000000e+00  0.000000e+00  0.000000e+00  0.000000e+00  0.000000e+00
1.045260e-01  0.000000e+00  0.000000e+00  0.000000e+00  0.000000e+00  0.000000e+00  0.000000e+00  0.000000e+00  2.047070e-02  6.006374e-03  0.000000e+00  0.000000e+00  0.000000e+00  0.000000e+00  0.000000e+00
1.092554e-01  1.483207e-02  0.000000e+00  0.000000e+00  0.000000e+00  0.000000e+00  0.000000e+00  0.000000e+00  2.414808e-02  0.000000e+00  0.000000e+00  0.000000e+00  0.000000e+00  0.000000e+00  0.000000e+00
1.141988e-01  2.500613e-02  0.000000e+00  0.000000e+00  0.000000e+00  0.000000e+00  0.000000e+00  0.000000e+00  2.500613e-02  0.000000e+00  0.000000e+00  0.000000e+00  0.000000e+00  0.000000e+00  0.000000e+00
1.193659e-01  2.635450e-02  0.000000e+00  0.000000e+00  0.000000e+00  0.000000e+00  0.000000e+00  0.000000e+00  2.635450e-02  0.000000e+00  0.000000e+00  0.000000e+00  0.000000e+00  0.000000e+00  0.000000e+00
1.247668e-01  2.892866e-02  0.000000e+00  0.000000e+00  0.000000e+00  0.000000e+00  0.000000e+00  0.000000e+00  2.892866e-02  0.000000e+00  0.000000e+00  0.000000e+00  0.000000e+00  0.000000e+00  0.000000e+00
1.304120e-01  3.358666e-02  0.000000e+00  0.000000e+00  0.000000e+00  0.000000e+00  0.000000e+00  0.000000e+00  3.358666e-02  0.000000e+00  0.000000e+00  0.000000e+00  0.000000e+00  0.000000e+00  0.000000e+00
1.363127e-01  3.738661e-02  0.000000e+00  0.000000e+00  0.000000e+00  0.000000e+00  0.000000e+00  0.000000e+00  3.738661e-02  0.000000e+00  0.000000e+00  0.000000e+00  0.000000e+00  0.000000e+00  0.000000e+00
1.424803e-01  4.081883e-02  0.000000e+00  0.000000e+00  0.000000e+00  0.000000e+00  0.000000e+00  0.000000e+00  4.081883e-02  0.000000e+00  0.000000e+00  0.000000e+00  0.000000e+00  0.000000e+00  0.000000e+00
1.489270e-01  4.437362e-02  0.000000e+00  0.000000e+00  0.000000e+00  0.000000e+00  0.000000e+00  0.000000e+00  4.437362e-02  0.000000e+00  0.000000e+00  0.000000e+00  0.000000e+00  0.000000e+00  0.000000e+00
1.556654e-01  4.425104e-02  0.000000e+00  0.000000e+00  0.000000e+00  0.000000e+00  0.000000e+00  0.000000e+00  4.425104e-02  0.000000e+00  0.000000e+00  0.000000e+00  0.000000e+00  0.000000e+00  0.000000e+00
1.627087e-01  4.204462e-02  0.000000e+00  0.000000e+00  0.000000e+00  0.000000e+00  0.000000e+00  0.000000e+00  4.204462e-02  0.000000e+00  0.000000e+00  0.000000e+00  0.000000e+00  0.000000e+00  0.000000e+00
1.700707e-01  4.339299e-02  0.000000e+00  0.000000e+00  0.000000e+00  0.000000e+00  0.000000e+00  0.000000e+00  4.339299e-02  0.000000e+00  0.000000e+00  0.000000e+00  0.000000e+00  0.000000e+00  0.000000e+00
1.777657e-01  4.204462e-02  0.000000e+00  0.000000e+00  0.000000e+00  0.000000e+00  0.000000e+00  0.000000e+00  4.204462e-02  0.000000e+00  0.000000e+00  0.000000e+00  0.000000e+00  0.000000e+00  0.000000e+00
1.858090e-01  4.241236e-02  0.000000e+00  0.000000e+00  0.000000e+00  0.000000e+00  0.000000e+00  0.000000e+00  4.241236e-02  0.000000e+00  0.000000e+00  0.000000e+00  0.000000e+00  0.000000e+00  0.000000e+00
1.942161e-01  4.081883e-02  0.000000e+00  0.000000e+00  0.000000e+00  0.000000e+00  0.000000e+00  0.000000e+00  4.081883e-02  0.000000e+00  0.000000e+00  0.000000e+00  0.000000e+00  0.000000e+00  0.000000e+00
2.030037e-01  3.738661e-02  0.000000e+00  0.000000e+00  0.000000e+00  0.000000e+00  0.000000e+00  0.000000e+00  3.738661e-02  0.000000e+00  0.000000e+00  0.000000e+00  0.000000e+00  0.000000e+00  0.000000e+00
2.121889e-01  3.518019e-02  0.000000e+00  0.000000e+00  0.000000e+00  0.000000e+00  0.000000e+00  0.000000e+00  3.518019e-02  0.000000e+00  0.000000e+00  0.000000e+00  0.000000e+00  0.000000e+00  0.000000e+00
2.217896e-01  3.211571e-02  0.000000e+00  0.000000e+00  0.000000e+00  0.000000e+00  0.000000e+00  0.000000e+00  3.211571e-02  0.000000e+00  0.000000e+00  0.000000e+00  0.000000e+00  0.000000e+00  0.000000e+00
2.318248e-01  3.101250e-02  0.000000e+00  0.000000e+00  0.000000e+00  0.000000e+00  0.000000e+00  0.000000e+00  3.101250e-02  0.000000e+00  0.000000e+00  0.000000e+00  0.000000e+00  0.000000e+00  0.000000e+00
2.423140e-01  3.223829e-02  0.000000e+00  0.000000e+00  0.000000e+00  0.000000e+00  0.000000e+00  0.000000e+00  3.223829e-02  0.000000e+00  0.000000e+00  0.000000e+00  0.000000e+00  0.000000e+00  0.000000e+00
2.532778e-01  5.638637e-03  0.000000e+00  0.000000e+00  0.000000e+00  0.000000e+00  0.000000e+00  0.000000e+00  2.610934e-02  0.000000e+00  0.000000e+00  0.000000e+00  0.000000e+00  0.000000e+00  0.000000e+00
2.647377e-01  0.000000e+00  0.000000e+00  0.000000e+00  0.000000e+00  0.000000e+00  0.000000e+00  0.000000e+00  2.708997e-02  0.000000e+00  0.000000e+00  0.000000e+00  0.000000e+00  0.000000e+00  0.000000e+00
2.767161e-01  0.000000e+00  0.000000e+00  0.000000e+00  0.000000e+00  0.000000e+00  0.000000e+00  0.000000e+00  2.157392e-02  0.000000e+00  0.000000e+00  0.000000e+00  0.000000e+00  0.000000e+00  0.000000e+00
2.892365e-01  0.000000e+00  0.000000e+00  0.000000e+00  0.000000e+00  0.000000e+00  0.000000e+00  0.000000e+00  1.899975e-02  0.000000e+00  0.000000e+00  0.000000e+00  0.000000e+00  0.000000e+00  0.000000e+00
3.023233e-01  0.000000e+00  0.000000e+00  0.000000e+00  0.000000e+00  0.000000e+00  0.000000e+00  0.000000e+00  1.470949e-02  0.000000e+00  0.000000e+00  0.000000e+00  0.000000e+00  0.000000e+00  0.000000e+00
3.160023e-01  0.000000e+00  0.000000e+00  0.000000e+00  0.000000e+00  0.000000e+00  0.000000e+00  0.000000e+00  1.483207e-02  0.000000e+00  0.000000e+00  0.000000e+00  0.000000e+00  0.000000e+00  0.000000e+00
3.303003e-01  0.000000e+00  0.000000e+00  0.000000e+00  0.000000e+00  0.000000e+00  0.000000e+00  0.000000e+00  9.561167e-03  0.000000e+00  0.000000e+00  0.000000e+00  0.000000e+00  0.000000e+00  0.000000e+00
3.452451e-01  0.000000e+00  0.000000e+00  0.000000e+00  0.000000e+00  0.000000e+00  0.000000e+00  0.000000e+00  7.845060e-03  0.000000e+00  0.000000e+00  0.000000e+00  0.000000e+00  0.000000e+00  0.000000e+00
