1.205314e-03  0.000000e+00  0.000000e+00  0.000000e+00  0.000000e+00  0.000000e+00  0.000000e+00  0.000000e+00  0.000000e+00  0.000000e+00  0.000000e+00  0.000000e+00  0.000000e+00  0.000000e+00  1.953973e-03
1.260551e-03  0.000000e+00  0.000000e+00  0.000000e+00  0.000000e+00  0.000000e+00  0.000000e+00  0.000000e+00  0.000000e+00  0.000000e+00  0.000000e+00  0.000000e+00  0.000000e+00  0.000000e+00  2.822406e-03
1.318318e-03  0.000000e+00  0.000000e+00  0.000000e+00  0.000000e+00  0.000000e+00  0.000000e+00  0.000000e+00  0.000000e+00  0.000000e+00  0.000000e+00  0.000000e+00  0.000000e+00  0.000000e+00  6.079027e-03
1.378733e-03  0.000000e+00  0.000000e+00  0.000000e+00  0.000000e+00  0.000000e+00  0.000000e+00  0.000000e+00  0.000000e+00  0.000000e+00  0.000000e+00  0.000000e+00  0.000000e+00  0.000000e+00  4.993487e-03
1.441916e-03  0.000000e+00  0.000000e+00  0.000000e+00  0.000000e+00  0.000000e+00  0.000000e+00  0.000000e+00  0.000000e+00  0.000000e+00  0.000000e+00  0.000000e+00  0.000000e+00  0.000000e+00  5.861919e-03
1.507995e-03  0.000000e+00  0.000000e+00  0.000000e+00  0.000000e+00  0.000000e+00  0.000000e+00  0.000000e+00  0.000000e+00  0.000000e+00  0.000000e+00  0.000000e+00  0.000000e+00  0.000000e+00  6.513244e-03
1.577102e-03  0.000000e+00  0.000000e+00  0.000000e+00  0.000000e+00  0.000000e+00  0.000000e+00  0.000000e+00  0.000000e+00  0.000000e+00  0.000000e+00  0.000000e+00  0.000000e+00  0.000000e+00  6.296135e-03
1.649376e-03  0.000000e+00  0.000000e+00  0.000000e+00  0.000000e+00  0.000000e+00  0.000000e+00  0.000000e+00  0.000000e+00  0.000000e+00  0.000000e+00  0.000000e+00  0.000000e+00  0.000000e+00  7.381676e-03
1.724963e-03  0.000000e+00  0.000000e+00  0.000000e+00  0.000000e+00  0.000000e+00  0.000000e+00  0.000000e+00  0.000000e+00  0.000000e+00  0.000000e+00  0.000000e+00  0.000000e+00  0.000000e+00  6.730352e-03
1.804013e-03  0.000000e+00  0.000000e+00  0.000000e+00  0.000000e+00  0.000000e+00  0.000000e+00  0.000000e+00  0.000000e+00  0.000000e+00  0.000000e+00  0.000000e+00  0.000000e+00  0.000000e+00  8.033000e-03
1.886686e-03  0.000000e+00  0.000000e+00  0.000000e+00  0.000000e+00  0.000000e+00  0.000000e+00  0.000000e+00  0.000000e+00  0.000000e+00  0.000000e+00  0.000000e+00  0.000000e+00  0.000000e+00  1.215805e-02
1.973147e-03  0.000000e+00  0.000000e+00  0.000000e+00  0.000000e+00  0.000000e+00  0.000000e+00  0.000000e+00  0.000000e+00  0.000000e+00  0.000000e+00  0.000000e+00  0.000000e+00  0.000000e+00  9.769865e-03
2.063571e-03  0.000000e+00  0.000000e+00  0.000000e+00  0.000000e+00  0.000000e+00  0.000000e+00  0.000000e+00  0.000000e+00  0.000000e+00  0.000000e+00  0.000000e+00  0.000000e+00  0.000000e+00  1.215805e-02
2.158138e-03  0.000000e+00  0.000000e+00  0.000000e+00  0.000000e+00  0.000000e+00  0.000000e+00  0.000000e+00  0.000000e+00  0.000000e+00  0.000000e+00  0.000000e+00  0.000000e+00  0.000000e+00  1.063830e-02
2.257040e-03  0.000000e+00  0.000000e+00  0.000000e+00  0.000000e+00  0.000000e+00  0.000000e+00  0.000000e+00  0.000000e+00  0.000000e+00  0.000000e+00  0.000000e+00  0.000000e+00  0.000000e+00  1.215805e-02
2.360473e-03  0.000000e+00  0.000000e+00  0.000000e+00  0.000000e+00  0.000000e+00  0.000000e+00  0.000000e+00  0.000000e+00  0.000000e+00  0.000000e+00  0.000000e+00  0.000000e+00  0.000000e+00  1.259227e-02
2.468647e-03  0.000000e+00  0.000000e+00  0.000000e+00  0.000000e+00  0.000000e+00  0.000000e+00  3.039514e-03  0.000000e+00  0.000000e+00  0.000000e+00  0.000000e+00  0.000000e+00  0.000000e+00  1.172384e-02
2.581778e-03  0.000000e+00  0.000000e+00  0.000000e+00  0.000000e+00  0.000000e+00  0.000000e+00  1.671733e-02  0.000000e+00  0.000000e+00  0.000000e+00  0.000000e+00  0.000000e+00  0.000000e+00  1.671733e-02
2.700094e-03  0.000000e+00  0.000000e+00  0.000000e+00  0.000000e+00  0.000000e+00  0.000000e+00  1.628311e-02  0.000000e+00  0.000000e+00  0.000000e+00  0.000000e+00  0.000000e+00  0.000000e+00  1.628311e-02
2.823831e-03  0.000000e+00  0.000000e+00  0.000000e+00  0.000000e+00  0.000000e+00  0.000000e+00  1.519757e-02  0.000000e+00  0.000000e+00  0.000000e+00  0.000000e+00  0.000000e+00  0.000000e+00  1.519757e-02
2.953240e-03  0.000000e+00  0.000000e+00  0.000000e+00  0.000000e+00  0.000000e+00  0.000000e+00  1.563178e-02  0.000000e+00  0.000000e+00  0.000000e+00  0.000000e+00  0.000000e+00  0.000000e+00  1.563178e-02
3.088578e-03  0.000000e+00  0.000000e+00  0.000000e+00  0.000000e+00  0.000000e+00  0.000000e+00  1.476335e-02  0.000000e+00  0.000000e+00  0.000000e+00  0.000000e+00  0.000000e+00  0.000000e+00  1.476335e-02
3.230119e-03  0.000000e+00  0.000000e+00  0.000000e+00  0.000000e+00  0.000000e+00  0.000000e+00  1.606600e-02  0.000000e+00  0.000000e+00  0.000000e+00  0.000000e+00  0.000000e+00  0.000000e+00  1.606600e-02
3.378146e-03  0.000000e+00  0.000000e+00  0.000000e+00  0.000000e+00  0.000000e+00  0.000000e+00  1.411203e-02  0.000000e+00  0.000000e+00  0.000000e+00  0.000000e+00  0.000000e+00  0.000000e+00  1.411203e-02
3.532957e-03  0.000000e+00  0.000000e+00  0.000000e+00  0.000000e+00  0.000000e+00  0.000000e+00  1.780287e-02  0.000000e+00  0.000000e+00  0.000000e+00  0.000000e+00  0.000000e+00  0.000000e+00  1.780287e-02
3.694862e-03  0.000000e+00  0.000000e+00  0.000000e+00  0.000000e+00  0.000000e+00  0.000000e+00  1.606600e-02  0.000000e+00  0.000000e+00  0.000000e+00  0.000000e+00  0.000000e+00  0.000000e+00  1.606600e-02
3.864187e-03  0.000000e+00  0.000000e+00  0.000000e+00  0.000000e+00  0.000000e+00  0.000000e+00  2.149370e-02  0.000000e+00  0.000000e+00  0.000000e+00  0.000000e+00  0.000000e+00  0.000000e+00  2.149370e-02
4.041272e-03  0.000000e+00  0.000000e+00  0.000000e+00  0.000000e+00  0.000000e+00  0.000000e+00  1.910551e-02  0.000000e+00  0.000000e+00  0.000000e+00  0.000000e+00  0.000000e+00  0.000000e+00  1.910551e-02
4.226472e-03  0.000000e+00  0.000000e+00  0.000000e+00  0.000000e+00  0.000000e+00  0.000000e+00  1.498046e-02  0.000000e+00  0.000000e+00  0.000000e+00  0.000000e+00  0.000000e+00  4.776379e-03  1.498046e-02
4.420159e-03  0.000000e+00  0.000000e+00  0.000000e+00  0.000000e+00  0.000000e+00  0.000000e+00  1.736865e-02  0.000000e+00  0.000000e+00  0.000000e+00  0.000000e+00  0.000000e+00  6.947460e-03  1.736865e-02
4.622723e-03  0.000000e+00  0.000000e+00  0.000000e+00  0.000000e+00  0.000000e+00  0.000000e+00  1.888841e-02  0.000000e+00  0.000000e+00  0.000000e+00  0.000000e+00  0.000000e+00  6.296135e-03  1.888841e-02
4.834569e-03  0.000000e+00  0.000000e+00  0.000000e+00  0.000000e+00  0.000000e+00  0.000000e+00  1.801997e-02  0.000000e+00  0.000000e+00  0.000000e+00  0.000000e+00  0.000000e+00  8.033000e-03  1.801997e-02
5.056123e-03  0.000000e+00  0.000000e+00  0.000000e+00  0.000000e+00  0.000000e+00  0.000000e+00  2.149370e-02  0.000000e+00  0.000000e+00  0.000000e+00  0.000000e+00  0.000000e+00  8.467217e-03  2.149370e-02
5.287831e-03  0.000000e+00  0.000000e+00  0.000000e+00  0.000000e+00  0.000000e+00  0.000000e+00  1.823708e-02  0.000000e+00  0.000000e+00  0.000000e+00  0.000000e+00  0.000000e+00  1.128962e-02  1.823708e-02
5.530157e-03  0.000000e+00  0.000000e+00  0.000000e+00  0.000000e+00  0.000000e+00  0.000000e+00  2.062527e-02  0.000000e+00  0.000000e+00  0.000000e+00  0.000000e+00  0.000000e+00  1.107251e-02  2.062527e-02
5.783589e-03  0.000000e+00  0.000000e+00  0.000000e+00  0.000000e+00  0.000000e+00  0.000000e+00  2.648719e-02  0.000000e+00  0.000000e+00  0.000000e+00  0.000000e+00  0.000000e+00  1.259227e-02  2.648719e-02
6.048634e-03  0.000000e+00  0.000000e+00  0.000000e+00  0.000000e+00  0.000000e+00  0.000000e+00  2.214503e-02  0.000000e+00  0.000000e+00  0.000000e+00  0.000000e+00  0.000000e+00  1.020408e-02  2.214503e-02
6.325826e-03  0.000000e+00  0.000000e+00  0.000000e+00  0.000000e+00  0.000000e+00  0.000000e+00  2.735562e-02  0.000000e+00  0.000000e+00  0.000000e+00  0.000000e+00  2.171081e-04  1.454624e-02  2.735562e-02
6.615721e-03  0.000000e+00  0.000000e+00  0.000000e+00  0.000000e+00  0.000000e+00  0.000000e+00  2.518454e-02  0.000000e+00  0.000000e+00  0.000000e+00  0.000000e+00  8.467217e-03  1.476335e-02  2.518454e-02
6.918900e-03  0.000000e+00  0.000000e+00  0.000000e+00  0.000000e+00  0.000000e+00  0.000000e+00  2.409900e-02  0.000000e+00  0.000000e+00  0.000000e+00  0.000000e+00  5.644811e-03  1.389492e-02  2.409900e-02
7.235974e-03  0.000000e+00  0.000000e+00  0.000000e+00  0.000000e+00  0.000000e+00  6.079027e-03  2.409900e-02  0.000000e+00  0.000000e+00  0.000000e+00  0.000000e+00  7.598784e-03  1.801997e-02  2.409900e-02
7.567578e-03  0.000000e+00  0.000000e+00  0.000000e+00  0.000000e+00  0.000000e+00  1.888841e-02  2.323057e-02  0.000000e+00  0.000000e+00  0.000000e+00  0.000000e+00  1.042119e-02  1.888841e-02  2.323057e-02
7.914379e-03  0.000000e+00  0.000000e+00  0.000000e+00  0.000000e+00  0.000000e+00  1.780287e-02  2.192792e-02  0.000000e+00  0.000000e+00  0.000000e+00  0.000000e+00  8.901433e-03  1.780287e-02  2.192792e-02
8.277072e-03  0.000000e+00  0.000000e+00  0.000000e+00  0.000000e+00  0.000000e+00  1.693443e-02  2.409900e-02  0.000000e+00  0.000000e+00  0.000000e+00  0.000000e+00  1.194095e-02  1.693443e-02  2.409900e-02
8.656387e-03  0.000000e+00  0.000000e+00  0.000000e+00  0.000000e+00  0.000000e+00  1.736865e-02  2.344768e-02  0.000000e+00  0.000000e+00  0.000000e+00  0.000000e+00  1.215805e-02  1.736865e-02  2.344768e-02
9.053084e-03  0.000000e+00  0.000000e+00  0.000000e+00  0.000000e+00  0.000000e+00  1.823708e-02  2.149370e-02  0.000000e+00  0.000000e+00  0.000000e+00  0.000000e+00  1.498046e-02  1.823708e-02  2.149370e-02
9.467962e-03  0.000000e+00  0.000000e+00  0.000000e+00  0.000000e+00  0.000000e+00  2.323057e-02  2.257924e-02  0.000000e+00  0.000000e+00  0.000000e+00  0.000000e+00  1.715154e-02  2.323057e-02  2.257924e-02
9.901851e-03  0.000000e+00  0.000000e+00  0.000000e+00  0.000000e+00  0.000000e+00  2.323057e-02  2.257924e-02  0.000000e+00  0.000000e+00  0.000000e+00  0.000000e+00  1.650022e-02  2.323057e-02  2.257924e-02
1.035563e-02  0.000000e+00  0.000000e+00  0.000000e+00  0.000000e+00  0.000000e+00  2.301346e-02  1.910551e-02  0.000000e+00  0.000000e+00  0.000000e+00  0.000000e+00  1.302649e-02  2.301346e-02  1.910551e-02
1.083019e-02  0.000000e+00  0.000000e+00  0.000000e+00  0.000000e+00  1.085541e-02  2.279635e-02  1.758576e-02  0.000000e+00  0.000000e+00  0.000000e+00  0.000000e+00  1.867130e-02  2.279635e-02  1.758576e-02
1.132651e-02  0.000000e+00  0.000000e+00  0.000000e+00  0.000000e+00  1.801997e-02  2.865827e-02  1.867130e-02  0.000000e+00  0.000000e+00  0.000000e+00  3.039514e-03  1.801997e-02  2.865827e-02  2.301346e-02
1.184557e-02  0.000000e+00  0.000000e+00  0.000000e+00  0.000000e+00  1.975684e-02  2.713851e-02  0.000000e+00  0.000000e+00  0.000000e+00  0.000000e+00  1.042119e-02  1.975684e-02  2.713851e-02  1.606600e-02
1.238842e-02  0.000000e+00  0.000000e+00  0.000000e+00  0.000000e+00  1.975684e-02  3.821103e-02  0.000000e+00  0.000000e+00  0.000000e+00  0.000000e+00  9.335649e-03  1.975684e-02  3.821103e-02  1.606600e-02
1.295615e-02  0.000000e+00  0.000000e+00  0.000000e+00  0.000000e+00  2.171081e-02  3.213200e-02  0.000000e+00  0.000000e+00  0.000000e+00  0.000000e+00  9.552757e-03  2.171081e-02  3.213200e-02  1.432914e-02
1.354989e-02  0.000000e+00  0.000000e+00  0.000000e+00  0.000000e+00  2.084238e-02  2.996092e-02  0.000000e+00  0.000000e+00  0.000000e+00  0.000000e+00  1.215805e-02  2.084238e-02  2.996092e-02  1.324360e-02
1.417084e-02  0.000000e+00  0.000000e+00  0.000000e+00  0.000000e+00  2.757273e-02  2.844116e-02  0.000000e+00  0.000000e+00  0.000000e+00  0.000000e+00  9.769865e-03  2.757273e-02  2.844116e-02  1.584889e-02
1.482025e-02  0.000000e+00  0.000000e+00  0.000000e+00  0.000000e+00  2.409900e-02  2.909249e-02  0.000000e+00  0.000000e+00  0.000000e+00  0.000000e+00  1.476335e-02  2.409900e-02  2.909249e-02  1.172384e-02
1.549942e-02  0.000000e+00  0.000000e+00  0.000000e+00  0.000000e+00  2.561876e-02  2.887538e-02  0.000000e+00  0.000000e+00  0.000000e+00  0.000000e+00  1.411203e-02  2.561876e-02  2.887538e-02  1.042119e-02
1.620972e-02  0.000000e+00  0.000000e+00  0.000000e+00  0.000000e+00  3.061224e-02  2.778984e-02  0.000000e+00  0.000000e+00  0.000000e+00  0.000000e+00  1.454624e-02  3.061224e-02  2.778984e-02  1.085541e-02
1.695256e-02  0.000000e+00  0.000000e+00  0.000000e+00  0.000000e+00  3.343465e-02  3.017803e-02  0.000000e+00  0.000000e+00  0.000000e+00  0.000000e+00  1.736865e-02  3.343465e-02  3.017803e-02  8.901433e-03
1.772945e-02  0.000000e+00  0.000000e+00  0.000000e+00  0.000000e+00  3.191489e-02  2.844116e-02  0.000000e+00  0.000000e+00  0.000000e+00  0.000000e+00  1.845419e-02  3.191489e-02  2.844116e-02  6.513244e-03
1.854194e-02  0.000000e+00  0.000000e+00  0.000000e+00  1.932262e-02  3.300043e-02  2.800695e-02  0.000000e+00  0.000000e+00  0.000000e+00  0.000000e+00  2.062527e-02  3.300043e-02  2.800695e-02  6.513244e-03
1.939167e-02  0.000000e+00  0.000000e+00  0.000000e+00  2.084238e-02  2.930960e-02  2.605297e-02  0.000000e+00  0.000000e+00  0.000000e+00  0.000000e+00  2.084238e-02  2.930960e-02  2.605297e-02  0.000000e+00
2.028033e-02  0.000000e+00  0.000000e+00  0.000000e+00  2.323057e-02  3.343465e-02  2.627008e-02  0.000000e+00  0.000000e+00  0.000000e+00  0.000000e+00  2.323057e-02  3.343465e-02  2.627008e-02  0.000000e+00
2.120972e-02  0.000000e+00  0.000000e+00  0.000000e+00  2.214503e-02  3.603995e-02  2.344768e-02  0.000000e+00  0.000000e+00  0.000000e+00  0.000000e+00  2.214503e-02  3.603995e-02  2.344768e-02  0.000000e+00
2.218170e-02  0.000000e+00  0.000000e+00  0.000000e+00  2.583587e-02  3.386887e-02  2.344768e-02  0.000000e+00  0.000000e+00  0.000000e+00  0.000000e+00  2.583587e-02  3.386887e-02  2.344768e-02  0.000000e+00
2.319823e-02  0.000000e+00  0.000000e+00  0.000000e+00  2.388189e-02  2.648719e-02  2.257924e-02  0.000000e+00  0.000000e+00  0.000000e+00  0.000000e+00  2.388189e-02  2.648719e-02  2.257924e-02  0.000000e+00
2.426134e-02  0.000000e+00  0.000000e+00  0.000000e+00  2.996092e-02  3.191489e-02  1.367781e-02  0.000000e+00  0.000000e+00  0.000000e+00  1.736865e-03  2.996092e-02  3.191489e-02  2.040816e-02  0.000000e+00
2.537316e-02  0.000000e+00  0.000000e+00  0.000000e+00  3.495441e-02  2.996092e-02  0.000000e+00  0.000000e+00  0.000000e+00  0.000000e+00  7.381676e-03  3.495441e-02  2.996092e-02  1.584889e-02  0.000000e+00
2.653594e-02  0.000000e+00  0.000000e+00  0.000000e+00  3.495441e-02  2.496743e-02  0.000000e+00  0.000000e+00  0.000000e+00  0.000000e+00  8.467217e-03  3.495441e-02  2.496743e-02  1.888841e-02  0.000000e+00
2.775201e-02  0.000000e+00  0.000000e+00  0.000000e+00  3.256622e-02  2.627008e-02  0.000000e+00  0.000000e+00  0.000000e+00  0.000000e+00  8.467217e-03  3.256622e-02  2.627008e-02  1.584889e-02  0.000000e+00
2.902381e-02  0.000000e+00  0.000000e+00  0.000000e+00  3.169779e-02  2.735562e-02  0.000000e+00  0.000000e+00  0.000000e+00  0.000000e+00  1.107251e-02  3.169779e-02  2.735562e-02  1.346070e-02  0.000000e+00
3.035389e-02  0.000000e+00  0.000000e+00  0.000000e+00  3.452019e-02  2.561876e-02  0.000000e+00  0.000000e+00  0.000000e+00  0.000000e+00  1.302649e-02  3.452019e-02  2.561876e-02  1.693443e-02  0.000000e+00
3.174492e-02  0.000000e+00  0.000000e+00  0.000000e+00  3.951368e-02  2.236214e-02  0.000000e+00  0.000000e+00  0.000000e+00  0.000000e+00  1.736865e-02  3.951368e-02  2.236214e-02  1.085541e-02  0.000000e+00
3.319970e-02  0.000000e+00  0.000000e+00  0.000000e+00  2.996092e-02  1.519757e-02  0.000000e+00  0.000000e+00  0.000000e+00  0.000000e+00  1.758576e-02  2.996092e-02  1.888841e-02  1.346070e-02  0.000000e+00
3.472115e-02  0.000000e+00  0.000000e+00  0.000000e+00  3.256622e-02  0.000000e+00  0.000000e+00  0.000000e+00  0.000000e+00  0.000000e+00  1.671733e-02  3.256622e-02  2.171081e-02  6.730352e-03  0.000000e+00
3.631232e-02  0.000000e+00  0.000000e+00  0.000000e+00  3.473730e-02  0.000000e+00  0.000000e+00  0.000000e+00  0.000000e+00  0.000000e+00  1.975684e-02  3.473730e-02  1.801997e-02  7.598784e-03  0.000000e+00
3.797641e-02  0.000000e+00  0.000000e+00  6.079027e-03  3.386887e-02  0.000000e+00  0.000000e+00  0.000000e+00  0.000000e+00  0.000000e+00  1.932262e-02  3.386887e-02  1.432914e-02  7.815892e-03  0.000000e+00
3.971676e-02  0.000000e+00  0.000000e+00  2.084238e-02  3.061224e-02  0.000000e+00  0.000000e+00  0.000000e+00  0.000000e+00  0.000000e+00  2.084238e-02  3.061224e-02  1.411203e-02  6.513244e-04  0.000000e+00
4.153686e-02  0.000000e+00  0.000000e+00  2.583587e-02  3.191489e-02  0.000000e+00  0.000000e+00  0.000000e+00  0.000000e+00  0.000000e+00  2.583587e-02  3.191489e-02  1.715154e-02  0.000000e+00  0.000000e+00
4.344038e-02  0.000000e+00  0.000000e+00  2.453322e-02  2.800695e-02  0.000000e+00  0.000000e+00  0.000000e+00  0.000000e+00  0.000000e+00  2.453322e-02  2.800695e-02  1.237516e-02  0.000000e+00  0.000000e+00
4.543113e-02  0.000000e+00  0.000000e+00  3.061224e-02  2.757273e-02  0.000000e+00  0.000000e+00  0.000000e+00  0.000000e+00  0.000000e+00  3.061224e-02  2.757273e-02  1.150673e-02  0.000000e+00  0.000000e+00
4.751311e-02  0.000000e+00  0.000000e+00  3.234911e-02  2.627008e-02  0.000000e+00  0.000000e+00  0.000000e+00  0.000000e+00  6.513244e-04  3.234911e-02  2.627008e-02  8.684325e-03  0.000000e+00  0.000000e+00
4.969050e-02  0.000000e+00  0.000000e+00  3.603995e-02  2.301346e-02  0.000000e+00  0.000000e+00  0.000000e+00  0.000000e+00  5.644811e-03  3.603995e-02  2.301346e-02  8.033000e-03  0.000000e+00  0.000000e+00
5.196767e-02  0.000000e+00  0.000000e+00  3.148068e-02  8.033000e-03  0.000000e+00  0.000000e+00  0.000000e+00  0.000000e+00  8.467217e-03  3.148068e-02  2.279635e-02  5.210595e-03  0.000000e+00  0.000000e+00
5.434921e-02  0.000000e+00  0.000000e+00  3.755970e-02  0.000000e+00  0.000000e+00  0.000000e+00  0.000000e+00  0.000000e+00  8.250109e-03  3.755970e-02  1.823708e-02  0.000000e+00  0.000000e+00  0.000000e+00
5.683987e-02  0.000000e+00  0.000000e+00  4.059922e-02  0.000000e+00  0.000000e+00  0.000000e+00  0.000000e+00  0.000000e+00  1.324360e-02  4.059922e-02  1.650022e-02  0.000000e+00  0.000000e+00  0.000000e+00
5.944468e-02  0.000000e+00  0.000000e+00  4.298741e-02  0.000000e+00  0.000000e+00  0.000000e+00  0.000000e+00  0.000000e+00  1.085541e-02  4.298741e-02  1.997395e-02  0.000000e+00  0.000000e+00  0.000000e+00
6.216887e-02  0.000000e+00  0.000000e+00  3.864525e-02  0.000000e+00  0.000000e+00  0.000000e+00  0.000000e+00  0.000000e+00  1.389492e-02  3.864525e-02  1.454624e-02  0.000000e+00  0.000000e+00  0.000000e+00
6.501789e-02  0.000000e+00  0.000000e+00  3.973079e-02  0.000000e+00  0.000000e+00  0.000000e+00  0.000000e+00  0.000000e+00  1.606600e-02  3.973079e-02  1.454624e-02  0.000000e+00  0.000000e+00  0.000000e+00
6.799747e-02  0.000000e+00  0.000000e+00  4.081633e-02  0.000000e+00  0.000000e+00  0.000000e+00  0.000000e+00  0.000000e+00  1.932262e-02  4.081633e-02  1.128962e-02  0.000000e+00  0.000000e+00  0.000000e+00
7.111360e-02  0.000000e+00  0.000000e+00  3.386887e-02  0.000000e+00  0.000000e+00  0.000000e+00  0.000000e+00  0.000000e+00  2.561876e-02  3.386887e-02  9.118541e-03  0.000000e+00  0.000000e+00  0.000000e+00
7.437254e-02  0.000000e+00  1.107251e-02  3.169779e-02  0.000000e+00  0.000000e+00  0.000000e+00  0.000000e+00  0.000000e+00  2.388189e-02  3.169779e-02  8.467217e-03  0.000000e+00  0.000000e+00  0.000000e+00
7.778082e-02  0.000000e+00  2.388189e-02  3.126357e-02  0.000000e+00  0.000000e+00  0.000000e+00  0.000000e+00  0.000000e+00  2.388189e-02  3.126357e-02  5.644811e-03  0.000000e+00  0.000000e+00  0.000000e+00
8.134530e-02  0.000000e+00  2.778984e-02  3.234911e-02  0.000000e+00  0.000000e+00  0.000000e+00  0.000000e+00  0.000000e+00  2.778984e-02  3.234911e-02  1.736865e-03  0.000000e+00  0.000000e+00  0.000000e+00
8.507312e-02  0.000000e+00  2.757273e-02  2.865827e-02  0.000000e+00  0.000000e+00  0.000000e+00  0.000000e+00  0.000000e+00  2.757273e-02  2.865827e-02  0.000000e+00  0.000000e+00  0.000000e+00  0.000000e+00
8.897178e-02  0.000000e+00  3.821103e-02  2.930960e-02  0.000000e+00  0.000000e+00  0.000000e+00  0.000000e+00  0.000000e+00  3.821103e-02  2.930960e-02  0.000000e+00  0.000000e+00  0.000000e+00  0.000000e+00
9.304910e-02  0.000000e+00  3.690838e-02  2.692141e-02  0.000000e+00  0.000000e+00  0.000000e+00  0.000000e+00  0.000000e+00  3.690838e-02  2.692141e-02  0.000000e+00  0.000000e+00  0.000000e+00  0.000000e+00
9.731328e-02  0.000000e+00  3.755970e-02  1.780287e-02  0.000000e+00  0.000000e+00  0.000000e+00  0.000000e+00  0.000000e+00  3.755970e-02  2.323057e-02  0.000000e+00  0.000000e+00  0.000000e+00  0.000000e+00
1.017729e-01  0.000000e+00  4.016500e-02  0.000000e+00  0.000000e+00  0.000000e+00  0.000000e+00  0.000000e+00  0.000000e+00  4.016500e-02  2.192792e-02  0.000000e+00  0.000000e+00  0.000000e+00  0.000000e+00
1.064368e-01  0.000000e+00  4.190187e-02  0.000000e+00  0.000000e+00  0.000000e+00  0.000000e+00  0.000000e+00  0.000000e+00  4.190187e-02  1.953973e-02  0.000000e+00  0.000000e+00  0.000000e+00  0.000000e+00
1.113145e-01  0.000000e+00  4.429006e-02  0.000000e+00  0.000000e+00  0.000000e+00  0.000000e+00  0.000000e+00  0.000000e+00  4.429006e-02  2.149370e-02  0.000000e+00  0.000000e+00  0.000000e+00  0.000000e+00
1.164158e-01  0.000000e+00  3.886235e-02  0.000000e+00  0.000000e+00  0.000000e+00  0.000000e+00  0.000000e+00  0.000000e+00  3.886235e-02  1.736865e-02  0.000000e+00  0.000000e+00  0.000000e+00  0.000000e+00
1.217508e-01  0.000000e+00  4.081633e-02  0.000000e+00  0.000000e+00  0.000000e+00  0.000000e+00  0.000000e+00  0.000000e+00  4.081633e-02  1.324360e-02  0.000000e+00  0.000000e+00  0.000000e+00  0.000000e+00
1.273303e-01  0.000000e+00  4.081633e-02  0.000000e+00  0.000000e+00  0.000000e+00  0.000000e+00  0.000000e+00  0.000000e+00  4.081633e-02  1.259227e-02  0.000000e+00  0.000000e+00  0.000000e+00  0.000000e+00
1.331654e-01  0.000000e+00  3.929657e-02  0.000000e+00  0.000000e+00  0.000000e+00  0.000000e+00  0.000000e+00  0.000000e+00  3.929657e-02  1.042119e-02  0.000000e+00  0.000000e+00  0.000000e+00  0.000000e+00
1.392680e-01  0.000000e+00  3.755970e-02  0.000000e+00  0.000000e+00  0.000000e+00  0.000000e+00  0.000000e+00  0.000000e+00  3.755970e-02  6.730352e-03  0.000000e+00  0.000000e+00  0.000000e+00  0.000000e+00
1.456503e-01  0.000000e+00  3.430308e-02  0.000000e+00  0.000000e+00  0.000000e+00  0.000000e+00  0.000000e+00  0.000000e+00  3.430308e-02  5.210595e-03  0.000000e+00  0.000000e+00  0.000000e+00  0.000000e+00
1.523250e-01  0.000000e+00  3.104646e-02  0.000000e+00  0.000000e+00  0.000000e+00  0.000000e+00  0.000000e+00  0.000000e+00  3.104646e-02  8.684325e-04  0.000000e+00  0.000000e+00  0.000000e+00  0.000000e+00
1.593056e-01  0.000000e+00  3.365176e-02  0.000000e+00  0.000000e+00  0.000000e+00  0.000000e+00  0.000000e+00  0.000000e+00  3.365176e-02  0.000000e+00  0.000000e+00  0.000000e+00  0.000000e+00  0.000000e+00
1.666062e-01  0.000000e+00  2.909249e-02  0.000000e+00  0.000000e+00  0.000000e+00  0.000000e+00  0.000000e+00  0.000000e+00  2.909249e-02  0.000000e+00  0.000000e+00  0.000000e+00  0.000000e+00  0.000000e+00
1.742413e-01  0.000000e+00  2.496743e-02  0.000000e+00  0.000000e+00  0.000000e+00  0.000000e+00  0.000000e+00  0.000000e+00  2.496743e-02  0.000000e+00  0.000000e+00  0.000000e+00  0.000000e+00  0.000000e+00
1.822262e-01  0.000000e+00  2.171081e-04  0.000000e+00  0.000000e+00  0.000000e+00  0.000000e+00  0.000000e+00  0.000000e+00  2.366479e-02  0.000000e+00  0.000000e+00  0.000000e+00  0.000000e+00  0.000000e+00
1.905772e-01  0.000000e+00  0.000000e+00  0.000000e+00  0.000000e+00  0.000000e+00  0.000000e+00  0.000000e+00  3.690838e-03  2.344768e-02  0.000000e+00  0.000000e+00  0.000000e+00  0.000000e+00  0.000000e+00
1.993108e-01  0.000000e+00  0.000000e+00  0.000000e+00  0.000000e+00  0.000000e+00  0.000000e+00  0.000000e+00  5.861919e-03  1.910551e-02  0.000000e+00  0.000000e+00  0.000000e+00  0.000000e+00  0.000000e+00
2.084446e-01  0.000000e+00  0.000000e+00  0.000000e+00  0.000000e+00  0.000000e+00  0.000000e+00  0.000000e+00  5.861919e-03  1.932262e-02  0.000000e+00  0.000000e+00  0.000000e+00  0.000000e+00  0.000000e+00
2.179970e-01  0.000000e+00  0.000000e+00  0.000000e+00  0.000000e+00  0.000000e+00  0.000000e+00  0.000000e+00  9.118541e-03  1.736865e-02  0.000000e+00  0.000000e+00  0.000000e+00  0.000000e+00  0.000000e+00
2.279872e-01  0.000000e+00  0.000000e+00  0.000000e+00  0.000000e+00  0.000000e+00  0.000000e+00  0.000000e+00  1.150673e-02  9.769865e-03  0.000000e+00  0.000000e+00  0.000000e+00  0.000000e+00  0.000000e+00
2.384352e-01  0.000000e+00  0.000000e+00  0.000000e+00  0.000000e+00  0.000000e+00  0.000000e+00  0.000000e+00  1.172384e-02  1.063830e-02  0.000000e+00  0.000000e+00  0.000000e+00  0.000000e+00  0.000000e+00
2.493620e-01  0.000000e+00  0.000000e+00  0.000000e+00  0.000000e+00  0.000000e+00  0.000000e+00  0.000000e+00  1.650022e-02  7.381676e-03  0.000000e+00  0.000000e+00  0.000000e+00  0.000000e+00  0.000000e+00
2.607896e-01  0.000000e+00  0.000000e+00  0.000000e+00  0.000000e+00  0.000000e+00  0.000000e+00  0.000000e+00  1.823708e-02  4.342162e-03  0.000000e+00  0.000000e+00  0.000000e+00  0.000000e+00  0.000000e+00
2.727408e-01  0.000000e+00  0.000000e+00  0.000000e+00  0.000000e+00  0.000000e+00  0.000000e+00  0.000000e+00  2.540165e-02  0.000000e+00  0.000000e+00  0.000000e+00  0.000000e+00  0.000000e+00  0.000000e+00
2.852398e-01  0.000000e+00  0.000000e+00  0.000000e+00  0.000000e+00  0.000000e+00  0.000000e+00  0.000000e+00  2.388189e-02  0.000000e+00  0.000000e+00  0.000000e+00  0.000000e+00  0.000000e+00  0.000000e+00
2.983115e-01  2.887538e-02  0.000000e+00  0.000000e+00  0.000000e+00  0.000000e+00  0.000000e+00  0.000000e+00  3.191489e-02  0.000000e+00  0.000000e+00  0.000000e+00  0.000000e+00  0.000000e+00  0.000000e+00
3.119823e-01  3.017803e-02  0.000000e+00  0.000000e+00  0.000000e+00  0.000000e+00  0.000000e+00  0.000000e+00  3.017803e-02  0.000000e+00  0.000000e+00  0.000000e+00  0.000000e+00  0.000000e+00  0.000000e+00
3.262795e-01  3.647416e-02  0.000000e+00  0.000000e+00  0.000000e+00  0.000000e+00  0.000000e+00  0.000000e+00  3.647416e-02  0.000000e+00  0.000000e+00  0.000000e+00  0.000000e+00  0.000000e+00  0.000000e+00
3.412320e-01  3.777681e-02  0.000000e+00  0.000000e+00  0.000000e+00  0.000000e+00  0.000000e+00  0.000000e+00  3.777681e-02  0.000000e+00  0.000000e+00  0.000000e+00  0.000000e+00  0.000000e+00  0.000000e+00
3.568697e-01  4.407295e-02  0.000000e+00  0.000000e+00  0.000000e+00  0.000000e+00  0.000000e+00  0.000000e+00  4.407295e-02  0.000000e+00  0.000000e+00  0.000000e+00  0.000000e+00  0.000000e+00  0.000000e+00
3.732240e-01  4.277030e-02  0.000000e+00  0.000000e+00  0.000000e+00  0.000000e+00  0.000000e+00  0.000000e+00  4.277030e-02  0.000000e+00  0.000000e+00  0.000000e+00  0.000000e+00  0.000000e+00  0.000000e+00
3.903278e-01  4.971776e-02  0.000000e+00  0.000000e+00  0.000000e+00  0.000000e+00  0.000000e+00  0.000000e+00  4.971776e-02  0.000000e+00  0.000000e+00  0.000000e+00  0.000000e+00  0.000000e+00  0.000000e+00
4.082154e-01  4.515849e-02  0.000000e+00  0.000000e+00  0.000000e+00  0.000000e+00  0.000000e+00  0.000000e+00  4.515849e-02  0.000000e+00  0.000000e+00  0.000000e+00  0.000000e+00  0.000000e+00  0.000000e+00
4.269228e-01  4.385584e-02  0.000000e+00  0.000000e+00  0.000000e+00  0.000000e+00  0.000000e+00  0.000000e+00  4.385584e-02  0.000000e+00  0.000000e+00  0.000000e+00  0.000000e+00  0.000000e+00  0.000000e+00
4.464874e-01  3.994789e-02  0.000000e+00  0.000000e+00  0.000000e+00  0.000000e+00  0.000000e+00  0.000000e+00  3.994789e-02  0.000000e+00  0.000000e+00  0.000000e+00  0.000000e+00  0.000000e+00  0.000000e+00
4.669487e-01  4.081633e-02  0.000000e+00  0.000000e+00  0.000000e+00  0.000000e+00  0.000000e+00  0.000000e+00  4.081633e-02  0.000000e+00  0.000000e+00  0.000000e+00  0.000000e+00  0.000000e+00  0.000000e+00
4.883476e-01  4.537560e-02  0.000000e+00  0.000000e+00  0.000000e+00  0.000000e+00  0.000000e+00  0.000000e+00  4.537560e-02  0.000000e+00  0.000000e+00  0.000000e+00  0.000000e+00  0.000000e+00  0.000000e+00
5.107272e-01  3.603995e-02  0.000000e+00  0.000000e+00  0.000000e+00  0.000000e+00  0.000000e+00  0.000000e+00  3.603995e-02  0.000000e+00  0.000000e+00  0.000000e+00  0.000000e+00  0.000000e+00  0.000000e+00
5.341324e-01  4.277030e-02  0.000000e+00  0.000000e+00  0.000000e+00  0.000000e+00  0.000000e+00  0.000000e+00  4.277030e-02  0.000000e+00  0.000000e+00  0.000000e+00  0.000000e+00  0.000000e+00  0.000000e+00
5.586101e-01  3.582284e-02  0.000000e+00  0.000000e+00  0.000000e+00  0.000000e+00  0.000000e+00  0.000000e+00  3.582284e-02  0.000000e+00  0.000000e+00  0.000000e+00  0.000000e+00  0.000000e+00  0.000000e+00
5.842097e-01  3.321754e-02  0.000000e+00  0.000000e+00  0.000000e+00  0.000000e+00  0.000000e+00  0.000000e+00  3.321754e-02  0.000000e+00  0.000000e+00  0.000000e+00  0.000000e+00  0.000000e+00  0.000000e+00
6.109823e-01  3.017803e-02  0.000000e+00  0.000000e+00  0.000000e+00  0.000000e+00  0.000000e+00  0.000000e+00  3.017803e-02  0.000000e+00  0.000000e+00  0.000000e+00  0.000000e+00  0.000000e+00  0.000000e+00
6.389819e-01  1.693443e-02  0.000000e+00  0.000000e+00  0.000000e+00  0.000000e+00  0.000000e+00  0.000000e+00  2.844116e-02  0.000000e+00  0.000000e+00  0.000000e+00  0.000000e+00  0.000000e+00  0.000000e+00
6.682646e-01  0.000000e+00  0.000000e+00  0.000000e+00  0.000000e+00  0.000000e+00  0.000000e+00  0.000000e+00  2.627008e-02  0.000000e+00  0.000000e+00  0.000000e+00  0.000000e+00  0.000000e+00  0.000000e+00
6.988893e-01  0.000000e+00  0.000000e+00  0.000000e+00  0.000000e+00  0.000000e+00  0.000000e+00  0.000000e+00  2.192792e-02  0.000000e+00  0.000000e+00  0.000000e+00  0.000000e+00  0.000000e+00  0.000000e+00
7.309174e-01  0.000000e+00  0.000000e+00  0.000000e+00  0.000000e+00  0.000000e+00  0.000000e+00  0.000000e+00  1.953973e-02  0.000000e+00  0.000000e+00  0.000000e+00  0.000000e+00  0.000000e+00  0.000000e+00
7.644133e-01  0.000000e+00  0.000000e+00  0.000000e+00  0.000000e+00  0.000000e+00  0.000000e+00  0.000000e+00  1.650022e-02  0.000000e+00  0.000000e+00  0.000000e+00  0.000000e+00  0.000000e+00  0.000000e+00
7.994442e-01  0.000000e+00  0.000000e+00  0.000000e+00  0.000000e+00  0.000000e+00  0.000000e+00  0.000000e+00  1.411203e-02  0.000000e+00  0.000000e+00  0.000000e+00  0.000000e+00  0.000000e+00  0.000000e+00
8.360804e-01  0.000000e+00  0.000000e+00  0.000000e+00  0.000000e+00  0.000000e+00  0.000000e+00  0.000000e+00  1.172384e-02  0.000000e+00  0.000000e+00  0.000000e+00  0.000000e+00  0.000000e+00  0.000000e+00
8.743956e-01  0.000000e+00  0.000000e+00  0.000000e+00  0.000000e+00  0.000000e+00  0.000000e+00  0.000000e+00  7.164568e-03  0.000000e+00  0.000000e+00  0.000000e+00  0.000000e+00  0.000000e+00  0.000000e+00
9.144667e-01  0.000000e+00  0.000000e+00  0.000000e+00  0.000000e+00  0.000000e+00  0.000000e+00  0.000000e+00  6.079027e-03  0.000000e+00  0.000000e+00  0.000000e+00  0.000000e+00  0.000000e+00  0.000000e+00
