4.901361e-05  0.000000e+00  0.000000e+00  0.000000e+00  0.000000e+00  0.000000e+00  0.000000e+00  0.000000e+00  0.000000e+00  0.000000e+00  0.000000e+00  0.000000e+00  0.000000e+00  0.000000e+00  4.400000e-03
5.131474e-05  0.000000e+00  0.000000e+00  0.000000e+00  0.000000e+00  0.000000e+00  0.000000e+00  0.000000e+00  0.000000e+00  0.000000e+00  0.000000e+00  0.000000e+00  0.000000e+00  0.000000e+00  4.700000e-03
5.372390e-05  0.000000e+00  0.000000e+00  0.000000e+00  0.000000e+00  0.000000e+00  0.000000e+00  0.000000e+00  0.000000e+00  0.000000e+00  0.000000e+00  0.000000e+00  0.000000e+00  0.000000e+00  6.600000e-03
5.624616e-05  0.000000e+00  0.000000e+00  0.000000e+00  0.000000e+00  0.000000e+00  0.000000e+00  0.000000e+00  0.000000e+00  0.000000e+00  0.000000e+00  0.000000e+00  0.000000e+00  0.000000e+00  5.800000e-03
5.888685e-05  0.000000e+00  0.000000e+00  0.000000e+00  0.000000e+00  0.000000e+00  0.000000e+00  0.000000e+00  0.000000e+00  0.000000e+00  0.000000e+00  0.000000e+00  0.000000e+00  0.000000e+00  8.300000e-03
6.165151e-05  0.000000e+00  0.000000e+00  0.000000e+00  0.000000e+00  0.000000e+00  0.000000e+00  0.000000e+00  0.000000e+00  0.000000e+00  0.000000e+00  0.000000e+00  0.000000e+00  0.000000e+00  9.300000e-03
6.454597e-05  0.000000e+00  0.000000e+00  0.000000e+00  0.000000e+00  0.000000e+00  0.000000e+00  0.000000e+00  0.000000e+00  0.000000e+00  0.000000e+00  0.000000e+00  0.000000e+00  0.000000e+00  1.060000e-02
6.757632e-05  0.000000e+00  0.000000e+00  0.000000e+00  0.000000e+00  0.000000e+00  0.000000e+00  0.000000e+00  0.000000e+00  0.000000e+00  0.000000e+00  0.000000e+00  0.000000e+00  0.000000e+00  1.040000e-02
7.074894e-05  0.000000e+00  0.000000e+00  0.000000e+00  0.000000e+00  0.000000e+00  0.000000e+00  0.000000e+00  0.000000e+00  0.000000e+00  0.000000e+00  0.000000e+00  0.000000e+00  0.000000e+00  1.230000e-02
7.407051e-05  0.000000e+00  0.000000e+00  0.000000e+00  0.000000e+00  0.000000e+00  0.000000e+00  0.000000e+00  0.000000e+00  0.000000e+00  0.000000e+00  0.000000e+00  0.000000e+00  0.000000e+00  1.290000e-02
7.754802e-05  0.000000e+00  0.000000e+00  0.000000e+00  0.000000e+00  0.000000e+00  0.000000e+00  0.000000e+00  0.000000e+00  0.000000e+00  0.000000e+00  0.000000e+00  0.000000e+00  0.000000e+00  1.210000e-02
8.118880e-05  0.000000e+00  0.000000e+00  0.000000e+00  0.000000e+00  0.000000e+00  0.000000e+00  0.000000e+00  0.000000e+00  0.000000e+00  0.000000e+00  0.000000e+00  0.000000e+00  0.000000e+00  1.360000e-02
8.500051e-05  0.000000e+00  0.000000e+00  0.000000e+00  0.000000e+00  0.000000e+00  0.000000e+00  0.000000e+00  0.000000e+00  0.000000e+00  0.000000e+00  0.000000e+00  0.000000e+00  0.000000e+00  1.290000e-02
8.899117e-05  0.000000e+00  0.000000e+00  0.000000e+00  0.000000e+00  0.000000e+00  0.000000e+00  1.800000e-03  0.000000e+00  0.000000e+00  0.000000e+00  0.000000e+00  0.000000e+00  0.000000e+00  1.290000e-02
9.316919e-05  0.000000e+00  0.000000e+00  0.000000e+00  0.000000e+00  0.000000e+00  0.000000e+00  1.470000e-02  0.000000e+00  0.000000e+00  0.000000e+00  0.000000e+00  0.000000e+00  0.000000e+00  1.470000e-02
9.754336e-05  0.000000e+00  0.000000e+00  0.000000e+00  0.000000e+00  0.000000e+00  0.000000e+00  1.610000e-02  0.000000e+00  0.000000e+00  0.000000e+00  0.000000e+00  0.000000e+00  0.000000e+00  1.610000e-02
1.021229e-04  0.000000e+00  0.000000e+00  0.000000e+00  0.000000e+00  0.000000e+00  0.000000e+00  1.740000e-02  0.000000e+00  0.000000e+00  0.000000e+00  0.000000e+00  0.000000e+00  0.000000e+00  1.740000e-02
1.069174e-04  0.000000e+00  0.000000e+00  0.000000e+00  0.000000e+00  0.000000e+00  0.000000e+00  1.760000e-02  0.000000e+00  0.000000e+00  0.000000e+00  0.000000e+00  0.000000e+00  0.000000e+00  1.760000e-02
1.119371e-04  0.000000e+00  0.000000e+00  0.000000e+00  0.000000e+00  0.000000e+00  0.000000e+00  1.600000e-02  0.000000e+00  0.000000e+00  0.000000e+00  0.000000e+00  0.000000e+00  0.000000e+00  1.600000e-02
1.171924e-04  0.000000e+00  0.000000e+00  0.000000e+00  0.000000e+00  0.000000e+00  0.000000e+00  1.690000e-02  0.000000e+00  0.000000e+00  0.000000e+00  0.000000e+00  0.000000e+00  0.000000e+00  1.690000e-02
1.226944e-04  0.000000e+00  0.000000e+00  0.000000e+00  0.000000e+00  0.000000e+00  0.000000e+00  1.600000e-02  0.000000e+00  0.000000e+00  0.000000e+00  0.000000e+00  0.000000e+00  0.000000e+00  1.600000e-02
1.284547e-04  0.000000e+00  0.000000e+00  0.000000e+00  0.000000e+00  0.000000e+00  0.000000e+00  1.890000e-02  0.000000e+00  0.000000e+00  0.000000e+00  0.000000e+00  0.000000e+00  0.000000e+00  1.890000e-02
1.344855e-04  0.000000e+00  0.000000e+00  0.000000e+00  0.000000e+00  0.000000e+00  0.000000e+00  1.710000e-02  0.000000e+00  0.000000e+00  0.000000e+00  0.000000e+00  0.000000e+00  0.000000e+00  1.710000e-02
1.407994e-04  0.000000e+00  0.000000e+00  0.000000e+00  0.000000e+00  0.000000e+00  0.000000e+00  1.790000e-02  0.000000e+00  0.000000e+00  0.000000e+00  0.000000e+00  0.000000e+00  0.000000e+00  1.790000e-02
1.474098e-04  0.000000e+00  0.000000e+00  0.000000e+00  0.000000e+00  0.000000e+00  0.000000e+00  2.110000e-02  0.000000e+00  0.000000e+00  0.000000e+00  0.000000e+00  0.000000e+00  0.000000e+00  2.110000e-02
1.543305e-04  0.000000e+00  0.000000e+00  0.000000e+00  0.000000e+00  0.000000e+00  0.000000e+00  1.590000e-02  0.000000e+00  0.000000e+00  0.000000e+00  0.000000e+00  0.000000e+00  0.000000e+00  1.590000e-02
1.615761e-04  0.000000e+00  0.000000e+00  0.000000e+00  0.000000e+00  0.000000e+00  0.000000e+00  1.950000e-02  0.000000e+00  0.000000e+00  0.000000e+00  0.000000e+00  0.000000e+00  0.000000e+00  1.950000e-02
1.691619e-04  0.000000e+00  0.000000e+00  0.000000e+00  0.000000e+00  0.000000e+00  0.000000e+00  1.830000e-02  0.000000e+00  0.000000e+00  0.000000e+00  0.000000e+00  0.000000e+00  0.000000e+00  1.830000e-02
1.771038e-04  0.000000e+00  0.000000e+00  0.000000e+00  0.000000e+00  0.000000e+00  0.000000e+00  1.790000e-02  0.000000e+00  0.000000e+00  0.000000e+00  0.000000e+00  0.000000e+00  0.000000e+00  1.790000e-02
1.854186e-04  0.000000e+00  0.000000e+00  0.000000e+00  0.000000e+00  0.000000e+00  0.000000e+00  2.030000e-02  0.000000e+00  0.000000e+00  0.000000e+00  0.000000e+00  0.000000e+00  0.000000e+00  2.030000e-02
1.941238e-04  0.000000e+00  0.000000e+00  0.000000e+00  0.000000e+00  0.000000e+00  0.000000e+00  1.580000e-02  0.000000e+00  0.000000e+00  0.000000e+00  0.000000e+00  0.000000e+00  0.000000e+00  1.580000e-02
2.032376e-04  0.000000e+00  0.000000e+00  0.000000e+00  0.000000e+00  0.000000e+00  0.000000e+00  1.770000e-02  0.000000e+00  0.000000e+00  0.000000e+00  0.000000e+00  0.000000e+00  0.000000e+00  1.770000e-02
2.127794e-04  0.000000e+00  0.000000e+00  0.000000e+00  0.000000e+00  0.000000e+00  0.000000e+00  1.830000e-02  0.000000e+00  0.000000e+00  0.000000e+00  0.000000e+00  0.000000e+00  0.000000e+00  1.830000e-02
2.227691e-04  0.000000e+00  0.000000e+00  0.000000e+00  0.000000e+00  0.000000e+00  0.000000e+00  1.970000e-02  0.000000e+00  0.000000e+00  0.000000e+00  0.000000e+00  0.000000e+00  3.000000e-04  1.970000e-02
2.332278e-04  0.000000e+00  0.000000e+00  0.000000e+00  0.000000e+00  0.000000e+00  0.000000e+00  1.880000e-02  0.000000e+00  0.000000e+00  0.000000e+00  0.000000e+00  0.000000e+00  3.600000e-03  1.880000e-02
2.441776e-04  0.000000e+00  0.000000e+00  0.000000e+00  0.000000e+00  0.000000e+00  0.000000e+00  1.790000e-02  0.000000e+00  0.000000e+00  0.000000e+00  0.000000e+00  0.000000e+00  3.700000e-03  1.790000e-02
2.556414e-04  0.000000e+00  0.000000e+00  0.000000e+00  0.000000e+00  0.000000e+00  0.000000e+00  1.720000e-02  0.000000e+00  0.000000e+00  0.000000e+00  0.000000e+00  0.000000e+00  5.100000e-03  1.720000e-02
2.676434e-04  0.000000e+00  0.000000e+00  0.000000e+00  0.000000e+00  0.000000e+00  0.000000e+00  1.930000e-02  0.000000e+00  0.000000e+00  0.000000e+00  0.000000e+00  0.000000e+00  5.400000e-03  1.930000e-02
2.802089e-04  0.000000e+00  0.000000e+00  0.000000e+00  0.000000e+00  0.000000e+00  0.000000e+00  1.720000e-02  0.000000e+00  0.000000e+00  0.000000e+00  0.000000e+00  0.000000e+00  6.300000e-03  1.720000e-02
2.933644e-04  0.000000e+00  0.000000e+00  0.000000e+00  0.000000e+00  0.000000e+00  0.000000e+00  1.750000e-02  0.000000e+00  0.000000e+00  0.000000e+00  0.000000e+00  0.000000e+00  7.000000e-03  1.750000e-02
3.071375e-04  0.000000e+00  0.000000e+00  0.000000e+00  0.000000e+00  0.000000e+00  0.000000e+00  1.840000e-02  0.000000e+00  0.000000e+00  0.000000e+00  0.000000e+00  0.000000e+00  1.160000e-02  1.840000e-02
3.215572e-04  0.000000e+00  0.000000e+00  0.000000e+00  0.000000e+00  0.000000e+00  0.000000e+00  1.620000e-02  0.000000e+00  0.000000e+00  0.000000e+00  0.000000e+00  0.000000e+00  9.600000e-03  1.620000e-02
3.366539e-04  0.000000e+00  0.000000e+00  0.000000e+00  0.000000e+00  0.000000e+00  0.000000e+00  1.710000e-02  0.000000e+00  0.000000e+00  0.000000e+00  0.000000e+00  0.000000e+00  9.300000e-03  1.710000e-02
3.524593e-04  0.000000e+00  0.000000e+00  0.000000e+00  0.000000e+00  0.000000e+00  0.000000e+00  1.490000e-02  0.000000e+00  0.000000e+00  0.000000e+00  0.000000e+00  0.000000e+00  1.170000e-02  1.490000e-02
3.690068e-04  0.000000e+00  0.000000e+00  0.000000e+00  0.000000e+00  0.000000e+00  0.000000e+00  1.520000e-02  0.000000e+00  0.000000e+00  0.000000e+00  0.000000e+00  0.000000e+00  1.310000e-02  1.520000e-02
3.863312e-04  0.000000e+00  0.000000e+00  0.000000e+00  0.000000e+00  0.000000e+00  0.000000e+00  1.370000e-02  0.000000e+00  0.000000e+00  0.000000e+00  0.000000e+00  0.000000e+00  1.350000e-02  1.370000e-02
4.044690e-04  0.000000e+00  0.000000e+00  0.000000e+00  0.000000e+00  0.000000e+00  0.000000e+00  1.610000e-02  0.000000e+00  0.000000e+00  0.000000e+00  0.000000e+00  0.000000e+00  1.120000e-02  1.610000e-02
4.234582e-04  0.000000e+00  0.000000e+00  0.000000e+00  0.000000e+00  0.000000e+00  0.000000e+00  1.310000e-02  0.000000e+00  0.000000e+00  0.000000e+00  0.000000e+00  4.400000e-03  1.340000e-02  1.310000e-02
4.433391e-04  0.000000e+00  0.000000e+00  0.000000e+00  0.000000e+00  0.000000e+00  2.400000e-03  1.290000e-02  0.000000e+00  0.000000e+00  0.000000e+00  0.000000e+00  5.300000e-03  1.260000e-02  1.290000e-02
4.641533e-04  0.000000e+00  0.000000e+00  0.000000e+00  0.000000e+00  0.000000e+00  1.470000e-02  1.410000e-02  0.000000e+00  0.000000e+00  0.000000e+00  0.000000e+00  6.000000e-03  1.470000e-02  1.410000e-02
4.859446e-04  0.000000e+00  0.000000e+00  0.000000e+00  0.000000e+00  0.000000e+00  1.650000e-02  1.500000e-02  0.000000e+00  0.000000e+00  0.000000e+00  0.000000e+00  6.800000e-03  1.650000e-02  1.500000e-02
5.087591e-04  0.000000e+00  0.000000e+00  0.000000e+00  0.000000e+00  0.000000e+00  1.610000e-02  1.350000e-02  0.000000e+00  0.000000e+00  0.000000e+00  0.000000e+00  7.400000e-03  1.610000e-02  1.350000e-02
5.326447e-04  0.000000e+00  0.000000e+00  0.000000e+00  0.000000e+00  0.000000e+00  1.440000e-02  1.480000e-02  0.000000e+00  0.000000e+00  0.000000e+00  0.000000e+00  8.500000e-03  1.440000e-02  1.480000e-02
5.576517e-04  0.000000e+00  0.000000e+00  0.000000e+00  0.000000e+00  0.000000e+00  1.900000e-02  1.190000e-02  0.000000e+00  0.000000e+00  0.000000e+00  0.000000e+00  9.700000e-03  1.900000e-02  1.190000e-02
5.838327e-04  0.000000e+00  0.000000e+00  0.000000e+00  0.000000e+00  0.000000e+00  1.950000e-02  1.030000e-02  0.000000e+00  0.000000e+00  0.000000e+00  0.000000e+00  1.020000e-02  1.950000e-02  1.200000e-02
6.112429e-04  0.000000e+00  0.000000e+00  0.000000e+00  0.000000e+00  0.000000e+00  1.670000e-02  0.000000e+00  0.000000e+00  0.000000e+00  0.000000e+00  0.000000e+00  1.330000e-02  1.670000e-02  1.070000e-02
6.399399e-04  0.000000e+00  0.000000e+00  0.000000e+00  0.000000e+00  0.000000e+00  1.770000e-02  0.000000e+00  0.000000e+00  0.000000e+00  0.000000e+00  0.000000e+00  1.300000e-02  1.770000e-02  9.700000e-03
6.699843e-04  0.000000e+00  0.000000e+00  0.000000e+00  0.000000e+00  0.000000e+00  1.910000e-02  0.000000e+00  0.000000e+00  0.000000e+00  0.000000e+00  0.000000e+00  1.330000e-02  1.910000e-02  1.020000e-02
7.014392e-04  0.000000e+00  0.000000e+00  0.000000e+00  0.000000e+00  0.000000e+00  1.970000e-02  0.000000e+00  0.000000e+00  0.000000e+00  0.000000e+00  0.000000e+00  1.330000e-02  1.970000e-02  9.500000e-03
7.343708e-04  0.000000e+00  0.000000e+00  0.000000e+00  0.000000e+00  0.000000e+00  2.020000e-02  0.000000e+00  0.000000e+00  0.000000e+00  0.000000e+00  0.000000e+00  1.530000e-02  2.020000e-02  9.000000e-03
7.688486e-04  0.000000e+00  0.000000e+00  0.000000e+00  0.000000e+00  7.400000e-03  2.050000e-02  0.000000e+00  0.000000e+00  0.000000e+00  0.000000e+00  5.400000e-03  1.590000e-02  2.050000e-02  1.010000e-02
8.049450e-04  0.000000e+00  0.000000e+00  0.000000e+00  0.000000e+00  1.680000e-02  1.830000e-02  0.000000e+00  0.000000e+00  0.000000e+00  0.000000e+00  6.700000e-03  1.680000e-02  1.830000e-02  8.400000e-03
8.427362e-04  0.000000e+00  0.000000e+00  0.000000e+00  0.000000e+00  1.760000e-02  2.190000e-02  0.000000e+00  0.000000e+00  0.000000e+00  0.000000e+00  6.800000e-03  1.760000e-02  2.190000e-02  6.800000e-03
8.823015e-04  0.000000e+00  0.000000e+00  0.000000e+00  0.000000e+00  1.810000e-02  2.350000e-02  0.000000e+00  0.000000e+00  0.000000e+00  0.000000e+00  5.700000e-03  1.810000e-02  2.350000e-02  7.000000e-03
9.237244e-04  0.000000e+00  0.000000e+00  0.000000e+00  0.000000e+00  1.780000e-02  2.460000e-02  0.000000e+00  0.000000e+00  0.000000e+00  0.000000e+00  7.700000e-03  1.780000e-02  2.460000e-02  6.100000e-03
9.670921e-04  0.000000e+00  0.000000e+00  0.000000e+00  0.000000e+00  2.080000e-02  2.310000e-02  0.000000e+00  0.000000e+00  0.000000e+00  0.000000e+00  1.140000e-02  2.080000e-02  2.310000e-02  7.600000e-03
1.012496e-03  0.000000e+00  0.000000e+00  0.000000e+00  0.000000e+00  2.190000e-02  2.530000e-02  0.000000e+00  0.000000e+00  0.000000e+00  0.000000e+00  1.140000e-02  2.190000e-02  2.530000e-02  5.500000e-03
1.060031e-03  0.000000e+00  0.000000e+00  0.000000e+00  0.000000e+00  1.950000e-02  2.370000e-02  0.000000e+00  0.000000e+00  0.000000e+00  0.000000e+00  1.240000e-02  1.950000e-02  2.370000e-02  5.500000e-03
1.109798e-03  0.000000e+00  0.000000e+00  0.000000e+00  0.000000e+00  2.170000e-02  2.170000e-02  0.000000e+00  0.000000e+00  0.000000e+00  0.000000e+00  1.400000e-02  2.170000e-02  2.170000e-02  5.100000e-03
1.161902e-03  0.000000e+00  0.000000e+00  0.000000e+00  0.000000e+00  2.140000e-02  2.040000e-02  0.000000e+00  0.000000e+00  0.000000e+00  0.000000e+00  1.340000e-02  2.140000e-02  2.040000e-02  5.200000e-03
1.216452e-03  0.000000e+00  0.000000e+00  0.000000e+00  0.000000e+00  2.430000e-02  2.180000e-02  0.000000e+00  0.000000e+00  0.000000e+00  0.000000e+00  1.620000e-02  2.430000e-02  2.180000e-02  5.800000e-03
1.273562e-03  0.000000e+00  0.000000e+00  0.000000e+00  0.000000e+00  2.000000e-02  2.240000e-02  0.000000e+00  0.000000e+00  0.000000e+00  0.000000e+00  1.420000e-02  2.000000e-02  2.240000e-02  3.500000e-03
1.333355e-03  0.000000e+00  0.000000e+00  0.000000e+00  9.500000e-03  2.290000e-02  2.230000e-02  0.000000e+00  0.000000e+00  0.000000e+00  0.000000e+00  1.920000e-02  2.290000e-02  2.230000e-02  4.400000e-03
1.395954e-03  0.000000e+00  0.000000e+00  0.000000e+00  1.990000e-02  2.540000e-02  2.470000e-02  0.000000e+00  0.000000e+00  0.000000e+00  1.000000e-04  1.990000e-02  2.540000e-02  2.470000e-02  3.200000e-03
1.461492e-03  0.000000e+00  0.000000e+00  0.000000e+00  1.770000e-02  2.710000e-02  1.930000e-02  0.000000e+00  0.000000e+00  0.000000e+00  5.700000e-03  1.770000e-02  2.710000e-02  1.930000e-02  0.000000e+00
1.530107e-03  0.000000e+00  0.000000e+00  0.000000e+00  2.300000e-02  2.380000e-02  2.210000e-02  0.000000e+00  0.000000e+00  0.000000e+00  6.500000e-03  2.300000e-02  2.380000e-02  2.210000e-02  0.000000e+00
1.601944e-03  0.000000e+00  0.000000e+00  0.000000e+00  2.030000e-02  2.530000e-02  1.920000e-02  0.000000e+00  0.000000e+00  0.000000e+00  6.900000e-03  2.030000e-02  2.530000e-02  1.920000e-02  0.000000e+00
1.677153e-03  0.000000e+00  0.000000e+00  0.000000e+00  2.410000e-02  2.790000e-02  2.400000e-02  0.000000e+00  0.000000e+00  0.000000e+00  7.200000e-03  2.410000e-02  2.790000e-02  2.400000e-02  0.000000e+00
1.755893e-03  0.000000e+00  0.000000e+00  0.000000e+00  2.250000e-02  2.510000e-02  2.050000e-02  0.000000e+00  0.000000e+00  0.000000e+00  9.100000e-03  2.250000e-02  2.510000e-02  2.050000e-02  0.000000e+00
1.838330e-03  0.000000e+00  0.000000e+00  0.000000e+00  2.410000e-02  2.450000e-02  1.780000e-02  0.000000e+00  0.000000e+00  0.000000e+00  1.140000e-02  2.410000e-02  2.450000e-02  1.780000e-02  0.000000e+00
1.924637e-03  0.000000e+00  0.000000e+00  0.000000e+00  2.300000e-02  2.330000e-02  1.800000e-02  0.000000e+00  0.000000e+00  0.000000e+00  1.260000e-02  2.300000e-02  2.330000e-02  1.800000e-02  0.000000e+00
2.014996e-03  0.000000e+00  0.000000e+00  0.000000e+00  2.550000e-02  2.530000e-02  1.770000e-02  0.000000e+00  0.000000e+00  0.000000e+00  1.430000e-02  2.550000e-02  2.530000e-02  1.770000e-02  0.000000e+00
2.109598e-03  0.000000e+00  0.000000e+00  0.000000e+00  2.810000e-02  2.460000e-02  1.120000e-02  0.000000e+00  0.000000e+00  0.000000e+00  1.370000e-02  2.810000e-02  2.460000e-02  1.690000e-02  0.000000e+00
2.208641e-03  0.000000e+00  0.000000e+00  0.000000e+00  2.760000e-02  2.260000e-02  0.000000e+00  0.000000e+00  0.000000e+00  0.000000e+00  1.690000e-02  2.760000e-02  2.260000e-02  1.420000e-02  0.000000e+00
2.312334e-03  0.000000e+00  0.000000e+00  0.000000e+00  2.890000e-02  2.250000e-02  0.000000e+00  0.000000e+00  0.000000e+00  1.700000e-03  1.640000e-02  2.890000e-02  2.250000e-02  1.430000e-02  0.000000e+00
2.420895e-03  0.000000e+00  0.000000e+00  5.500000e-03  2.970000e-02  2.170000e-02  0.000000e+00  0.000000e+00  0.000000e+00  5.300000e-03  1.970000e-02  2.970000e-02  2.170000e-02  1.290000e-02  0.000000e+00
2.534552e-03  0.000000e+00  0.000000e+00  1.910000e-02  2.790000e-02  2.500000e-02  0.000000e+00  0.000000e+00  0.000000e+00  5.900000e-03  1.910000e-02  2.790000e-02  2.500000e-02  1.340000e-02  0.000000e+00
2.653546e-03  0.000000e+00  0.000000e+00  2.430000e-02  2.670000e-02  2.150000e-02  0.000000e+00  0.000000e+00  0.000000e+00  8.100000e-03  2.430000e-02  2.670000e-02  2.150000e-02  1.160000e-02  0.000000e+00
2.778127e-03  0.000000e+00  0.000000e+00  2.380000e-02  2.770000e-02  2.080000e-02  0.000000e+00  0.000000e+00  0.000000e+00  8.200000e-03  2.380000e-02  2.770000e-02  2.080000e-02  1.240000e-02  0.000000e+00
2.908556e-03  0.000000e+00  0.000000e+00  2.340000e-02  3.180000e-02  2.060000e-02  0.000000e+00  0.000000e+00  0.000000e+00  1.070000e-02  2.340000e-02  3.180000e-02  2.060000e-02  8.400000e-03  0.000000e+00
3.045109e-03  0.000000e+00  0.000000e+00  2.480000e-02  2.670000e-02  2.010000e-02  0.000000e+00  0.000000e+00  0.000000e+00  1.400000e-02  2.480000e-02  2.670000e-02  2.010000e-02  9.200000e-03  0.000000e+00
3.188073e-03  0.000000e+00  0.000000e+00  2.740000e-02  2.530000e-02  2.700000e-03  0.000000e+00  0.000000e+00  0.000000e+00  1.340000e-02  2.740000e-02  2.530000e-02  2.000000e-02  7.600000e-03  0.000000e+00
3.337749e-03  0.000000e+00  0.000000e+00  2.880000e-02  2.840000e-02  0.000000e+00  0.000000e+00  0.000000e+00  0.000000e+00  1.410000e-02  2.880000e-02  2.840000e-02  1.600000e-02  5.800000e-03  0.000000e+00
3.494452e-03  0.000000e+00  0.000000e+00  2.750000e-02  2.490000e-02  0.000000e+00  0.000000e+00  0.000000e+00  0.000000e+00  1.730000e-02  2.750000e-02  2.490000e-02  1.540000e-02  6.100000e-03  0.000000e+00
3.658512e-03  0.000000e+00  0.000000e+00  3.280000e-02  2.600000e-02  0.000000e+00  0.000000e+00  0.000000e+00  0.000000e+00  1.940000e-02  3.280000e-02  2.600000e-02  1.430000e-02  6.000000e-03  0.000000e+00
3.830274e-03  0.000000e+00  1.000000e-04  3.080000e-02  2.560000e-02  0.000000e+00  0.000000e+00  0.000000e+00  0.000000e+00  1.700000e-02  3.080000e-02  2.560000e-02  1.210000e-02  6.000000e-03  0.000000e+00
4.010101e-03  0.000000e+00  2.340000e-02  3.110000e-02  2.580000e-02  0.000000e+00  0.000000e+00  0.000000e+00  0.000000e+00  2.340000e-02  3.110000e-02  2.580000e-02  1.010000e-02  1.400000e-03  0.000000e+00
4.198370e-03  0.000000e+00  2.400000e-02  3.370000e-02  2.270000e-02  0.000000e+00  0.000000e+00  0.000000e+00  0.000000e+00  2.400000e-02  3.370000e-02  2.270000e-02  8.700000e-03  0.000000e+00  0.000000e+00
4.395478e-03  0.000000e+00  2.500000e-02  3.170000e-02  2.090000e-02  0.000000e+00  0.000000e+00  0.000000e+00  0.000000e+00  2.500000e-02  3.170000e-02  2.090000e-02  9.000000e-03  0.000000e+00  0.000000e+00
4.601840e-03  0.000000e+00  2.520000e-02  3.390000e-02  1.570000e-02  0.000000e+00  0.000000e+00  0.000000e+00  0.000000e+00  2.520000e-02  3.390000e-02  1.910000e-02  8.000000e-03  0.000000e+00  0.000000e+00
4.817890e-03  0.000000e+00  2.930000e-02  3.350000e-02  0.000000e+00  0.000000e+00  0.000000e+00  0.000000e+00  0.000000e+00  2.930000e-02  3.350000e-02  2.040000e-02  8.200000e-03  0.000000e+00  0.000000e+00
5.044084e-03  0.000000e+00  2.860000e-02  3.260000e-02  0.000000e+00  0.000000e+00  0.000000e+00  0.000000e+00  0.000000e+00  2.860000e-02  3.260000e-02  1.870000e-02  8.000000e-03  0.000000e+00  0.000000e+00
5.280897e-03  0.000000e+00  3.020000e-02  2.860000e-02  0.000000e+00  0.000000e+00  0.000000e+00  0.000000e+00  0.000000e+00  3.020000e-02  2.860000e-02  1.370000e-02  5.100000e-03  0.000000e+00  0.000000e+00
5.528828e-03  0.000000e+00  3.510000e-02  3.180000e-02  0.000000e+00  0.000000e+00  0.000000e+00  0.000000e+00  0.000000e+00  3.510000e-02  3.180000e-02  1.340000e-02  2.800000e-03  0.000000e+00  0.000000e+00
5.788400e-03  0.000000e+00  3.210000e-02  3.020000e-02  0.000000e+00  0.000000e+00  0.000000e+00  0.000000e+00  1.300000e-03  3.210000e-02  3.020000e-02  1.280000e-02  0.000000e+00  0.000000e+00  0.000000e+00
6.060158e-03  0.000000e+00  3.400000e-02  2.580000e-02  0.000000e+00  0.000000e+00  0.000000e+00  0.000000e+00  5.500000e-03  3.400000e-02  2.580000e-02  1.160000e-02  0.000000e+00  0.000000e+00  0.000000e+00
6.344674e-03  0.000000e+00  3.410000e-02  2.520000e-02  0.000000e+00  0.000000e+00  0.000000e+00  0.000000e+00  6.700000e-03  3.410000e-02  2.520000e-02  8.800000e-03  0.000000e+00  0.000000e+00  0.000000e+00
6.642548e-03  0.000000e+00  3.770000e-02  2.420000e-02  0.000000e+00  0.000000e+00  0.000000e+00  0.000000e+00  8.800000e-03  3.770000e-02  2.420000e-02  9.500000e-03  0.000000e+00  0.000000e+00  0.000000e+00
6.954407e-03  0.000000e+00  3.470000e-02  2.510000e-02  0.000000e+00  0.000000e+00  0.000000e+00  0.000000e+00  8.000000e-03  3.470000e-02  2.510000e-02  7.700000e-03  0.000000e+00  0.000000e+00  0.000000e+00
7.280908e-03  0.000000e+00  3.360000e-02  2.230000e-02  0.000000e+00  0.000000e+00  0.000000e+00  0.000000e+00  1.020000e-02  3.360000e-02  2.230000e-02  5.900000e-03  0.000000e+00  0.000000e+00  0.000000e+00
7.622737e-03  0.000000e+00  3.430000e-02  2.100000e-03  0.000000e+00  0.000000e+00  0.000000e+00  0.000000e+00  1.310000e-02  3.430000e-02  2.260000e-02  5.700000e-03  0.000000e+00  0.000000e+00  0.000000e+00
7.980614e-03  0.000000e+00  3.460000e-02  0.000000e+00  0.000000e+00  0.000000e+00  0.000000e+00  0.000000e+00  1.560000e-02  3.460000e-02  1.900000e-02  3.400000e-03  0.000000e+00  0.000000e+00  0.000000e+00
8.355294e-03  0.000000e+00  3.050000e-02  0.000000e+00  0.000000e+00  0.000000e+00  0.000000e+00  0.000000e+00  1.360000e-02  3.050000e-02  1.600000e-02  0.000000e+00  0.000000e+00  0.000000e+00  0.000000e+00
8.747564e-03  0.000000e+00  3.190000e-02  0.000000e+00  0.000000e+00  0.000000e+00  0.000000e+00  0.000000e+00  1.850000e-02  3.190000e-02  1.320000e-02  0.000000e+00  0.000000e+00  0.000000e+00  0.000000e+00
9.158251e-03  0.000000e+00  3.050000e-02  0.000000e+00  0.000000e+00  0.000000e+00  0.000000e+00  0.000000e+00  1.930000e-02  3.050000e-02  1.270000e-02  0.000000e+00  0.000000e+00  0.000000e+00  0.000000e+00
9.588219e-03  6.800000e-03  2.900000e-02  0.000000e+00  0.000000e+00  0.000000e+00  0.000000e+00  0.000000e+00  2.120000e-02  2.900000e-02  1.100000e-02  0.000000e+00  0.000000e+00  0.000000e+00  0.000000e+00
1.003837e-02  2.400000e-02  2.450000e-02  0.000000e+00  0.000000e+00  0.000000e+00  0.000000e+00  0.000000e+00  2.400000e-02  2.450000e-02  1.020000e-02  0.000000e+00  0.000000e+00  0.000000e+00  0.000000e+00
1.050966e-02  2.440000e-02  2.380000e-02  0.000000e+00  0.000000e+00  0.000000e+00  0.000000e+00  0.000000e+00  2.440000e-02  2.380000e-02  8.800000e-03  0.000000e+00  0.000000e+00  0.000000e+00  0.000000e+00
1.100308e-02  2.670000e-02  1.380000e-02  0.000000e+00  0.000000e+00  0.000000e+00  0.000000e+00  0.000000e+00  2.670000e-02  2.050000e-02  7.500000e-03  0.000000e+00  0.000000e+00  0.000000e+00  0.000000e+00
1.151966e-02  3.020000e-02  0.000000e+00  0.000000e+00  0.000000e+00  0.000000e+00  0.000000e+00  0.000000e+00  3.020000e-02  2.010000e-02  6.400000e-03  0.000000e+00  0.000000e+00  0.000000e+00  0.000000e+00
1.206049e-02  3.430000e-02  0.000000e+00  0.000000e+00  0.000000e+00  0.000000e+00  0.000000e+00  0.000000e+00  3.430000e-02  1.720000e-02  6.600000e-03  0.000000e+00  0.000000e+00  0.000000e+00  0.000000e+00
1.262671e-02  3.220000e-02  0.000000e+00  0.000000e+00  0.000000e+00  0.000000e+00  0.000000e+00  0.000000e+00  3.220000e-02  1.530000e-02  3.100000e-03  0.000000e+00  0.000000e+00  0.000000e+00  0.000000e+00
1.321952e-02  3.450000e-02  0.000000e+00  0.000000e+00  0.000000e+00  0.000000e+00  0.000000e+00  0.000000e+00  3.450000e-02  1.360000e-02  0.000000e+00  0.000000e+00  0.000000e+00  0.000000e+00  0.000000e+00
1.384016e-02  3.790000e-02  0.000000e+00  0.000000e+00  0.000000e+00  0.000000e+00  0.000000e+00  0.000000e+00  3.790000e-02  1.220000e-02  0.000000e+00  0.000000e+00  0.000000e+00  0.000000e+00  0.000000e+00
1.448994e-02  3.860000e-02  0.000000e+00  0.000000e+00  0.000000e+00  0.000000e+00  0.000000e+00  0.000000e+00  3.860000e-02  1.120000e-02  0.000000e+00  0.000000e+00  0.000000e+00  0.000000e+00  0.000000e+00
1.517022e-02  3.660000e-02  0.000000e+00  0.000000e+00  0.000000e+00  0.000000e+00  0.000000e+00  0.000000e+00  3.660000e-02  9.700000e-03  0.000000e+00  0.000000e+00  0.000000e+00  0.000000e+00  0.000000e+00
1.588245e-02  3.980000e-02  0.000000e+00  0.000000e+00  0.000000e+00  0.000000e+00  0.000000e+00  0.000000e+00  3.980000e-02  8.300000e-03  0.000000e+00  0.000000e+00  0.000000e+00  0.000000e+00  0.000000e+00
1.662811e-02  3.710000e-02  0.000000e+00  0.000000e+00  0.000000e+00  0.000000e+00  0.000000e+00  0.000000e+00  3.710000e-02  7.500000e-03  0.000000e+00  0.000000e+00  0.000000e+00  0.000000e+00  0.000000e+00
1.740877e-02  3.540000e-02  0.000000e+00  0.000000e+00  0.000000e+00  0.000000e+00  0.000000e+00  0.000000e+00  3.540000e-02  6.200000e-03  0.000000e+00  0.000000e+00  0.000000e+00  0.000000e+00  0.000000e+00
1.822609e-02  3.820000e-02  0.000000e+00  0.000000e+00  0.000000e+00  0.000000e+00  0.000000e+00  0.000000e+00  3.820000e-02  6.600000e-03  0.000000e+00  0.000000e+00  0.000000e+00  0.000000e+00  0.000000e+00
1.908178e-02  3.700000e-02  0.000000e+00  0.000000e+00  0.000000e+00  0.000000e+00  0.000000e+00  0.000000e+00  3.700000e-02  4.000000e-04  0.000000e+00  0.000000e+00  0.000000e+00  0.000000e+00  0.000000e+00
1.997765e-02  3.320000e-02  0.000000e+00  0.000000e+00  0.000000e+00  0.000000e+00  0.000000e+00  0.000000e+00  3.320000e-02  0.000000e+00  0.000000e+00  0.000000e+00  0.000000e+00  0.000000e+00  0.000000e+00
2.091557e-02  3.100000e-02  0.000000e+00  0.000000e+00  0.000000e+00  0.000000e+00  0.000000e+00  0.000000e+00  3.100000e-02  0.000000e+00  0.000000e+00  0.000000e+00  0.000000e+00  0.000000e+00  0.000000e+00
2.189753e-02  3.200000e-02  0.000000e+00  0.000000e+00  0.000000e+00  0.000000e+00  0.000000e+00  0.000000e+00  3.200000e-02  0.000000e+00  0.000000e+00  0.000000e+00  0.000000e+00  0.000000e+00  0.000000e+00
2.292559e-02  2.660000e-02  0.000000e+00  0.000000e+00  0.000000e+00  0.000000e+00  0.000000e+00  0.000000e+00  2.660000e-02  0.000000e+00  0.000000e+00  0.000000e+00  0.000000e+00  0.000000e+00  0.000000e+00
2.400192e-02  2.450000e-02  0.000000e+00  0.000000e+00  0.000000e+00  0.000000e+00  0.000000e+00  0.000000e+00  2.450000e-02  0.000000e+00  0.000000e+00  0.000000e+00  0.000000e+00  0.000000e+00  0.000000e+00
2.512878e-02  1.900000e-02  0.000000e+00  0.000000e+00  0.000000e+00  0.000000e+00  0.000000e+00  0.000000e+00  2.330000e-02  0.000000e+00  0.000000e+00  0.000000e+00  0.000000e+00  0.000000e+00  0.000000e+00
2.630854e-02  0.000000e+00  0.000000e+00  0.000000e+00  0.000000e+00  0.000000e+00  0.000000e+00  0.000000e+00  1.860000e-02  0.000000e+00  0.000000e+00  0.000000e+00  0.000000e+00  0.000000e+00  0.000000e+00
2.754369e-02  0.000000e+00  0.000000e+00  0.000000e+00  0.000000e+00  0.000000e+00  0.000000e+00  0.000000e+00  1.950000e-02  0.000000e+00  0.000000e+00  0.000000e+00  0.000000e+00  0.000000e+00  0.000000e+00
2.883683e-02  0.000000e+00  0.000000e+00  0.000000e+00  0.000000e+00  0.000000e+00  0.000000e+00  0.000000e+00  1.480000e-02  0.000000e+00  0.000000e+00  0.000000e+00  0.000000e+00  0.000000e+00  0.000000e+00
3.019069e-02  0.000000e+00  0.000000e+00  0.000000e+00  0.000000e+00  0.000000e+00  0.000000e+00  0.000000e+00  1.190000e-02  0.000000e+00  0.000000e+00  0.000000e+00  0.000000e+00  0.000000e+00  0.000000e+00
3.160810e-02  0.000000e+00  0.000000e+00  0.000000e+00  0.000000e+00  0.000000e+00  0.000000e+00  0.000000e+00  1.340000e-02  0.000000e+00  0.000000e+00  0.000000e+00  0.000000e+00  0.000000e+00  0.000000e+00
3.309206e-02  0.000000e+00  0.000000e+00  0.000000e+00  0.000000e+00  0.000000e+00  0.000000e+00  0.000000e+00  1.150000e-02  0.000000e+00  0.000000e+00  0.000000e+00  0.000000e+00  0.000000e+00  0.000000e+00
3.464569e-02  0.000000e+00  0.000000e+00  0.000000e+00  0.000000e+00  0.000000e+00  0.000000e+00  0.000000e+00  9.500000e-03  0.000000e+00  0.000000e+00  0.000000e+00  0.000000e+00  0.000000e+00  0.000000e+00
3.627226e-02  0.000000e+00  0.000000e+00  0.000000e+00  0.000000e+00  0.000000e+00  0.000000e+00  0.000000e+00  9.700000e-03  0.000000e+00  0.000000e+00  0.000000e+00  0.000000e+00  0.000000e+00  0.000000e+00
3.797519e-02  0.000000e+00  0.000000e+00  0.000000e+00  0.000000e+00  0.000000e+00  0.000000e+00  0.000000e+00  7.000000e-03  0.000000e+00  0.000000e+00  0.000000e+00  0.000000e+00  0.000000e+00  0.000000e+00
3.975808e-02  0.000000e+00  0.000000e+00  0.000000e+00  0.000000e+00  0.000000e+00  0.000000e+00  0.000000e+00  6.000000e-03  0.000000e+00  0.000000e+00  0.000000e+00  0.000000e+00  0.000000e+00  0.000000e+00
4.162467e-02  0.000000e+00  0.000000e+00  0.000000e+00  0.000000e+00  0.000000e+00  0.000000e+00  0.000000e+00  4.700000e-03  0.000000e+00  0.000000e+00  0.000000e+00  0.000000e+00  0.000000e+00  0.000000e+00
4.357889e-02  0.000000e+00  0.000000e+00  0.000000e+00  0.000000e+00  0.000000e+00  0.000000e+00  0.000000e+00  4.100000e-03  0.000000e+00  0.000000e+00  0.000000e+00  0.000000e+00  0.000000e+00  0.000000e+00
