1.424344e-03  0.000000e+00  0.000000e+00  0.000000e+00  0.000000e+00  0.000000e+00  0.000000e+00  0.000000e+00  0.000000e+00  0.000000e+00  0.000000e+00  0.000000e+00  0.000000e+00  0.000000e+00  3.554793e-03
1.488616e-03  0.000000e+00  0.000000e+00  0.000000e+00  0.000000e+00  0.000000e+00  0.000000e+00  0.000000e+00  0.000000e+00  0.000000e+00  0.000000e+00  0.000000e+00  0.000000e+00  0.000000e+00  4.903163e-03
1.555787e-03  0.000000e+00  0.000000e+00  0.000000e+00  0.000000e+00  0.000000e+00  0.000000e+00  0.000000e+00  0.000000e+00  0.000000e+00  0.000000e+00  0.000000e+00  0.000000e+00  0.000000e+00  3.432214e-03
1.625990e-03  0.000000e+00  0.000000e+00  0.000000e+00  0.000000e+00  0.000000e+00  0.000000e+00  0.000000e+00  0.000000e+00  0.000000e+00  0.000000e+00  0.000000e+00  0.000000e+00  0.000000e+00  5.148321e-03
1.699360e-03  0.000000e+00  0.000000e+00  0.000000e+00  0.000000e+00  0.000000e+00  0.000000e+00  0.000000e+00  0.000000e+00  0.000000e+00  0.000000e+00  0.000000e+00  0.000000e+00  0.000000e+00  5.516058e-03
1.776041e-03  0.000000e+00  0.000000e+00  0.000000e+00  0.000000e+00  0.000000e+00  0.000000e+00  0.000000e+00  0.000000e+00  0.000000e+00  0.000000e+00  0.000000e+00  0.000000e+00  0.000000e+00  7.845060e-03
1.856182e-03  0.000000e+00  0.000000e+00  0.000000e+00  0.000000e+00  0.000000e+00  0.000000e+00  0.000000e+00  0.000000e+00  0.000000e+00  0.000000e+00  0.000000e+00  0.000000e+00  0.000000e+00  5.761216e-03
1.939939e-03  0.000000e+00  0.000000e+00  0.000000e+00  0.000000e+00  0.000000e+00  0.000000e+00  0.000000e+00  0.000000e+00  0.000000e+00  0.000000e+00  0.000000e+00  0.000000e+00  0.000000e+00  7.599902e-03
2.027476e-03  0.000000e+00  0.000000e+00  0.000000e+00  0.000000e+00  0.000000e+00  0.000000e+00  0.000000e+00  0.000000e+00  0.000000e+00  0.000000e+00  0.000000e+00  0.000000e+00  0.000000e+00  8.335376e-03
2.118963e-03  0.000000e+00  0.000000e+00  0.000000e+00  0.000000e+00  0.000000e+00  0.000000e+00  0.000000e+00  0.000000e+00  0.000000e+00  0.000000e+00  0.000000e+00  0.000000e+00  0.000000e+00  1.029664e-02
2.214578e-03  0.000000e+00  0.000000e+00  0.000000e+00  0.000000e+00  0.000000e+00  0.000000e+00  0.000000e+00  0.000000e+00  0.000000e+00  0.000000e+00  0.000000e+00  0.000000e+00  0.000000e+00  1.005148e-02
2.314507e-03  0.000000e+00  0.000000e+00  0.000000e+00  0.000000e+00  0.000000e+00  0.000000e+00  0.000000e+00  0.000000e+00  0.000000e+00  0.000000e+00  0.000000e+00  0.000000e+00  0.000000e+00  1.115469e-02
2.418946e-03  0.000000e+00  0.000000e+00  0.000000e+00  0.000000e+00  0.000000e+00  0.000000e+00  0.000000e+00  0.000000e+00  0.000000e+00  0.000000e+00  0.000000e+00  0.000000e+00  0.000000e+00  1.127727e-02
2.528097e-03  0.000000e+00  0.000000e+00  0.000000e+00  0.000000e+00  0.000000e+00  0.000000e+00  0.000000e+00  0.000000e+00  0.000000e+00  0.000000e+00  0.000000e+00  0.000000e+00  0.000000e+00  1.115469e-02
2.642174e-03  0.000000e+00  0.000000e+00  0.000000e+00  0.000000e+00  0.000000e+00  0.000000e+00  0.000000e+00  0.000000e+00  0.000000e+00  0.000000e+00  0.000000e+00  0.000000e+00  0.000000e+00  1.054180e-02
2.761398e-03  0.000000e+00  0.000000e+00  0.000000e+00  0.000000e+00  0.000000e+00  0.000000e+00  0.000000e+00  0.000000e+00  0.000000e+00  0.000000e+00  0.000000e+00  0.000000e+00  0.000000e+00  1.225791e-02
2.886002e-03  0.000000e+00  0.000000e+00  0.000000e+00  0.000000e+00  0.000000e+00  0.000000e+00  6.251532e-03  0.000000e+00  0.000000e+00  0.000000e+00  0.000000e+00  0.000000e+00  0.000000e+00  1.250306e-02
3.016228e-03  0.000000e+00  0.000000e+00  0.000000e+00  0.000000e+00  0.000000e+00  0.000000e+00  1.458691e-02  0.000000e+00  0.000000e+00  0.000000e+00  0.000000e+00  0.000000e+00  0.000000e+00  1.458691e-02
3.152331e-03  0.000000e+00  0.000000e+00  0.000000e+00  0.000000e+00  0.000000e+00  0.000000e+00  1.532238e-02  0.000000e+00  0.000000e+00  0.000000e+00  0.000000e+00  0.000000e+00  0.000000e+00  1.532238e-02
3.294575e-03  0.000000e+00  0.000000e+00  0.000000e+00  0.000000e+00  0.000000e+00  0.000000e+00  1.581270e-02  0.000000e+00  0.000000e+00  0.000000e+00  0.000000e+00  0.000000e+00  0.000000e+00  1.581270e-02
3.443238e-03  0.000000e+00  0.000000e+00  0.000000e+00  0.000000e+00  0.000000e+00  0.000000e+00  1.556754e-02  0.000000e+00  0.000000e+00  0.000000e+00  0.000000e+00  0.000000e+00  0.000000e+00  1.556754e-02
3.598608e-03  0.000000e+00  0.000000e+00  0.000000e+00  0.000000e+00  0.000000e+00  0.000000e+00  1.519980e-02  0.000000e+00  0.000000e+00  0.000000e+00  0.000000e+00  0.000000e+00  0.000000e+00  1.519980e-02
3.760990e-03  0.000000e+00  0.000000e+00  0.000000e+00  0.000000e+00  0.000000e+00  0.000000e+00  1.360628e-02  0.000000e+00  0.000000e+00  0.000000e+00  0.000000e+00  0.000000e+00  0.000000e+00  1.360628e-02
3.930699e-03  0.000000e+00  0.000000e+00  0.000000e+00  0.000000e+00  0.000000e+00  0.000000e+00  1.703849e-02  0.000000e+00  0.000000e+00  0.000000e+00  0.000000e+00  0.000000e+00  0.000000e+00  1.703849e-02
4.108066e-03  0.000000e+00  0.000000e+00  0.000000e+00  0.000000e+00  0.000000e+00  0.000000e+00  1.667075e-02  0.000000e+00  0.000000e+00  0.000000e+00  0.000000e+00  0.000000e+00  0.000000e+00  1.667075e-02
4.293436e-03  0.000000e+00  0.000000e+00  0.000000e+00  0.000000e+00  0.000000e+00  0.000000e+00  1.679333e-02  0.000000e+00  0.000000e+00  0.000000e+00  0.000000e+00  0.000000e+00  0.000000e+00  1.679333e-02
4.487171e-03  0.000000e+00  0.000000e+00  0.000000e+00  0.000000e+00  0.000000e+00  0.000000e+00  1.446433e-02  0.000000e+00  0.000000e+00  0.000000e+00  0.000000e+00  0.000000e+00  0.000000e+00  1.446433e-02
4.689647e-03  0.000000e+00  0.000000e+00  0.000000e+00  0.000000e+00  0.000000e+00  0.000000e+00  1.519980e-02  0.000000e+00  0.000000e+00  0.000000e+00  0.000000e+00  0.000000e+00  0.000000e+00  1.519980e-02
4.901261e-03  0.000000e+00  0.000000e+00  0.000000e+00  0.000000e+00  0.000000e+00  0.000000e+00  1.667075e-02  0.000000e+00  0.000000e+00  0.000000e+00  0.000000e+00  0.000000e+00  2.574160e-03  1.667075e-02
5.122423e-03  0.000000e+00  0.000000e+00  0.000000e+00  0.000000e+00  0.000000e+00  0.000000e+00  1.826428e-02  0.000000e+00  0.000000e+00  0.000000e+00  0.000000e+00  0.000000e+00  6.251532e-03  1.826428e-02
5.353564e-03  0.000000e+00  0.000000e+00  0.000000e+00  0.000000e+00  0.000000e+00  0.000000e+00  1.740623e-02  0.000000e+00  0.000000e+00  0.000000e+00  0.000000e+00  0.000000e+00  7.967639e-03  1.740623e-02
5.595135e-03  0.000000e+00  0.000000e+00  0.000000e+00  0.000000e+00  0.000000e+00  0.000000e+00  2.108360e-02  0.000000e+00  0.000000e+00  0.000000e+00  0.000000e+00  0.000000e+00  6.496690e-03  2.108360e-02
5.847607e-03  0.000000e+00  0.000000e+00  0.000000e+00  0.000000e+00  0.000000e+00  0.000000e+00  1.801912e-02  0.000000e+00  0.000000e+00  0.000000e+00  0.000000e+00  0.000000e+00  8.580534e-03  1.801912e-02
6.111472e-03  0.000000e+00  0.000000e+00  0.000000e+00  0.000000e+00  0.000000e+00  0.000000e+00  1.924491e-02  0.000000e+00  0.000000e+00  0.000000e+00  0.000000e+00  0.000000e+00  1.017406e-02  1.924491e-02
6.387242e-03  0.000000e+00  0.000000e+00  0.000000e+00  0.000000e+00  0.000000e+00  0.000000e+00  2.206423e-02  0.000000e+00  0.000000e+00  0.000000e+00  0.000000e+00  0.000000e+00  1.017406e-02  2.206423e-02
6.675457e-03  0.000000e+00  0.000000e+00  0.000000e+00  0.000000e+00  0.000000e+00  0.000000e+00  2.034812e-02  0.000000e+00  0.000000e+00  0.000000e+00  0.000000e+00  0.000000e+00  1.225791e-02  2.034812e-02
6.976677e-03  0.000000e+00  0.000000e+00  0.000000e+00  0.000000e+00  0.000000e+00  0.000000e+00  2.206423e-02  0.000000e+00  0.000000e+00  0.000000e+00  0.000000e+00  0.000000e+00  1.397401e-02  2.206423e-02
7.291489e-03  0.000000e+00  0.000000e+00  0.000000e+00  0.000000e+00  0.000000e+00  0.000000e+00  2.132876e-02  0.000000e+00  0.000000e+00  0.000000e+00  0.000000e+00  1.961265e-03  1.323854e-02  2.132876e-02
7.620506e-03  0.000000e+00  0.000000e+00  0.000000e+00  0.000000e+00  0.000000e+00  0.000000e+00  1.924491e-02  0.000000e+00  0.000000e+00  0.000000e+00  0.000000e+00  4.658004e-03  1.434175e-02  1.924491e-02
7.964370e-03  0.000000e+00  0.000000e+00  0.000000e+00  0.000000e+00  0.000000e+00  0.000000e+00  2.083844e-02  0.000000e+00  0.000000e+00  0.000000e+00  0.000000e+00  6.128953e-03  1.532238e-02  2.083844e-02
8.323750e-03  0.000000e+00  0.000000e+00  0.000000e+00  0.000000e+00  0.000000e+00  7.354744e-04  2.500613e-02  0.000000e+00  0.000000e+00  0.000000e+00  0.000000e+00  7.599902e-03  1.446433e-02  2.500613e-02
8.699346e-03  0.000000e+00  0.000000e+00  0.000000e+00  0.000000e+00  0.000000e+00  1.716107e-02  2.034812e-02  0.000000e+00  0.000000e+00  0.000000e+00  0.000000e+00  8.335376e-03  1.716107e-02  2.034812e-02
9.091891e-03  0.000000e+00  0.000000e+00  0.000000e+00  0.000000e+00  0.000000e+00  1.642559e-02  2.623192e-02  0.000000e+00  0.000000e+00  0.000000e+00  0.000000e+00  1.078696e-02  1.642559e-02  2.623192e-02
9.502148e-03  0.000000e+00  0.000000e+00  0.000000e+00  0.000000e+00  0.000000e+00  1.998039e-02  2.451581e-02  0.000000e+00  0.000000e+00  0.000000e+00  0.000000e+00  1.311596e-02  1.998039e-02  2.451581e-02
9.930918e-03  0.000000e+00  0.000000e+00  0.000000e+00  0.000000e+00  0.000000e+00  2.047070e-02  2.427065e-02  0.000000e+00  0.000000e+00  0.000000e+00  0.000000e+00  9.316009e-03  2.047070e-02  2.427065e-02
1.037904e-02  0.000000e+00  0.000000e+00  0.000000e+00  0.000000e+00  0.000000e+00  1.985781e-02  2.451581e-02  0.000000e+00  0.000000e+00  0.000000e+00  0.000000e+00  1.336112e-02  1.985781e-02  2.451581e-02
1.084737e-02  0.000000e+00  0.000000e+00  0.000000e+00  0.000000e+00  0.000000e+00  2.108360e-02  2.059328e-02  0.000000e+00  0.000000e+00  0.000000e+00  0.000000e+00  1.532238e-02  2.108360e-02  2.059328e-02
1.133685e-02  0.000000e+00  0.000000e+00  0.000000e+00  0.000000e+00  0.000000e+00  1.949007e-02  2.071586e-02  0.000000e+00  0.000000e+00  0.000000e+00  0.000000e+00  1.434175e-02  1.949007e-02  2.071586e-02
1.184840e-02  0.000000e+00  0.000000e+00  0.000000e+00  0.000000e+00  0.000000e+00  2.243197e-02  1.887718e-02  0.000000e+00  0.000000e+00  0.000000e+00  0.000000e+00  1.470949e-02  2.243197e-02  1.887718e-02
1.238304e-02  0.000000e+00  0.000000e+00  0.000000e+00  0.000000e+00  1.838686e-03  2.157392e-02  1.691591e-02  0.000000e+00  0.000000e+00  0.000000e+00  1.225791e-03  1.728365e-02  2.157392e-02  1.691591e-02
1.294181e-02  0.000000e+00  0.000000e+00  0.000000e+00  0.000000e+00  1.814170e-02  2.537387e-02  1.936749e-02  0.000000e+00  0.000000e+00  0.000000e+00  5.516058e-03  1.814170e-02  2.537387e-02  1.936749e-02
1.352579e-02  0.000000e+00  0.000000e+00  0.000000e+00  0.000000e+00  2.157392e-02  2.647708e-02  2.034812e-02  0.000000e+00  0.000000e+00  0.000000e+00  6.251532e-03  2.157392e-02  2.647708e-02  2.034812e-02
1.413612e-02  0.000000e+00  0.000000e+00  0.000000e+00  0.000000e+00  1.936749e-02  2.561902e-02  5.025742e-03  0.000000e+00  0.000000e+00  0.000000e+00  7.967639e-03  1.936749e-02  2.561902e-02  1.581270e-02
1.477399e-02  0.000000e+00  0.000000e+00  0.000000e+00  0.000000e+00  2.157392e-02  2.721255e-02  0.000000e+00  0.000000e+00  0.000000e+00  0.000000e+00  1.066438e-02  2.157392e-02  2.721255e-02  1.703849e-02
1.544064e-02  0.000000e+00  0.000000e+00  0.000000e+00  0.000000e+00  2.206423e-02  2.623192e-02  0.000000e+00  0.000000e+00  0.000000e+00  0.000000e+00  9.561167e-03  2.206423e-02  2.623192e-02  1.446433e-02
1.613738e-02  0.000000e+00  0.000000e+00  0.000000e+00  0.000000e+00  2.169649e-02  2.819318e-02  0.000000e+00  0.000000e+00  0.000000e+00  0.000000e+00  1.274822e-02  2.169649e-02  2.819318e-02  1.274822e-02
1.686555e-02  0.000000e+00  0.000000e+00  0.000000e+00  0.000000e+00  2.341260e-02  2.892866e-02  0.000000e+00  0.000000e+00  0.000000e+00  0.000000e+00  1.250306e-02  2.341260e-02  2.892866e-02  1.385143e-02
1.762659e-02  0.000000e+00  0.000000e+00  0.000000e+00  0.000000e+00  2.427065e-02  2.954155e-02  0.000000e+00  0.000000e+00  0.000000e+00  0.000000e+00  1.213533e-02  2.427065e-02  2.954155e-02  1.372886e-02
1.842196e-02  0.000000e+00  0.000000e+00  0.000000e+00  0.000000e+00  2.856092e-02  2.892866e-02  0.000000e+00  0.000000e+00  0.000000e+00  0.000000e+00  1.569012e-02  2.856092e-02  2.892866e-02  1.152243e-02
1.925322e-02  0.000000e+00  0.000000e+00  0.000000e+00  0.000000e+00  2.831576e-02  2.770287e-02  0.000000e+00  0.000000e+00  0.000000e+00  0.000000e+00  1.593528e-02  2.831576e-02  2.770287e-02  9.438588e-03
2.012199e-02  0.000000e+00  0.000000e+00  0.000000e+00  0.000000e+00  2.868350e-02  2.610934e-02  0.000000e+00  0.000000e+00  0.000000e+00  0.000000e+00  1.716107e-02  2.868350e-02  2.610934e-02  9.316009e-03
2.102997e-02  0.000000e+00  0.000000e+00  0.000000e+00  1.054180e-02  3.088992e-02  2.954155e-02  0.000000e+00  0.000000e+00  0.000000e+00  0.000000e+00  1.826428e-02  3.088992e-02  2.954155e-02  8.090218e-03
2.197891e-02  0.000000e+00  0.000000e+00  0.000000e+00  1.924491e-02  2.905124e-02  2.819318e-02  0.000000e+00  0.000000e+00  0.000000e+00  0.000000e+00  1.924491e-02  2.905124e-02  2.819318e-02  8.335376e-03
2.297068e-02  0.000000e+00  0.000000e+00  0.000000e+00  2.096102e-02  2.868350e-02  2.304486e-02  0.000000e+00  0.000000e+00  0.000000e+00  0.000000e+00  2.096102e-02  2.868350e-02  2.304486e-02  5.516058e-03
2.400720e-02  0.000000e+00  0.000000e+00  0.000000e+00  2.255455e-02  3.370924e-02  2.463839e-02  0.000000e+00  0.000000e+00  0.000000e+00  0.000000e+00  2.255455e-02  3.370924e-02  2.463839e-02  2.451581e-04
2.509048e-02  0.000000e+00  0.000000e+00  0.000000e+00  2.439323e-02  2.978671e-02  2.329002e-02  0.000000e+00  0.000000e+00  0.000000e+00  0.000000e+00  2.439323e-02  2.978671e-02  2.329002e-02  0.000000e+00
2.622265e-02  0.000000e+00  0.000000e+00  0.000000e+00  2.476097e-02  2.905124e-02  2.145134e-02  0.000000e+00  0.000000e+00  0.000000e+00  1.593528e-03  2.476097e-02  2.905124e-02  2.145134e-02  0.000000e+00
2.740591e-02  0.000000e+00  0.000000e+00  0.000000e+00  2.672224e-02  2.868350e-02  1.961265e-02  0.000000e+00  0.000000e+00  0.000000e+00  5.761216e-03  2.672224e-02  2.868350e-02  1.961265e-02  0.000000e+00
2.864256e-02  0.000000e+00  0.000000e+00  0.000000e+00  2.929640e-02  2.758029e-02  1.998039e-02  0.000000e+00  0.000000e+00  0.000000e+00  5.638637e-03  2.929640e-02  2.758029e-02  1.998039e-02  0.000000e+00
2.993501e-02  0.000000e+00  0.000000e+00  0.000000e+00  3.027703e-02  2.782545e-02  1.054180e-02  0.000000e+00  0.000000e+00  0.000000e+00  7.477323e-03  3.027703e-02  2.782545e-02  2.120618e-02  0.000000e+00
3.128578e-02  0.000000e+00  0.000000e+00  0.000000e+00  3.542535e-02  2.402550e-02  0.000000e+00  0.000000e+00  0.000000e+00  0.000000e+00  8.703114e-03  3.542535e-02  2.402550e-02  1.618044e-02  0.000000e+00
3.269751e-02  0.000000e+00  0.000000e+00  0.000000e+00  3.052219e-02  2.831576e-02  0.000000e+00  0.000000e+00  0.000000e+00  0.000000e+00  1.213533e-02  3.052219e-02  2.831576e-02  1.397401e-02  0.000000e+00
3.417293e-02  0.000000e+00  0.000000e+00  0.000000e+00  2.892866e-02  2.316744e-02  0.000000e+00  0.000000e+00  0.000000e+00  0.000000e+00  1.176759e-02  2.892866e-02  2.316744e-02  1.421917e-02  0.000000e+00
3.571493e-02  0.000000e+00  0.000000e+00  0.000000e+00  3.383182e-02  2.414808e-02  0.000000e+00  0.000000e+00  0.000000e+00  0.000000e+00  1.397401e-02  3.383182e-02  2.414808e-02  1.728365e-02  0.000000e+00
3.732651e-02  0.000000e+00  0.000000e+00  0.000000e+00  3.223829e-02  1.973523e-02  0.000000e+00  0.000000e+00  0.000000e+00  0.000000e+00  1.581270e-02  3.223829e-02  1.973523e-02  1.483207e-02  0.000000e+00
3.901082e-02  0.000000e+00  0.000000e+00  0.000000e+00  3.174798e-02  2.243197e-02  0.000000e+00  0.000000e+00  0.000000e+00  0.000000e+00  1.863202e-02  3.174798e-02  2.243197e-02  1.372886e-02  0.000000e+00
4.077112e-02  0.000000e+00  0.000000e+00  0.000000e+00  3.370924e-02  1.323854e-02  0.000000e+00  0.000000e+00  0.000000e+00  0.000000e+00  1.618044e-02  3.370924e-02  2.059328e-02  1.164501e-02  0.000000e+00
4.261085e-02  0.000000e+00  0.000000e+00  1.225791e-03  3.260603e-02  0.000000e+00  0.000000e+00  0.000000e+00  0.000000e+00  0.000000e+00  1.863202e-02  3.260603e-02  1.801912e-02  8.457955e-03  0.000000e+00
4.453360e-02  0.000000e+00  0.000000e+00  2.108360e-02  3.162540e-02  0.000000e+00  0.000000e+00  0.000000e+00  0.000000e+00  0.000000e+00  2.108360e-02  3.162540e-02  1.728365e-02  6.987007e-03  0.000000e+00
4.654312e-02  0.000000e+00  0.000000e+00  2.145134e-02  2.807061e-02  0.000000e+00  0.000000e+00  0.000000e+00  0.000000e+00  0.000000e+00  2.145134e-02  2.807061e-02  1.507722e-02  7.109586e-03  0.000000e+00
4.864330e-02  0.000000e+00  0.000000e+00  2.488355e-02  2.954155e-02  0.000000e+00  0.000000e+00  0.000000e+00  0.000000e+00  3.677372e-04  2.488355e-02  2.954155e-02  1.630302e-02  0.000000e+00  0.000000e+00
5.083826e-02  0.000000e+00  0.000000e+00  2.758029e-02  2.574160e-02  0.000000e+00  0.000000e+00  0.000000e+00  0.000000e+00  3.677372e-03  2.758029e-02  2.574160e-02  1.446433e-02  0.000000e+00  0.000000e+00
5.313226e-02  0.000000e+00  0.000000e+00  3.138024e-02  2.512871e-02  0.000000e+00  0.000000e+00  0.000000e+00  0.000000e+00  5.270900e-03  3.138024e-02  2.512871e-02  1.372886e-02  0.000000e+00  0.000000e+00
5.552977e-02  0.000000e+00  0.000000e+00  3.174798e-02  2.145134e-02  0.000000e+00  0.000000e+00  0.000000e+00  0.000000e+00  6.374111e-03  3.174798e-02  2.145134e-02  1.201275e-02  0.000000e+00  0.000000e+00
5.803546e-02  0.000000e+00  0.000000e+00  3.542535e-02  2.132876e-02  0.000000e+00  0.000000e+00  0.000000e+00  0.000000e+00  7.109586e-03  3.542535e-02  2.132876e-02  8.335376e-03  0.000000e+00  0.000000e+00
6.065422e-02  0.000000e+00  0.000000e+00  3.321893e-02  2.304486e-02  0.000000e+00  0.000000e+00  0.000000e+00  0.000000e+00  8.090218e-03  3.321893e-02  2.304486e-02  7.109586e-03  0.000000e+00  0.000000e+00
6.339115e-02  0.000000e+00  0.000000e+00  3.272861e-02  6.128953e-03  0.000000e+00  0.000000e+00  0.000000e+00  0.000000e+00  1.115469e-02  3.272861e-02  2.169649e-02  4.903163e-03  0.000000e+00  0.000000e+00
6.625158e-02  0.000000e+00  0.000000e+00  3.775435e-02  0.000000e+00  0.000000e+00  0.000000e+00  0.000000e+00  0.000000e+00  1.323854e-02  3.775435e-02  1.863202e-02  4.903163e-04  0.000000e+00  0.000000e+00
6.924108e-02  0.000000e+00  0.000000e+00  3.689630e-02  0.000000e+00  0.000000e+00  0.000000e+00  0.000000e+00  0.000000e+00  1.544496e-02  3.689630e-02  1.716107e-02  0.000000e+00  0.000000e+00  0.000000e+00
7.236548e-02  0.000000e+00  0.000000e+00  3.285119e-02  0.000000e+00  0.000000e+00  0.000000e+00  0.000000e+00  0.000000e+00  1.458691e-02  3.285119e-02  1.532238e-02  0.000000e+00  0.000000e+00  0.000000e+00
7.563086e-02  0.000000e+00  0.000000e+00  3.640598e-02  0.000000e+00  0.000000e+00  0.000000e+00  0.000000e+00  0.000000e+00  1.703849e-02  3.640598e-02  1.556754e-02  0.000000e+00  0.000000e+00  0.000000e+00
7.904359e-02  0.000000e+00  0.000000e+00  3.677372e-02  0.000000e+00  0.000000e+00  0.000000e+00  0.000000e+00  0.000000e+00  1.887718e-02  3.677372e-02  1.667075e-02  0.000000e+00  0.000000e+00  0.000000e+00
8.261031e-02  0.000000e+00  7.109586e-03  3.481245e-02  0.000000e+00  0.000000e+00  0.000000e+00  0.000000e+00  0.000000e+00  2.096102e-02  3.481245e-02  1.336112e-02  0.000000e+00  0.000000e+00  0.000000e+00
8.633798e-02  0.000000e+00  2.292228e-02  3.370924e-02  0.000000e+00  0.000000e+00  0.000000e+00  0.000000e+00  0.000000e+00  2.292228e-02  3.370924e-02  1.005148e-02  0.000000e+00  0.000000e+00  0.000000e+00
9.023384e-02  0.000000e+00  2.917382e-02  3.125766e-02  0.000000e+00  0.000000e+00  0.000000e+00  0.000000e+00  0.000000e+00  2.917382e-02  3.125766e-02  6.374111e-03  0.000000e+00  0.000000e+00  0.000000e+00
9.430551e-02  0.000000e+00  2.978671e-02  2.868350e-02  0.000000e+00  0.000000e+00  0.000000e+00  0.000000e+00  0.000000e+00  2.978671e-02  2.868350e-02  5.638637e-03  0.000000e+00  0.000000e+00  0.000000e+00
9.856090e-02  0.000000e+00  3.064477e-02  3.039961e-02  0.000000e+00  0.000000e+00  0.000000e+00  0.000000e+00  0.000000e+00  3.064477e-02  3.039961e-02  7.354744e-04  0.000000e+00  0.000000e+00  0.000000e+00
1.030083e-01  0.000000e+00  3.309635e-02  2.353518e-02  0.000000e+00  0.000000e+00  0.000000e+00  0.000000e+00  0.000000e+00  3.309635e-02  2.353518e-02  0.000000e+00  0.000000e+00  0.000000e+00  0.000000e+00
1.076564e-01  0.000000e+00  3.971562e-02  2.549645e-02  0.000000e+00  0.000000e+00  0.000000e+00  0.000000e+00  0.000000e+00  3.971562e-02  2.549645e-02  0.000000e+00  0.000000e+00  0.000000e+00  0.000000e+00
1.125142e-01  0.000000e+00  3.616082e-02  2.402550e-02  0.000000e+00  0.000000e+00  0.000000e+00  0.000000e+00  0.000000e+00  3.616082e-02  2.402550e-02  0.000000e+00  0.000000e+00  0.000000e+00  0.000000e+00
1.175913e-01  0.000000e+00  4.081883e-02  6.496690e-03  0.000000e+00  0.000000e+00  0.000000e+00  0.000000e+00  0.000000e+00  4.081883e-02  2.194165e-02  0.000000e+00  0.000000e+00  0.000000e+00  0.000000e+00
1.228974e-01  0.000000e+00  3.518019e-02  0.000000e+00  0.000000e+00  0.000000e+00  0.000000e+00  0.000000e+00  0.000000e+00  3.518019e-02  1.973523e-02  0.000000e+00  0.000000e+00  0.000000e+00  0.000000e+00
1.284429e-01  0.000000e+00  3.898014e-02  0.000000e+00  0.000000e+00  0.000000e+00  0.000000e+00  0.000000e+00  0.000000e+00  3.898014e-02  2.034812e-02  0.000000e+00  0.000000e+00  0.000000e+00  0.000000e+00
1.342387e-01  0.000000e+00  3.652856e-02  0.000000e+00  0.000000e+00  0.000000e+00  0.000000e+00  0.000000e+00  0.000000e+00  3.652856e-02  1.679333e-02  0.000000e+00  0.000000e+00  0.000000e+00  0.000000e+00
1.402961e-01  0.000000e+00  4.081883e-02  0.000000e+00  0.000000e+00  0.000000e+00  0.000000e+00  0.000000e+00  0.000000e+00  4.081883e-02  1.777396e-02  0.000000e+00  0.000000e+00  0.000000e+00  0.000000e+00
1.466267e-01  0.000000e+00  3.628340e-02  0.000000e+00  0.000000e+00  0.000000e+00  0.000000e+00  0.000000e+00  0.000000e+00  3.628340e-02  1.679333e-02  0.000000e+00  0.000000e+00  0.000000e+00  0.000000e+00
1.532430e-01  0.000000e+00  3.383182e-02  0.000000e+00  0.000000e+00  0.000000e+00  0.000000e+00  0.000000e+00  0.000000e+00  3.383182e-02  1.189017e-02  0.000000e+00  0.000000e+00  0.000000e+00  0.000000e+00
1.601579e-01  0.000000e+00  3.591567e-02  0.000000e+00  0.000000e+00  0.000000e+00  0.000000e+00  0.000000e+00  0.000000e+00  3.591567e-02  8.090218e-03  0.000000e+00  0.000000e+00  0.000000e+00  0.000000e+00
1.673847e-01  0.000000e+00  3.358666e-02  0.000000e+00  0.000000e+00  0.000000e+00  0.000000e+00  0.000000e+00  0.000000e+00  3.358666e-02  5.883795e-03  0.000000e+00  0.000000e+00  0.000000e+00  0.000000e+00
1.749377e-01  0.000000e+00  2.892866e-02  0.000000e+00  0.000000e+00  0.000000e+00  0.000000e+00  0.000000e+00  0.000000e+00  2.892866e-02  2.329002e-03  0.000000e+00  0.000000e+00  0.000000e+00  0.000000e+00
1.828315e-01  0.000000e+00  2.954155e-02  0.000000e+00  0.000000e+00  0.000000e+00  0.000000e+00  0.000000e+00  0.000000e+00  2.954155e-02  0.000000e+00  0.000000e+00  0.000000e+00  0.000000e+00  0.000000e+00
1.910815e-01  0.000000e+00  2.561902e-02  0.000000e+00  0.000000e+00  0.000000e+00  0.000000e+00  0.000000e+00  4.412846e-03  2.561902e-02  0.000000e+00  0.000000e+00  0.000000e+00  0.000000e+00  0.000000e+00
1.997038e-01  0.000000e+00  2.684481e-02  0.000000e+00  0.000000e+00  0.000000e+00  0.000000e+00  0.000000e+00  6.006374e-03  2.684481e-02  0.000000e+00  0.000000e+00  0.000000e+00  0.000000e+00  0.000000e+00
2.087151e-01  0.000000e+00  8.335376e-03  0.000000e+00  0.000000e+00  0.000000e+00  0.000000e+00  0.000000e+00  5.148321e-03  2.635450e-02  0.000000e+00  0.000000e+00  0.000000e+00  0.000000e+00  0.000000e+00
2.181331e-01  0.000000e+00  0.000000e+00  0.000000e+00  0.000000e+00  0.000000e+00  0.000000e+00  0.000000e+00  7.232165e-03  2.181907e-02  0.000000e+00  0.000000e+00  0.000000e+00  0.000000e+00  0.000000e+00
2.279760e-01  0.000000e+00  0.000000e+00  0.000000e+00  0.000000e+00  0.000000e+00  0.000000e+00  0.000000e+00  8.948272e-03  2.059328e-02  0.000000e+00  0.000000e+00  0.000000e+00  0.000000e+00  0.000000e+00
2.382630e-01  0.000000e+00  0.000000e+00  0.000000e+00  0.000000e+00  0.000000e+00  0.000000e+00  0.000000e+00  8.457955e-03  1.973523e-02  0.000000e+00  0.000000e+00  0.000000e+00  0.000000e+00  0.000000e+00
2.490143e-01  0.000000e+00  0.000000e+00  0.000000e+00  0.000000e+00  0.000000e+00  0.000000e+00  0.000000e+00  1.470949e-02  1.814170e-02  0.000000e+00  0.000000e+00  0.000000e+00  0.000000e+00  0.000000e+00
2.602507e-01  0.000000e+00  0.000000e+00  0.000000e+00  0.000000e+00  0.000000e+00  0.000000e+00  0.000000e+00  1.274822e-02  1.434175e-02  0.000000e+00  0.000000e+00  0.000000e+00  0.000000e+00  0.000000e+00
2.719941e-01  0.000000e+00  0.000000e+00  0.000000e+00  0.000000e+00  0.000000e+00  0.000000e+00  0.000000e+00  1.667075e-02  9.561167e-03  0.000000e+00  0.000000e+00  0.000000e+00  0.000000e+00  0.000000e+00
2.842674e-01  0.000000e+00  0.000000e+00  0.000000e+00  0.000000e+00  0.000000e+00  0.000000e+00  0.000000e+00  1.850944e-02  7.477323e-03  0.000000e+00  0.000000e+00  0.000000e+00  0.000000e+00  0.000000e+00
2.970946e-01  0.000000e+00  0.000000e+00  0.000000e+00  0.000000e+00  0.000000e+00  0.000000e+00  0.000000e+00  2.120618e-02  5.393479e-03  0.000000e+00  0.000000e+00  0.000000e+00  0.000000e+00  0.000000e+00
3.105005e-01  1.189017e-02  0.000000e+00  0.000000e+00  0.000000e+00  0.000000e+00  0.000000e+00  0.000000e+00  2.292228e-02  0.000000e+00  0.000000e+00  0.000000e+00  0.000000e+00  0.000000e+00  0.000000e+00
3.245113e-01  2.598676e-02  0.000000e+00  0.000000e+00  0.000000e+00  0.000000e+00  0.000000e+00  0.000000e+00  2.598676e-02  0.000000e+00  0.000000e+00  0.000000e+00  0.000000e+00  0.000000e+00  0.000000e+00
3.391544e-01  2.659966e-02  0.000000e+00  0.000000e+00  0.000000e+00  0.000000e+00  0.000000e+00  0.000000e+00  2.659966e-02  0.000000e+00  0.000000e+00  0.000000e+00  0.000000e+00  0.000000e+00  0.000000e+00
3.544583e-01  2.794803e-02  0.000000e+00  0.000000e+00  0.000000e+00  0.000000e+00  0.000000e+00  0.000000e+00  2.794803e-02  0.000000e+00  0.000000e+00  0.000000e+00  0.000000e+00  0.000000e+00  0.000000e+00
3.704526e-01  3.407698e-02  0.000000e+00  0.000000e+00  0.000000e+00  0.000000e+00  0.000000e+00  0.000000e+00  3.407698e-02  0.000000e+00  0.000000e+00  0.000000e+00  0.000000e+00  0.000000e+00  0.000000e+00
3.871687e-01  3.763177e-02  0.000000e+00  0.000000e+00  0.000000e+00  0.000000e+00  0.000000e+00  0.000000e+00  3.763177e-02  0.000000e+00  0.000000e+00  0.000000e+00  0.000000e+00  0.000000e+00  0.000000e+00
4.046391e-01  4.094141e-02  0.000000e+00  0.000000e+00  0.000000e+00  0.000000e+00  0.000000e+00  0.000000e+00  4.094141e-02  0.000000e+00  0.000000e+00  0.000000e+00  0.000000e+00  0.000000e+00  0.000000e+00
4.228979e-01  4.486394e-02  0.000000e+00  0.000000e+00  0.000000e+00  0.000000e+00  0.000000e+00  0.000000e+00  4.486394e-02  0.000000e+00  0.000000e+00  0.000000e+00  0.000000e+00  0.000000e+00  0.000000e+00
4.419805e-01  4.388330e-02  0.000000e+00  0.000000e+00  0.000000e+00  0.000000e+00  0.000000e+00  0.000000e+00  4.388330e-02  0.000000e+00  0.000000e+00  0.000000e+00  0.000000e+00  0.000000e+00  0.000000e+00
4.619242e-01  4.192204e-02  0.000000e+00  0.000000e+00  0.000000e+00  0.000000e+00  0.000000e+00  0.000000e+00  4.192204e-02  0.000000e+00  0.000000e+00  0.000000e+00  0.000000e+00  0.000000e+00  0.000000e+00
4.827678e-01  4.474136e-02  0.000000e+00  0.000000e+00  0.000000e+00  0.000000e+00  0.000000e+00  0.000000e+00  4.474136e-02  0.000000e+00  0.000000e+00  0.000000e+00  0.000000e+00  0.000000e+00  0.000000e+00
5.045520e-01  4.106399e-02  0.000000e+00  0.000000e+00  0.000000e+00  0.000000e+00  0.000000e+00  0.000000e+00  4.106399e-02  0.000000e+00  0.000000e+00  0.000000e+00  0.000000e+00  0.000000e+00  0.000000e+00
5.273191e-01  4.363815e-02  0.000000e+00  0.000000e+00  0.000000e+00  0.000000e+00  0.000000e+00  0.000000e+00  4.363815e-02  0.000000e+00  0.000000e+00  0.000000e+00  0.000000e+00  0.000000e+00  0.000000e+00
5.511136e-01  4.081883e-02  0.000000e+00  0.000000e+00  0.000000e+00  0.000000e+00  0.000000e+00  0.000000e+00  4.081883e-02  0.000000e+00  0.000000e+00  0.000000e+00  0.000000e+00  0.000000e+00  0.000000e+00
5.759817e-01  3.591567e-02  0.000000e+00  0.000000e+00  0.000000e+00  0.000000e+00  0.000000e+00  0.000000e+00  3.591567e-02  0.000000e+00  0.000000e+00  0.000000e+00  0.000000e+00  0.000000e+00  0.000000e+00
6.019720e-01  3.554793e-02  0.000000e+00  0.000000e+00  0.000000e+00  0.000000e+00  0.000000e+00  0.000000e+00  3.554793e-02  0.000000e+00  0.000000e+00  0.000000e+00  0.000000e+00  0.000000e+00  0.000000e+00
6.291351e-01  3.248345e-02  0.000000e+00  0.000000e+00  0.000000e+00  0.000000e+00  0.000000e+00  0.000000e+00  3.248345e-02  0.000000e+00  0.000000e+00  0.000000e+00  0.000000e+00  0.000000e+00  0.000000e+00
6.575238e-01  3.101250e-02  0.000000e+00  0.000000e+00  0.000000e+00  0.000000e+00  0.000000e+00  0.000000e+00  3.101250e-02  0.000000e+00  0.000000e+00  0.000000e+00  0.000000e+00  0.000000e+00  0.000000e+00
6.871936e-01  3.285119e-02  0.000000e+00  0.000000e+00  0.000000e+00  0.000000e+00  0.000000e+00  0.000000e+00  3.285119e-02  0.000000e+00  0.000000e+00  0.000000e+00  0.000000e+00  0.000000e+00  0.000000e+00
7.182022e-01  6.006374e-03  0.000000e+00  0.000000e+00  0.000000e+00  0.000000e+00  0.000000e+00  0.000000e+00  2.659966e-02  0.000000e+00  0.000000e+00  0.000000e+00  0.000000e+00  0.000000e+00  0.000000e+00
7.506099e-01  0.000000e+00  0.000000e+00  0.000000e+00  0.000000e+00  0.000000e+00  0.000000e+00  0.000000e+00  2.647708e-02  0.000000e+00  0.000000e+00  0.000000e+00  0.000000e+00  0.000000e+00  0.000000e+00
7.844801e-01  0.000000e+00  0.000000e+00  0.000000e+00  0.000000e+00  0.000000e+00  0.000000e+00  0.000000e+00  2.206423e-02  0.000000e+00  0.000000e+00  0.000000e+00  0.000000e+00  0.000000e+00  0.000000e+00
8.198785e-01  0.000000e+00  0.000000e+00  0.000000e+00  0.000000e+00  0.000000e+00  0.000000e+00  0.000000e+00  1.899975e-02  0.000000e+00  0.000000e+00  0.000000e+00  0.000000e+00  0.000000e+00  0.000000e+00
8.568743e-01  0.000000e+00  0.000000e+00  0.000000e+00  0.000000e+00  0.000000e+00  0.000000e+00  0.000000e+00  1.409659e-02  0.000000e+00  0.000000e+00  0.000000e+00  0.000000e+00  0.000000e+00  0.000000e+00
8.955394e-01  0.000000e+00  0.000000e+00  0.000000e+00  0.000000e+00  0.000000e+00  0.000000e+00  0.000000e+00  1.470949e-02  0.000000e+00  0.000000e+00  0.000000e+00  0.000000e+00  0.000000e+00  0.000000e+00
9.359493e-01  0.000000e+00  0.000000e+00  0.000000e+00  0.000000e+00  0.000000e+00  0.000000e+00  0.000000e+00  1.041922e-02  0.000000e+00  0.000000e+00  0.000000e+00  0.000000e+00  0.000000e+00  0.000000e+00
9.781826e-01  0.000000e+00  0.000000e+00  0.000000e+00  0.000000e+00  0.000000e+00  0.000000e+00  0.000000e+00  7.722481e-03  0.000000e+00  0.000000e+00  0.000000e+00  0.000000e+00  0.000000e+00  0.000000e+00
