1.940941e-02  0.000000e+00  0.000000e+00  0.000000e+00  0.000000e+00  0.000000e+00  0.000000e+00  0.000000e+00  0.000000e+00  0.000000e+00  0.000000e+00  0.000000e+00  0.000000e+00  0.000000e+00  1.120000e-02
2.037996e-02  0.000000e+00  0.000000e+00  0.000000e+00  0.000000e+00  0.000000e+00  0.000000e+00  0.000000e+00  0.000000e+00  0.000000e+00  0.000000e+00  0.000000e+00  0.000000e+00  0.000000e+00  1.730000e-02
2.139904e-02  0.000000e+00  0.000000e+00  0.000000e+00  0.000000e+00  0.000000e+00  0.000000e+00  0.000000e+00  0.000000e+00  0.000000e+00  0.000000e+00  0.000000e+00  0.000000e+00  0.000000e+00  1.870000e-02
2.246908e-02  0.000000e+00  0.000000e+00  0.000000e+00  0.000000e+00  0.000000e+00  0.000000e+00  0.000000e+00  0.000000e+00  0.000000e+00  0.000000e+00  0.000000e+00  0.000000e+00  0.000000e+00  2.360000e-02
2.359263e-02  0.000000e+00  0.000000e+00  0.000000e+00  0.000000e+00  0.000000e+00  0.000000e+00  0.000000e+00  0.000000e+00  0.000000e+00  0.000000e+00  0.000000e+00  0.000000e+00  0.000000e+00  3.020000e-02
2.477235e-02  0.000000e+00  0.000000e+00  0.000000e+00  0.000000e+00  0.000000e+00  0.000000e+00  0.000000e+00  0.000000e+00  0.000000e+00  0.000000e+00  0.000000e+00  0.000000e+00  0.000000e+00  3.280000e-02
2.601107e-02  0.000000e+00  0.000000e+00  0.000000e+00  0.000000e+00  0.000000e+00  0.000000e+00  3.110000e-02  0.000000e+00  0.000000e+00  0.000000e+00  0.000000e+00  0.000000e+00  0.000000e+00  3.230000e-02
2.731173e-02  0.000000e+00  0.000000e+00  0.000000e+00  0.000000e+00  0.000000e+00  0.000000e+00  3.770000e-02  0.000000e+00  0.000000e+00  0.000000e+00  0.000000e+00  0.000000e+00  0.000000e+00  3.770000e-02
2.867743e-02  0.000000e+00  0.000000e+00  0.000000e+00  0.000000e+00  0.000000e+00  0.000000e+00  3.480000e-02  0.000000e+00  0.000000e+00  0.000000e+00  0.000000e+00  0.000000e+00  0.000000e+00  3.480000e-02
3.011142e-02  0.000000e+00  0.000000e+00  0.000000e+00  0.000000e+00  0.000000e+00  0.000000e+00  3.880000e-02  0.000000e+00  0.000000e+00  0.000000e+00  0.000000e+00  0.000000e+00  0.000000e+00  3.880000e-02
3.161712e-02  0.000000e+00  0.000000e+00  0.000000e+00  0.000000e+00  0.000000e+00  0.000000e+00  3.980000e-02  0.000000e+00  0.000000e+00  0.000000e+00  0.000000e+00  0.000000e+00  0.000000e+00  3.980000e-02
3.319811e-02  0.000000e+00  0.000000e+00  0.000000e+00  0.000000e+00  0.000000e+00  0.000000e+00  4.230000e-02  0.000000e+00  0.000000e+00  0.000000e+00  0.000000e+00  0.000000e+00  0.000000e+00  4.230000e-02
3.485815e-02  0.000000e+00  0.000000e+00  0.000000e+00  0.000000e+00  0.000000e+00  0.000000e+00  4.120000e-02  0.000000e+00  0.000000e+00  0.000000e+00  0.000000e+00  0.000000e+00  0.000000e+00  4.120000e-02
3.660120e-02  0.000000e+00  0.000000e+00  0.000000e+00  0.000000e+00  0.000000e+00  0.000000e+00  4.440000e-02  0.000000e+00  0.000000e+00  0.000000e+00  0.000000e+00  0.000000e+00  0.000000e+00  4.440000e-02
3.843141e-02  0.000000e+00  0.000000e+00  0.000000e+00  0.000000e+00  0.000000e+00  0.000000e+00  4.100000e-02  0.000000e+00  0.000000e+00  0.000000e+00  0.000000e+00  0.000000e+00  5.400000e-03  4.100000e-02
4.035314e-02  0.000000e+00  0.000000e+00  0.000000e+00  0.000000e+00  0.000000e+00  0.000000e+00  4.080000e-02  0.000000e+00  0.000000e+00  0.000000e+00  0.000000e+00  0.000000e+00  8.200000e-03  4.080000e-02
4.237096e-02  0.000000e+00  0.000000e+00  0.000000e+00  0.000000e+00  0.000000e+00  0.000000e+00  4.030000e-02  0.000000e+00  0.000000e+00  0.000000e+00  0.000000e+00  0.000000e+00  1.340000e-02  4.030000e-02
4.448969e-02  0.000000e+00  0.000000e+00  0.000000e+00  0.000000e+00  0.000000e+00  0.000000e+00  3.780000e-02  0.000000e+00  0.000000e+00  0.000000e+00  0.000000e+00  0.000000e+00  1.580000e-02  3.780000e-02
4.671435e-02  0.000000e+00  0.000000e+00  0.000000e+00  0.000000e+00  0.000000e+00  0.000000e+00  4.460000e-02  0.000000e+00  0.000000e+00  0.000000e+00  0.000000e+00  0.000000e+00  2.070000e-02  4.460000e-02
4.905026e-02  0.000000e+00  0.000000e+00  0.000000e+00  0.000000e+00  0.000000e+00  0.000000e+00  4.120000e-02  0.000000e+00  0.000000e+00  0.000000e+00  0.000000e+00  0.000000e+00  2.380000e-02  4.120000e-02
5.150298e-02  0.000000e+00  0.000000e+00  0.000000e+00  0.000000e+00  0.000000e+00  0.000000e+00  4.570000e-02  0.000000e+00  0.000000e+00  0.000000e+00  0.000000e+00  0.000000e+00  2.580000e-02  4.570000e-02
5.407834e-02  0.000000e+00  0.000000e+00  0.000000e+00  0.000000e+00  0.000000e+00  6.600000e-03  3.720000e-02  0.000000e+00  0.000000e+00  0.000000e+00  0.000000e+00  0.000000e+00  2.850000e-02  3.720000e-02
5.678248e-02  0.000000e+00  0.000000e+00  0.000000e+00  0.000000e+00  0.000000e+00  3.560000e-02  3.780000e-02  0.000000e+00  0.000000e+00  0.000000e+00  0.000000e+00  0.000000e+00  3.560000e-02  3.780000e-02
5.962184e-02  0.000000e+00  0.000000e+00  0.000000e+00  0.000000e+00  0.000000e+00  3.290000e-02  3.500000e-03  0.000000e+00  0.000000e+00  0.000000e+00  0.000000e+00  0.000000e+00  3.290000e-02  3.200000e-02
6.260318e-02  0.000000e+00  0.000000e+00  0.000000e+00  0.000000e+00  0.000000e+00  3.150000e-02  0.000000e+00  0.000000e+00  0.000000e+00  0.000000e+00  0.000000e+00  0.000000e+00  3.150000e-02  2.400000e-02
6.573359e-02  0.000000e+00  0.000000e+00  0.000000e+00  0.000000e+00  0.000000e+00  3.510000e-02  0.000000e+00  0.000000e+00  0.000000e+00  0.000000e+00  0.000000e+00  0.000000e+00  3.510000e-02  2.260000e-02
6.902054e-02  0.000000e+00  0.000000e+00  0.000000e+00  0.000000e+00  0.000000e+00  3.940000e-02  0.000000e+00  0.000000e+00  0.000000e+00  0.000000e+00  0.000000e+00  5.500000e-03  3.940000e-02  1.860000e-02
7.247185e-02  0.000000e+00  0.000000e+00  0.000000e+00  0.000000e+00  0.000000e+00  3.870000e-02  0.000000e+00  0.000000e+00  0.000000e+00  0.000000e+00  0.000000e+00  1.330000e-02  3.870000e-02  1.310000e-02
7.609575e-02  0.000000e+00  0.000000e+00  0.000000e+00  0.000000e+00  0.000000e+00  3.850000e-02  0.000000e+00  0.000000e+00  0.000000e+00  0.000000e+00  0.000000e+00  1.350000e-02  3.850000e-02  1.050000e-02
7.990085e-02  0.000000e+00  0.000000e+00  0.000000e+00  0.000000e+00  0.000000e+00  3.860000e-02  0.000000e+00  0.000000e+00  0.000000e+00  0.000000e+00  0.000000e+00  2.200000e-02  3.860000e-02  9.100000e-03
8.389622e-02  0.000000e+00  0.000000e+00  0.000000e+00  0.000000e+00  0.000000e+00  3.950000e-02  0.000000e+00  0.000000e+00  0.000000e+00  0.000000e+00  0.000000e+00  2.340000e-02  3.950000e-02  6.600000e-03
8.809138e-02  0.000000e+00  0.000000e+00  0.000000e+00  0.000000e+00  0.000000e+00  3.840000e-02  0.000000e+00  0.000000e+00  0.000000e+00  0.000000e+00  0.000000e+00  2.570000e-02  3.840000e-02  2.000000e-03
9.249631e-02  0.000000e+00  0.000000e+00  0.000000e+00  0.000000e+00  1.800000e-03  3.990000e-02  0.000000e+00  0.000000e+00  0.000000e+00  0.000000e+00  0.000000e+00  3.340000e-02  3.990000e-02  0.000000e+00
9.712150e-02  0.000000e+00  0.000000e+00  0.000000e+00  0.000000e+00  3.320000e-02  4.060000e-02  0.000000e+00  0.000000e+00  0.000000e+00  0.000000e+00  0.000000e+00  3.320000e-02  4.060000e-02  0.000000e+00
1.019780e-01  0.000000e+00  0.000000e+00  0.000000e+00  0.000000e+00  3.260000e-02  4.050000e-02  0.000000e+00  0.000000e+00  0.000000e+00  0.000000e+00  0.000000e+00  3.260000e-02  4.050000e-02  0.000000e+00
1.070773e-01  0.000000e+00  0.000000e+00  0.000000e+00  0.000000e+00  3.610000e-02  3.880000e-02  0.000000e+00  0.000000e+00  0.000000e+00  0.000000e+00  0.000000e+00  3.610000e-02  3.880000e-02  0.000000e+00
1.124316e-01  0.000000e+00  0.000000e+00  0.000000e+00  0.000000e+00  3.670000e-02  4.060000e-02  0.000000e+00  0.000000e+00  0.000000e+00  0.000000e+00  0.000000e+00  3.670000e-02  4.060000e-02  0.000000e+00
1.180537e-01  0.000000e+00  0.000000e+00  0.000000e+00  0.000000e+00  4.020000e-02  3.610000e-02  0.000000e+00  0.000000e+00  0.000000e+00  0.000000e+00  0.000000e+00  4.020000e-02  3.610000e-02  0.000000e+00
1.239568e-01  0.000000e+00  0.000000e+00  0.000000e+00  0.000000e+00  3.850000e-02  3.570000e-02  0.000000e+00  0.000000e+00  0.000000e+00  0.000000e+00  0.000000e+00  3.850000e-02  3.570000e-02  0.000000e+00
1.301552e-01  0.000000e+00  0.000000e+00  0.000000e+00  0.000000e+00  3.730000e-02  2.830000e-02  0.000000e+00  0.000000e+00  0.000000e+00  0.000000e+00  0.000000e+00  3.730000e-02  2.830000e-02  0.000000e+00
1.366635e-01  0.000000e+00  0.000000e+00  0.000000e+00  0.000000e+00  3.870000e-02  4.700000e-03  0.000000e+00  0.000000e+00  0.000000e+00  0.000000e+00  0.000000e+00  3.870000e-02  2.610000e-02  0.000000e+00
1.434972e-01  0.000000e+00  0.000000e+00  0.000000e+00  0.000000e+00  3.980000e-02  0.000000e+00  0.000000e+00  0.000000e+00  0.000000e+00  0.000000e+00  4.700000e-03  3.980000e-02  2.240000e-02  0.000000e+00
1.506727e-01  0.000000e+00  0.000000e+00  0.000000e+00  0.000000e+00  4.070000e-02  0.000000e+00  0.000000e+00  0.000000e+00  0.000000e+00  0.000000e+00  1.050000e-02  4.070000e-02  2.100000e-02  0.000000e+00
1.582069e-01  0.000000e+00  0.000000e+00  0.000000e+00  0.000000e+00  4.350000e-02  0.000000e+00  0.000000e+00  0.000000e+00  0.000000e+00  0.000000e+00  1.660000e-02  4.350000e-02  1.690000e-02  0.000000e+00
1.661179e-01  0.000000e+00  0.000000e+00  0.000000e+00  0.000000e+00  3.990000e-02  0.000000e+00  0.000000e+00  0.000000e+00  0.000000e+00  0.000000e+00  2.110000e-02  3.990000e-02  1.570000e-02  0.000000e+00
1.744245e-01  0.000000e+00  0.000000e+00  0.000000e+00  0.000000e+00  4.250000e-02  0.000000e+00  0.000000e+00  0.000000e+00  0.000000e+00  0.000000e+00  2.530000e-02  4.250000e-02  1.040000e-02  0.000000e+00
1.831464e-01  0.000000e+00  0.000000e+00  0.000000e+00  0.000000e+00  3.950000e-02  0.000000e+00  0.000000e+00  0.000000e+00  0.000000e+00  0.000000e+00  3.020000e-02  3.950000e-02  1.030000e-02  0.000000e+00
1.923045e-01  0.000000e+00  0.000000e+00  0.000000e+00  6.200000e-03  3.680000e-02  0.000000e+00  0.000000e+00  0.000000e+00  0.000000e+00  0.000000e+00  3.280000e-02  3.680000e-02  8.500000e-03  0.000000e+00
2.019205e-01  0.000000e+00  0.000000e+00  0.000000e+00  3.350000e-02  3.580000e-02  0.000000e+00  0.000000e+00  0.000000e+00  0.000000e+00  0.000000e+00  3.350000e-02  3.580000e-02  6.300000e-03  0.000000e+00
2.120174e-01  0.000000e+00  0.000000e+00  0.000000e+00  3.640000e-02  3.550000e-02  0.000000e+00  0.000000e+00  0.000000e+00  0.000000e+00  0.000000e+00  3.640000e-02  3.550000e-02  2.100000e-03  0.000000e+00
2.226191e-01  0.000000e+00  0.000000e+00  0.000000e+00  3.100000e-02  2.870000e-02  0.000000e+00  0.000000e+00  0.000000e+00  0.000000e+00  0.000000e+00  3.100000e-02  2.870000e-02  0.000000e+00  0.000000e+00
2.337510e-01  0.000000e+00  0.000000e+00  0.000000e+00  3.750000e-02  2.200000e-03  0.000000e+00  0.000000e+00  0.000000e+00  0.000000e+00  0.000000e+00  3.750000e-02  2.740000e-02  0.000000e+00  0.000000e+00
2.454395e-01  0.000000e+00  0.000000e+00  0.000000e+00  3.910000e-02  0.000000e+00  0.000000e+00  0.000000e+00  0.000000e+00  0.000000e+00  0.000000e+00  3.910000e-02  2.170000e-02  0.000000e+00  0.000000e+00
2.577125e-01  0.000000e+00  0.000000e+00  0.000000e+00  3.980000e-02  0.000000e+00  0.000000e+00  0.000000e+00  0.000000e+00  0.000000e+00  0.000000e+00  3.980000e-02  1.820000e-02  0.000000e+00  0.000000e+00
2.705992e-01  0.000000e+00  0.000000e+00  0.000000e+00  3.870000e-02  0.000000e+00  0.000000e+00  0.000000e+00  0.000000e+00  0.000000e+00  0.000000e+00  3.870000e-02  1.780000e-02  0.000000e+00  0.000000e+00
2.841303e-01  0.000000e+00  0.000000e+00  0.000000e+00  3.850000e-02  0.000000e+00  0.000000e+00  0.000000e+00  0.000000e+00  0.000000e+00  0.000000e+00  3.850000e-02  1.560000e-02  0.000000e+00  0.000000e+00
2.983380e-01  0.000000e+00  0.000000e+00  0.000000e+00  3.570000e-02  0.000000e+00  0.000000e+00  0.000000e+00  0.000000e+00  0.000000e+00  0.000000e+00  3.570000e-02  1.140000e-02  0.000000e+00  0.000000e+00
3.132561e-01  0.000000e+00  0.000000e+00  0.000000e+00  4.010000e-02  0.000000e+00  0.000000e+00  0.000000e+00  0.000000e+00  0.000000e+00  0.000000e+00  4.010000e-02  1.020000e-02  0.000000e+00  0.000000e+00
3.289202e-01  0.000000e+00  0.000000e+00  0.000000e+00  4.370000e-02  0.000000e+00  0.000000e+00  0.000000e+00  0.000000e+00  0.000000e+00  0.000000e+00  4.370000e-02  7.700000e-03  0.000000e+00  0.000000e+00
3.453675e-01  0.000000e+00  0.000000e+00  0.000000e+00  4.060000e-02  0.000000e+00  0.000000e+00  0.000000e+00  0.000000e+00  0.000000e+00  0.000000e+00  4.060000e-02  6.400000e-03  0.000000e+00  0.000000e+00
3.626373e-01  0.000000e+00  0.000000e+00  0.000000e+00  4.150000e-02  0.000000e+00  0.000000e+00  0.000000e+00  0.000000e+00  0.000000e+00  0.000000e+00  4.150000e-02  8.000000e-04  0.000000e+00  0.000000e+00
3.807707e-01  0.000000e+00  0.000000e+00  0.000000e+00  4.340000e-02  0.000000e+00  0.000000e+00  0.000000e+00  0.000000e+00  0.000000e+00  0.000000e+00  4.340000e-02  0.000000e+00  0.000000e+00  0.000000e+00
3.998108e-01  0.000000e+00  0.000000e+00  0.000000e+00  3.810000e-02  0.000000e+00  0.000000e+00  0.000000e+00  0.000000e+00  0.000000e+00  0.000000e+00  3.810000e-02  0.000000e+00  0.000000e+00  0.000000e+00
4.198030e-01  0.000000e+00  0.000000e+00  0.000000e+00  4.040000e-02  0.000000e+00  0.000000e+00  0.000000e+00  0.000000e+00  0.000000e+00  7.200000e-03  4.040000e-02  0.000000e+00  0.000000e+00  0.000000e+00
4.407949e-01  0.000000e+00  0.000000e+00  0.000000e+00  3.280000e-02  0.000000e+00  0.000000e+00  0.000000e+00  0.000000e+00  0.000000e+00  1.580000e-02  3.280000e-02  0.000000e+00  0.000000e+00  0.000000e+00
4.628364e-01  0.000000e+00  0.000000e+00  0.000000e+00  2.300000e-02  0.000000e+00  0.000000e+00  0.000000e+00  0.000000e+00  0.000000e+00  2.010000e-02  2.720000e-02  0.000000e+00  0.000000e+00  0.000000e+00
4.859802e-01  0.000000e+00  0.000000e+00  0.000000e+00  0.000000e+00  0.000000e+00  0.000000e+00  0.000000e+00  0.000000e+00  0.000000e+00  2.450000e-02  2.180000e-02  0.000000e+00  0.000000e+00  0.000000e+00
5.102812e-01  0.000000e+00  0.000000e+00  0.000000e+00  0.000000e+00  0.000000e+00  0.000000e+00  0.000000e+00  0.000000e+00  0.000000e+00  2.960000e-02  2.540000e-02  0.000000e+00  0.000000e+00  0.000000e+00
5.357973e-01  0.000000e+00  0.000000e+00  0.000000e+00  0.000000e+00  0.000000e+00  0.000000e+00  0.000000e+00  0.000000e+00  0.000000e+00  3.310000e-02  2.020000e-02  0.000000e+00  0.000000e+00  0.000000e+00
5.625894e-01  0.000000e+00  0.000000e+00  2.800000e-02  0.000000e+00  0.000000e+00  0.000000e+00  0.000000e+00  0.000000e+00  0.000000e+00  3.270000e-02  1.700000e-02  0.000000e+00  0.000000e+00  0.000000e+00
5.907212e-01  0.000000e+00  0.000000e+00  3.480000e-02  0.000000e+00  0.000000e+00  0.000000e+00  0.000000e+00  0.000000e+00  0.000000e+00  3.480000e-02  1.320000e-02  0.000000e+00  0.000000e+00  0.000000e+00
6.202597e-01  0.000000e+00  0.000000e+00  3.410000e-02  0.000000e+00  0.000000e+00  0.000000e+00  0.000000e+00  0.000000e+00  0.000000e+00  3.410000e-02  1.230000e-02  0.000000e+00  0.000000e+00  0.000000e+00
6.512752e-01  0.000000e+00  0.000000e+00  3.890000e-02  0.000000e+00  0.000000e+00  0.000000e+00  0.000000e+00  0.000000e+00  0.000000e+00  3.890000e-02  8.700000e-03  0.000000e+00  0.000000e+00  0.000000e+00
6.838417e-01  0.000000e+00  0.000000e+00  3.430000e-02  0.000000e+00  0.000000e+00  0.000000e+00  0.000000e+00  0.000000e+00  0.000000e+00  3.430000e-02  6.800000e-03  0.000000e+00  0.000000e+00  0.000000e+00
7.180366e-01  0.000000e+00  0.000000e+00  3.750000e-02  0.000000e+00  0.000000e+00  0.000000e+00  0.000000e+00  0.000000e+00  0.000000e+00  3.750000e-02  5.200000e-03  0.000000e+00  0.000000e+00  0.000000e+00
7.539414e-01  0.000000e+00  0.000000e+00  4.150000e-02  0.000000e+00  0.000000e+00  0.000000e+00  0.000000e+00  0.000000e+00  0.000000e+00  4.150000e-02  2.000000e-04  0.000000e+00  0.000000e+00  0.000000e+00
7.916416e-01  0.000000e+00  0.000000e+00  3.890000e-02  0.000000e+00  0.000000e+00  0.000000e+00  0.000000e+00  0.000000e+00  0.000000e+00  3.890000e-02  0.000000e+00  0.000000e+00  0.000000e+00  0.000000e+00
8.312269e-01  0.000000e+00  0.000000e+00  4.060000e-02  0.000000e+00  0.000000e+00  0.000000e+00  0.000000e+00  0.000000e+00  0.000000e+00  4.060000e-02  0.000000e+00  0.000000e+00  0.000000e+00  0.000000e+00
8.727917e-01  0.000000e+00  0.000000e+00  4.030000e-02  0.000000e+00  0.000000e+00  0.000000e+00  0.000000e+00  0.000000e+00  0.000000e+00  4.030000e-02  0.000000e+00  0.000000e+00  0.000000e+00  0.000000e+00
9.164349e-01  0.000000e+00  0.000000e+00  3.670000e-02  0.000000e+00  0.000000e+00  0.000000e+00  0.000000e+00  0.000000e+00  0.000000e+00  3.670000e-02  0.000000e+00  0.000000e+00  0.000000e+00  0.000000e+00
9.622604e-01  0.000000e+00  0.000000e+00  4.500000e-02  0.000000e+00  0.000000e+00  0.000000e+00  0.000000e+00  0.000000e+00  0.000000e+00  4.500000e-02  0.000000e+00  0.000000e+00  0.000000e+00  0.000000e+00
1.010377e+00  0.000000e+00  0.000000e+00  4.260000e-02  0.000000e+00  0.000000e+00  0.000000e+00  0.000000e+00  0.000000e+00  0.000000e+00  4.260000e-02  0.000000e+00  0.000000e+00  0.000000e+00  0.000000e+00
1.060900e+00  0.000000e+00  0.000000e+00  4.300000e-02  0.000000e+00  0.000000e+00  0.000000e+00  0.000000e+00  0.000000e+00  1.250000e-02  4.300000e-02  0.000000e+00  0.000000e+00  0.000000e+00  0.000000e+00
1.113950e+00  0.000000e+00  0.000000e+00  4.450000e-02  0.000000e+00  0.000000e+00  0.000000e+00  0.000000e+00  0.000000e+00  1.770000e-02  4.450000e-02  0.000000e+00  0.000000e+00  0.000000e+00  0.000000e+00
1.169652e+00  0.000000e+00  0.000000e+00  3.820000e-02  0.000000e+00  0.000000e+00  0.000000e+00  0.000000e+00  0.000000e+00  2.300000e-02  3.820000e-02  0.000000e+00  0.000000e+00  0.000000e+00  0.000000e+00
1.228139e+00  0.000000e+00  0.000000e+00  3.500000e-02  0.000000e+00  0.000000e+00  0.000000e+00  0.000000e+00  0.000000e+00  2.640000e-02  3.500000e-02  0.000000e+00  0.000000e+00  0.000000e+00  0.000000e+00
1.289551e+00  0.000000e+00  0.000000e+00  2.610000e-02  0.000000e+00  0.000000e+00  0.000000e+00  0.000000e+00  0.000000e+00  3.360000e-02  3.120000e-02  0.000000e+00  0.000000e+00  0.000000e+00  0.000000e+00
1.354034e+00  0.000000e+00  1.470000e-02  0.000000e+00  0.000000e+00  0.000000e+00  0.000000e+00  0.000000e+00  0.000000e+00  3.650000e-02  2.520000e-02  0.000000e+00  0.000000e+00  0.000000e+00  0.000000e+00
1.421742e+00  0.000000e+00  3.450000e-02  0.000000e+00  0.000000e+00  0.000000e+00  0.000000e+00  0.000000e+00  0.000000e+00  3.450000e-02  2.290000e-02  0.000000e+00  0.000000e+00  0.000000e+00  0.000000e+00
1.492834e+00  0.000000e+00  3.480000e-02  0.000000e+00  0.000000e+00  0.000000e+00  0.000000e+00  0.000000e+00  0.000000e+00  3.480000e-02  2.030000e-02  0.000000e+00  0.000000e+00  0.000000e+00  0.000000e+00
1.567482e+00  0.000000e+00  3.690000e-02  0.000000e+00  0.000000e+00  0.000000e+00  0.000000e+00  0.000000e+00  0.000000e+00  3.690000e-02  1.680000e-02  0.000000e+00  0.000000e+00  0.000000e+00  0.000000e+00
1.645863e+00  0.000000e+00  3.800000e-02  0.000000e+00  0.000000e+00  0.000000e+00  0.000000e+00  0.000000e+00  0.000000e+00  3.800000e-02  1.150000e-02  0.000000e+00  0.000000e+00  0.000000e+00  0.000000e+00
1.728163e+00  0.000000e+00  3.640000e-02  0.000000e+00  0.000000e+00  0.000000e+00  0.000000e+00  0.000000e+00  0.000000e+00  3.640000e-02  9.100000e-03  0.000000e+00  0.000000e+00  0.000000e+00  0.000000e+00
1.814578e+00  0.000000e+00  3.770000e-02  0.000000e+00  0.000000e+00  0.000000e+00  0.000000e+00  0.000000e+00  0.000000e+00  3.770000e-02  8.500000e-03  0.000000e+00  0.000000e+00  0.000000e+00  0.000000e+00
1.905314e+00  0.000000e+00  4.150000e-02  0.000000e+00  0.000000e+00  0.000000e+00  0.000000e+00  0.000000e+00  0.000000e+00  4.150000e-02  8.300000e-03  0.000000e+00  0.000000e+00  0.000000e+00  0.000000e+00
2.000588e+00  0.000000e+00  3.920000e-02  0.000000e+00  0.000000e+00  0.000000e+00  0.000000e+00  0.000000e+00  0.000000e+00  3.920000e-02  5.900000e-03  0.000000e+00  0.000000e+00  0.000000e+00  0.000000e+00
2.100626e+00  0.000000e+00  4.240000e-02  0.000000e+00  0.000000e+00  0.000000e+00  0.000000e+00  0.000000e+00  0.000000e+00  4.240000e-02  1.400000e-03  0.000000e+00  0.000000e+00  0.000000e+00  0.000000e+00
2.205666e+00  0.000000e+00  4.060000e-02  0.000000e+00  0.000000e+00  0.000000e+00  0.000000e+00  0.000000e+00  0.000000e+00  4.060000e-02  0.000000e+00  0.000000e+00  0.000000e+00  0.000000e+00  0.000000e+00
2.315958e+00  0.000000e+00  4.320000e-02  0.000000e+00  0.000000e+00  0.000000e+00  0.000000e+00  0.000000e+00  0.000000e+00  4.320000e-02  0.000000e+00  0.000000e+00  0.000000e+00  0.000000e+00  0.000000e+00
2.431765e+00  0.000000e+00  4.440000e-02  0.000000e+00  0.000000e+00  0.000000e+00  0.000000e+00  0.000000e+00  0.000000e+00  4.440000e-02  0.000000e+00  0.000000e+00  0.000000e+00  0.000000e+00  0.000000e+00
2.553364e+00  0.000000e+00  4.670000e-02  0.000000e+00  0.000000e+00  0.000000e+00  0.000000e+00  0.000000e+00  0.000000e+00  4.670000e-02  0.000000e+00  0.000000e+00  0.000000e+00  0.000000e+00  0.000000e+00
2.681042e+00  0.000000e+00  4.310000e-02  0.000000e+00  0.000000e+00  0.000000e+00  0.000000e+00  0.000000e+00  0.000000e+00  4.310000e-02  0.000000e+00  0.000000e+00  0.000000e+00  0.000000e+00  0.000000e+00
2.815106e+00  0.000000e+00  4.020000e-02  0.000000e+00  0.000000e+00  0.000000e+00  0.000000e+00  0.000000e+00  0.000000e+00  4.020000e-02  0.000000e+00  0.000000e+00  0.000000e+00  0.000000e+00  0.000000e+00
2.955873e+00  0.000000e+00  3.760000e-02  0.000000e+00  0.000000e+00  0.000000e+00  0.000000e+00  0.000000e+00  0.000000e+00  3.760000e-02  0.000000e+00  0.000000e+00  0.000000e+00  0.000000e+00  0.000000e+00
3.103678e+00  0.000000e+00  2.810000e-02  0.000000e+00  0.000000e+00  0.000000e+00  0.000000e+00  0.000000e+00  0.000000e+00  3.140000e-02  0.000000e+00  0.000000e+00  0.000000e+00  0.000000e+00  0.000000e+00
3.258875e+00  0.000000e+00  0.000000e+00  0.000000e+00  0.000000e+00  0.000000e+00  0.000000e+00  0.000000e+00  0.000000e+00  2.450000e-02  0.000000e+00  0.000000e+00  0.000000e+00  0.000000e+00  0.000000e+00
3.421832e+00  0.000000e+00  0.000000e+00  0.000000e+00  0.000000e+00  0.000000e+00  0.000000e+00  0.000000e+00  0.000000e+00  2.180000e-02  0.000000e+00  0.000000e+00  0.000000e+00  0.000000e+00  0.000000e+00
3.592938e+00  0.000000e+00  0.000000e+00  0.000000e+00  0.000000e+00  0.000000e+00  0.000000e+00  0.000000e+00  0.000000e+00  2.090000e-02  0.000000e+00  0.000000e+00  0.000000e+00  0.000000e+00  0.000000e+00
3.772600e+00  0.000000e+00  0.000000e+00  0.000000e+00  0.000000e+00  0.000000e+00  0.000000e+00  0.000000e+00  0.000000e+00  1.790000e-02  0.000000e+00  0.000000e+00  0.000000e+00  0.000000e+00  0.000000e+00
3.961245e+00  0.000000e+00  0.000000e+00  0.000000e+00  0.000000e+00  0.000000e+00  0.000000e+00  0.000000e+00  0.000000e+00  1.100000e-02  0.000000e+00  0.000000e+00  0.000000e+00  0.000000e+00  0.000000e+00
4.159324e+00  0.000000e+00  0.000000e+00  0.000000e+00  0.000000e+00  0.000000e+00  0.000000e+00  0.000000e+00  0.000000e+00  9.900000e-03  0.000000e+00  0.000000e+00  0.000000e+00  0.000000e+00  0.000000e+00
4.367307e+00  0.000000e+00  0.000000e+00  0.000000e+00  0.000000e+00  0.000000e+00  0.000000e+00  0.000000e+00  0.000000e+00  9.300000e-03  0.000000e+00  0.000000e+00  0.000000e+00  0.000000e+00  0.000000e+00
4.585691e+00  0.000000e+00  0.000000e+00  0.000000e+00  0.000000e+00  0.000000e+00  0.000000e+00  0.000000e+00  0.000000e+00  7.400000e-03  0.000000e+00  0.000000e+00  0.000000e+00  0.000000e+00  0.000000e+00
4.814994e+00  0.000000e+00  0.000000e+00  0.000000e+00  0.000000e+00  0.000000e+00  0.000000e+00  0.000000e+00  0.000000e+00  6.300000e-03  0.000000e+00  0.000000e+00  0.000000e+00  0.000000e+00  0.000000e+00
5.055764e+00  0.000000e+00  0.000000e+00  0.000000e+00  0.000000e+00  0.000000e+00  0.000000e+00  0.000000e+00  0.000000e+00  2.700000e-03  0.000000e+00  0.000000e+00  0.000000e+00  0.000000e+00  0.000000e+00
5.308573e+00  0.000000e+00  0.000000e+00  0.000000e+00  0.000000e+00  0.000000e+00  0.000000e+00  0.000000e+00  0.000000e+00  0.000000e+00  0.000000e+00  0.000000e+00  0.000000e+00  0.000000e+00  0.000000e+00
5.574023e+00  0.000000e+00  0.000000e+00  0.000000e+00  0.000000e+00  0.000000e+00  0.000000e+00  0.000000e+00  0.000000e+00  0.000000e+00  0.000000e+00  0.000000e+00  0.000000e+00  0.000000e+00  0.000000e+00
5.852747e+00  0.000000e+00  0.000000e+00  0.000000e+00  0.000000e+00  0.000000e+00  0.000000e+00  0.000000e+00  5.000000e-03  0.000000e+00  0.000000e+00  0.000000e+00  0.000000e+00  0.000000e+00  0.000000e+00
6.145409e+00  0.000000e+00  0.000000e+00  0.000000e+00  0.000000e+00  0.000000e+00  0.000000e+00  0.000000e+00  1.690000e-02  0.000000e+00  0.000000e+00  0.000000e+00  0.000000e+00  0.000000e+00  0.000000e+00
6.452704e+00  0.000000e+00  0.000000e+00  0.000000e+00  0.000000e+00  0.000000e+00  0.000000e+00  0.000000e+00  2.160000e-02  0.000000e+00  0.000000e+00  0.000000e+00  0.000000e+00  0.000000e+00  0.000000e+00
6.775366e+00  0.000000e+00  0.000000e+00  0.000000e+00  0.000000e+00  0.000000e+00  0.000000e+00  0.000000e+00  2.880000e-02  0.000000e+00  0.000000e+00  0.000000e+00  0.000000e+00  0.000000e+00  0.000000e+00
7.114163e+00  0.000000e+00  0.000000e+00  0.000000e+00  0.000000e+00  0.000000e+00  0.000000e+00  0.000000e+00  2.980000e-02  0.000000e+00  0.000000e+00  0.000000e+00  0.000000e+00  0.000000e+00  0.000000e+00
7.469900e+00  3.000000e-03  0.000000e+00  0.000000e+00  0.000000e+00  0.000000e+00  0.000000e+00  0.000000e+00  3.590000e-02  0.000000e+00  0.000000e+00  0.000000e+00  0.000000e+00  0.000000e+00  0.000000e+00
7.843426e+00  4.080000e-02  0.000000e+00  0.000000e+00  0.000000e+00  0.000000e+00  0.000000e+00  0.000000e+00  4.080000e-02  0.000000e+00  0.000000e+00  0.000000e+00  0.000000e+00  0.000000e+00  0.000000e+00
8.235629e+00  4.190000e-02  0.000000e+00  0.000000e+00  0.000000e+00  0.000000e+00  0.000000e+00  0.000000e+00  4.190000e-02  0.000000e+00  0.000000e+00  0.000000e+00  0.000000e+00  0.000000e+00  0.000000e+00
8.647445e+00  3.990000e-02  0.000000e+00  0.000000e+00  0.000000e+00  0.000000e+00  0.000000e+00  0.000000e+00  3.990000e-02  0.000000e+00  0.000000e+00  0.000000e+00  0.000000e+00  0.000000e+00  0.000000e+00
9.079853e+00  4.110000e-02  0.000000e+00  0.000000e+00  0.000000e+00  0.000000e+00  0.000000e+00  0.000000e+00  4.110000e-02  0.000000e+00  0.000000e+00  0.000000e+00  0.000000e+00  0.000000e+00  0.000000e+00
9.533883e+00  4.130000e-02  0.000000e+00  0.000000e+00  0.000000e+00  0.000000e+00  0.000000e+00  0.000000e+00  4.130000e-02  0.000000e+00  0.000000e+00  0.000000e+00  0.000000e+00  0.000000e+00  0.000000e+00
1.001062e+01  4.010000e-02  0.000000e+00  0.000000e+00  0.000000e+00  0.000000e+00  0.000000e+00  0.000000e+00  4.010000e-02  0.000000e+00  0.000000e+00  0.000000e+00  0.000000e+00  0.000000e+00  0.000000e+00
1.051119e+01  4.190000e-02  0.000000e+00  0.000000e+00  0.000000e+00  0.000000e+00  0.000000e+00  0.000000e+00  4.190000e-02  0.000000e+00  0.000000e+00  0.000000e+00  0.000000e+00  0.000000e+00  0.000000e+00
1.103679e+01  4.550000e-02  0.000000e+00  0.000000e+00  0.000000e+00  0.000000e+00  0.000000e+00  0.000000e+00  4.550000e-02  0.000000e+00  0.000000e+00  0.000000e+00  0.000000e+00  0.000000e+00  0.000000e+00
1.158868e+01  4.480000e-02  0.000000e+00  0.000000e+00  0.000000e+00  0.000000e+00  0.000000e+00  0.000000e+00  4.480000e-02  0.000000e+00  0.000000e+00  0.000000e+00  0.000000e+00  0.000000e+00  0.000000e+00
1.216816e+01  4.990000e-02  0.000000e+00  0.000000e+00  0.000000e+00  0.000000e+00  0.000000e+00  0.000000e+00  4.990000e-02  0.000000e+00  0.000000e+00  0.000000e+00  0.000000e+00  0.000000e+00  0.000000e+00
1.277662e+01  5.080000e-02  0.000000e+00  0.000000e+00  0.000000e+00  0.000000e+00  0.000000e+00  0.000000e+00  5.080000e-02  0.000000e+00  0.000000e+00  0.000000e+00  0.000000e+00  0.000000e+00  0.000000e+00
1.341550e+01  4.920000e-02  0.000000e+00  0.000000e+00  0.000000e+00  0.000000e+00  0.000000e+00  0.000000e+00  4.920000e-02  0.000000e+00  0.000000e+00  0.000000e+00  0.000000e+00  0.000000e+00  0.000000e+00
1.408633e+01  4.590000e-02  0.000000e+00  0.000000e+00  0.000000e+00  0.000000e+00  0.000000e+00  0.000000e+00  4.590000e-02  0.000000e+00  0.000000e+00  0.000000e+00  0.000000e+00  0.000000e+00  0.000000e+00
1.479070e+01  4.370000e-02  0.000000e+00  0.000000e+00  0.000000e+00  0.000000e+00  0.000000e+00  0.000000e+00  4.370000e-02  0.000000e+00  0.000000e+00  0.000000e+00  0.000000e+00  0.000000e+00  0.000000e+00
1.553030e+01  3.830000e-02  0.000000e+00  0.000000e+00  0.000000e+00  0.000000e+00  0.000000e+00  0.000000e+00  3.830000e-02  0.000000e+00  0.000000e+00  0.000000e+00  0.000000e+00  0.000000e+00  0.000000e+00
1.630688e+01  2.190000e-02  0.000000e+00  0.000000e+00  0.000000e+00  0.000000e+00  0.000000e+00  0.000000e+00  3.270000e-02  0.000000e+00  0.000000e+00  0.000000e+00  0.000000e+00  0.000000e+00  0.000000e+00
1.712229e+01  0.000000e+00  0.000000e+00  0.000000e+00  0.000000e+00  0.000000e+00  0.000000e+00  0.000000e+00  2.610000e-02  0.000000e+00  0.000000e+00  0.000000e+00  0.000000e+00  0.000000e+00  0.000000e+00
1.797848e+01  0.000000e+00  0.000000e+00  0.000000e+00  0.000000e+00  0.000000e+00  0.000000e+00  0.000000e+00  2.000000e-02  0.000000e+00  0.000000e+00  0.000000e+00  0.000000e+00  0.000000e+00  0.000000e+00
1.887747e+01  0.000000e+00  0.000000e+00  0.000000e+00  0.000000e+00  0.000000e+00  0.000000e+00  0.000000e+00  1.850000e-02  0.000000e+00  0.000000e+00  0.000000e+00  0.000000e+00  0.000000e+00  0.000000e+00
1.982143e+01  0.000000e+00  0.000000e+00  0.000000e+00  0.000000e+00  0.000000e+00  0.000000e+00  0.000000e+00  1.360000e-02  0.000000e+00  0.000000e+00  0.000000e+00  0.000000e+00  0.000000e+00  0.000000e+00
2.081258e+01  0.000000e+00  0.000000e+00  0.000000e+00  0.000000e+00  0.000000e+00  0.000000e+00  0.000000e+00  1.090000e-02  0.000000e+00  0.000000e+00  0.000000e+00  0.000000e+00  0.000000e+00  0.000000e+00
2.185329e+01  0.000000e+00  0.000000e+00  0.000000e+00  0.000000e+00  0.000000e+00  0.000000e+00  0.000000e+00  1.000000e-02  0.000000e+00  0.000000e+00  0.000000e+00  0.000000e+00  0.000000e+00  0.000000e+00
2.294605e+01  0.000000e+00  0.000000e+00  0.000000e+00  0.000000e+00  0.000000e+00  0.000000e+00  0.000000e+00  7.800000e-03  0.000000e+00  0.000000e+00  0.000000e+00  0.000000e+00  0.000000e+00  0.000000e+00
2.409344e+01  0.000000e+00  0.000000e+00  0.000000e+00  0.000000e+00  0.000000e+00  0.000000e+00  0.000000e+00  6.600000e-03  0.000000e+00  0.000000e+00  0.000000e+00  0.000000e+00  0.000000e+00  0.000000e+00
2.529822e+01  0.000000e+00  0.000000e+00  0.000000e+00  0.000000e+00  0.000000e+00  0.000000e+00  0.000000e+00  5.900000e-03  0.000000e+00  0.000000e+00  0.000000e+00  0.000000e+00  0.000000e+00  0.000000e+00
2.656323e+01  0.000000e+00  0.000000e+00  0.000000e+00  0.000000e+00  0.000000e+00  0.000000e+00  0.000000e+00  4.800000e-03  0.000000e+00  0.000000e+00  0.000000e+00  0.000000e+00  0.000000e+00  0.000000e+00
