5.590056e-03  0.000000e+00  0.000000e+00  0.000000e+00  0.000000e+00  0.000000e+00  0.000000e+00  0.000000e+00  0.000000e+00  0.000000e+00  0.000000e+00  0.000000e+00  0.000000e+00  0.000000e+00  3.942943e-03
5.840366e-03  0.000000e+00  0.000000e+00  0.000000e+00  0.000000e+00  0.000000e+00  0.000000e+00  0.000000e+00  0.000000e+00  0.000000e+00  0.000000e+00  0.000000e+00  0.000000e+00  0.000000e+00  4.058912e-03
6.101885e-03  0.000000e+00  0.000000e+00  0.000000e+00  0.000000e+00  0.000000e+00  0.000000e+00  0.000000e+00  0.000000e+00  0.000000e+00  0.000000e+00  0.000000e+00  0.000000e+00  0.000000e+00  3.826974e-03
6.375113e-03  0.000000e+00  0.000000e+00  0.000000e+00  0.000000e+00  0.000000e+00  0.000000e+00  0.000000e+00  0.000000e+00  0.000000e+00  0.000000e+00  0.000000e+00  0.000000e+00  0.000000e+00  5.334570e-03
6.660577e-03  0.000000e+00  0.000000e+00  0.000000e+00  0.000000e+00  0.000000e+00  0.000000e+00  0.000000e+00  0.000000e+00  0.000000e+00  0.000000e+00  0.000000e+00  0.000000e+00  0.000000e+00  5.450539e-03
6.958823e-03  0.000000e+00  0.000000e+00  0.000000e+00  0.000000e+00  0.000000e+00  0.000000e+00  0.000000e+00  0.000000e+00  0.000000e+00  0.000000e+00  0.000000e+00  0.000000e+00  0.000000e+00  5.102632e-03
7.270423e-03  0.000000e+00  0.000000e+00  0.000000e+00  0.000000e+00  0.000000e+00  0.000000e+00  0.000000e+00  0.000000e+00  0.000000e+00  0.000000e+00  0.000000e+00  0.000000e+00  0.000000e+00  6.726197e-03
7.595977e-03  0.000000e+00  0.000000e+00  0.000000e+00  0.000000e+00  0.000000e+00  0.000000e+00  0.000000e+00  0.000000e+00  0.000000e+00  0.000000e+00  0.000000e+00  0.000000e+00  0.000000e+00  8.813638e-03
7.936108e-03  0.000000e+00  0.000000e+00  0.000000e+00  0.000000e+00  0.000000e+00  0.000000e+00  0.000000e+00  0.000000e+00  0.000000e+00  0.000000e+00  0.000000e+00  0.000000e+00  0.000000e+00  8.697669e-03
8.291469e-03  0.000000e+00  0.000000e+00  0.000000e+00  0.000000e+00  0.000000e+00  0.000000e+00  0.000000e+00  0.000000e+00  0.000000e+00  0.000000e+00  0.000000e+00  0.000000e+00  0.000000e+00  9.973327e-03
8.662743e-03  0.000000e+00  0.000000e+00  0.000000e+00  0.000000e+00  0.000000e+00  0.000000e+00  0.000000e+00  0.000000e+00  0.000000e+00  0.000000e+00  0.000000e+00  0.000000e+00  0.000000e+00  1.008930e-02
9.050641e-03  0.000000e+00  0.000000e+00  0.000000e+00  0.000000e+00  0.000000e+00  0.000000e+00  0.000000e+00  0.000000e+00  0.000000e+00  0.000000e+00  0.000000e+00  0.000000e+00  0.000000e+00  1.020526e-02
9.455909e-03  0.000000e+00  0.000000e+00  0.000000e+00  0.000000e+00  0.000000e+00  0.000000e+00  0.000000e+00  0.000000e+00  0.000000e+00  0.000000e+00  0.000000e+00  0.000000e+00  0.000000e+00  1.101705e-02
9.879324e-03  0.000000e+00  0.000000e+00  0.000000e+00  0.000000e+00  0.000000e+00  0.000000e+00  0.000000e+00  0.000000e+00  0.000000e+00  0.000000e+00  0.000000e+00  0.000000e+00  0.000000e+00  1.194480e-02
1.032170e-02  0.000000e+00  0.000000e+00  0.000000e+00  0.000000e+00  0.000000e+00  0.000000e+00  0.000000e+00  0.000000e+00  0.000000e+00  0.000000e+00  0.000000e+00  0.000000e+00  0.000000e+00  1.287255e-02
1.078388e-02  0.000000e+00  0.000000e+00  0.000000e+00  0.000000e+00  0.000000e+00  0.000000e+00  0.000000e+00  0.000000e+00  0.000000e+00  0.000000e+00  0.000000e+00  0.000000e+00  0.000000e+00  1.264061e-02
1.126676e-02  0.000000e+00  0.000000e+00  0.000000e+00  0.000000e+00  0.000000e+00  0.000000e+00  9.857358e-03  0.000000e+00  0.000000e+00  0.000000e+00  0.000000e+00  0.000000e+00  0.000000e+00  1.414821e-02
1.177126e-02  0.000000e+00  0.000000e+00  0.000000e+00  0.000000e+00  0.000000e+00  0.000000e+00  1.403224e-02  0.000000e+00  0.000000e+00  0.000000e+00  0.000000e+00  0.000000e+00  0.000000e+00  1.403224e-02
1.229835e-02  0.000000e+00  0.000000e+00  0.000000e+00  0.000000e+00  0.000000e+00  0.000000e+00  1.322046e-02  0.000000e+00  0.000000e+00  0.000000e+00  0.000000e+00  0.000000e+00  0.000000e+00  1.322046e-02
1.284904e-02  0.000000e+00  0.000000e+00  0.000000e+00  0.000000e+00  0.000000e+00  0.000000e+00  1.600371e-02  0.000000e+00  0.000000e+00  0.000000e+00  0.000000e+00  0.000000e+00  0.000000e+00  1.600371e-02
1.342440e-02  0.000000e+00  0.000000e+00  0.000000e+00  0.000000e+00  0.000000e+00  0.000000e+00  1.229271e-02  0.000000e+00  0.000000e+00  0.000000e+00  0.000000e+00  0.000000e+00  0.000000e+00  1.229271e-02
1.402551e-02  0.000000e+00  0.000000e+00  0.000000e+00  0.000000e+00  0.000000e+00  0.000000e+00  1.704743e-02  0.000000e+00  0.000000e+00  0.000000e+00  0.000000e+00  0.000000e+00  0.000000e+00  1.704743e-02
1.465354e-02  0.000000e+00  0.000000e+00  0.000000e+00  0.000000e+00  0.000000e+00  0.000000e+00  1.716340e-02  0.000000e+00  0.000000e+00  0.000000e+00  0.000000e+00  0.000000e+00  0.000000e+00  1.716340e-02
1.530969e-02  0.000000e+00  0.000000e+00  0.000000e+00  0.000000e+00  0.000000e+00  0.000000e+00  1.913487e-02  0.000000e+00  0.000000e+00  0.000000e+00  0.000000e+00  0.000000e+00  0.000000e+00  1.913487e-02
1.599523e-02  0.000000e+00  0.000000e+00  0.000000e+00  0.000000e+00  0.000000e+00  0.000000e+00  1.693146e-02  0.000000e+00  0.000000e+00  0.000000e+00  0.000000e+00  0.000000e+00  0.000000e+00  1.693146e-02
1.671146e-02  0.000000e+00  0.000000e+00  0.000000e+00  0.000000e+00  0.000000e+00  0.000000e+00  2.041053e-02  0.000000e+00  0.000000e+00  0.000000e+00  0.000000e+00  0.000000e+00  0.000000e+00  2.041053e-02
1.745976e-02  0.000000e+00  0.000000e+00  0.000000e+00  0.000000e+00  0.000000e+00  0.000000e+00  1.901890e-02  0.000000e+00  0.000000e+00  0.000000e+00  0.000000e+00  0.000000e+00  0.000000e+00  1.901890e-02
1.824157e-02  0.000000e+00  0.000000e+00  0.000000e+00  0.000000e+00  0.000000e+00  0.000000e+00  1.890293e-02  0.000000e+00  0.000000e+00  0.000000e+00  0.000000e+00  0.000000e+00  0.000000e+00  1.890293e-02
1.905839e-02  0.000000e+00  0.000000e+00  0.000000e+00  0.000000e+00  0.000000e+00  0.000000e+00  1.832309e-02  0.000000e+00  0.000000e+00  0.000000e+00  0.000000e+00  0.000000e+00  5.102632e-03  1.832309e-02
1.991178e-02  0.000000e+00  0.000000e+00  0.000000e+00  0.000000e+00  0.000000e+00  0.000000e+00  1.948278e-02  0.000000e+00  0.000000e+00  0.000000e+00  0.000000e+00  0.000000e+00  5.914415e-03  1.948278e-02
2.080339e-02  0.000000e+00  0.000000e+00  0.000000e+00  0.000000e+00  0.000000e+00  0.000000e+00  2.215006e-02  0.000000e+00  0.000000e+00  0.000000e+00  0.000000e+00  0.000000e+00  6.958135e-03  2.215006e-02
2.173492e-02  0.000000e+00  0.000000e+00  0.000000e+00  0.000000e+00  0.000000e+00  0.000000e+00  2.435347e-02  0.000000e+00  0.000000e+00  0.000000e+00  0.000000e+00  0.000000e+00  9.857358e-03  2.435347e-02
2.270816e-02  0.000000e+00  0.000000e+00  0.000000e+00  0.000000e+00  0.000000e+00  0.000000e+00  2.006262e-02  0.000000e+00  0.000000e+00  0.000000e+00  0.000000e+00  0.000000e+00  9.277514e-03  2.006262e-02
2.372498e-02  0.000000e+00  0.000000e+00  0.000000e+00  0.000000e+00  0.000000e+00  0.000000e+00  2.203409e-02  0.000000e+00  0.000000e+00  0.000000e+00  0.000000e+00  0.000000e+00  9.857358e-03  2.203409e-02
2.478733e-02  0.000000e+00  0.000000e+00  0.000000e+00  0.000000e+00  0.000000e+00  0.000000e+00  1.983069e-02  0.000000e+00  0.000000e+00  0.000000e+00  0.000000e+00  0.000000e+00  9.741389e-03  1.983069e-02
2.589725e-02  0.000000e+00  0.000000e+00  0.000000e+00  0.000000e+00  0.000000e+00  0.000000e+00  2.272991e-02  0.000000e+00  0.000000e+00  0.000000e+00  0.000000e+00  0.000000e+00  1.136495e-02  2.272991e-02
2.705687e-02  0.000000e+00  0.000000e+00  0.000000e+00  0.000000e+00  0.000000e+00  0.000000e+00  2.400557e-02  0.000000e+00  0.000000e+00  0.000000e+00  0.000000e+00  0.000000e+00  1.124899e-02  2.400557e-02
2.826842e-02  0.000000e+00  0.000000e+00  0.000000e+00  0.000000e+00  0.000000e+00  0.000000e+00  2.145425e-02  0.000000e+00  0.000000e+00  0.000000e+00  0.000000e+00  4.406819e-03  1.287255e-02  2.145425e-02
2.953422e-02  0.000000e+00  0.000000e+00  0.000000e+00  0.000000e+00  0.000000e+00  0.000000e+00  2.296185e-02  0.000000e+00  0.000000e+00  0.000000e+00  0.000000e+00  6.610228e-03  1.530790e-02  2.296185e-02
3.085669e-02  0.000000e+00  0.000000e+00  0.000000e+00  0.000000e+00  0.000000e+00  0.000000e+00  2.284588e-02  0.000000e+00  0.000000e+00  0.000000e+00  0.000000e+00  7.190073e-03  1.414821e-02  2.284588e-02
3.223839e-02  0.000000e+00  0.000000e+00  0.000000e+00  0.000000e+00  0.000000e+00  3.247130e-03  2.226603e-02  0.000000e+00  0.000000e+00  0.000000e+00  0.000000e+00  7.537980e-03  1.658356e-02  2.226603e-02
3.368195e-02  0.000000e+00  0.000000e+00  0.000000e+00  0.000000e+00  0.000000e+00  1.716340e-02  2.296185e-02  0.000000e+00  0.000000e+00  0.000000e+00  0.000000e+00  8.697669e-03  1.716340e-02  2.296185e-02
3.519016e-02  0.000000e+00  0.000000e+00  0.000000e+00  0.000000e+00  0.000000e+00  1.704743e-02  2.052650e-02  0.000000e+00  0.000000e+00  0.000000e+00  0.000000e+00  9.393483e-03  1.704743e-02  2.052650e-02
3.676589e-02  0.000000e+00  0.000000e+00  0.000000e+00  0.000000e+00  0.000000e+00  1.832309e-02  2.435347e-02  0.000000e+00  0.000000e+00  0.000000e+00  0.000000e+00  1.090108e-02  1.832309e-02  2.435347e-02
3.841219e-02  0.000000e+00  0.000000e+00  0.000000e+00  0.000000e+00  0.000000e+00  1.959875e-02  2.006262e-02  0.000000e+00  0.000000e+00  0.000000e+00  0.000000e+00  1.043720e-02  1.959875e-02  2.006262e-02
4.013220e-02  0.000000e+00  0.000000e+00  0.000000e+00  0.000000e+00  0.000000e+00  2.261394e-02  2.319378e-02  0.000000e+00  0.000000e+00  0.000000e+00  0.000000e+00  1.275658e-02  2.261394e-02  2.319378e-02
4.192923e-02  0.000000e+00  0.000000e+00  0.000000e+00  0.000000e+00  0.000000e+00  1.971472e-02  2.017859e-02  0.000000e+00  0.000000e+00  0.000000e+00  0.000000e+00  1.530790e-02  1.971472e-02  2.017859e-02
4.380673e-02  0.000000e+00  0.000000e+00  0.000000e+00  0.000000e+00  0.000000e+00  2.365766e-02  2.099037e-02  0.000000e+00  0.000000e+00  0.000000e+00  0.000000e+00  1.414821e-02  2.365766e-02  2.099037e-02
4.576830e-02  0.000000e+00  0.000000e+00  0.000000e+00  0.000000e+00  0.000000e+00  2.342572e-02  1.983069e-02  0.000000e+00  0.000000e+00  0.000000e+00  0.000000e+00  1.646759e-02  2.342572e-02  1.983069e-02
4.781770e-02  0.000000e+00  0.000000e+00  0.000000e+00  0.000000e+00  2.899223e-03  2.609301e-02  1.832309e-02  0.000000e+00  0.000000e+00  0.000000e+00  8.117824e-04  1.403224e-02  2.609301e-02  1.832309e-02
4.995887e-02  0.000000e+00  0.000000e+00  0.000000e+00  0.000000e+00  1.820712e-02  2.864432e-02  1.298852e-02  0.000000e+00  0.000000e+00  0.000000e+00  6.494260e-03  1.820712e-02  2.864432e-02  1.669952e-02
5.219592e-02  0.000000e+00  0.000000e+00  0.000000e+00  0.000000e+00  1.693146e-02  3.131161e-02  0.000000e+00  0.000000e+00  0.000000e+00  0.000000e+00  7.769918e-03  1.693146e-02  3.131161e-02  1.484402e-02
5.453314e-02  0.000000e+00  0.000000e+00  0.000000e+00  0.000000e+00  2.041053e-02  2.644091e-02  0.000000e+00  0.000000e+00  0.000000e+00  0.000000e+00  7.653949e-03  2.041053e-02  2.644091e-02  1.553984e-02
5.697501e-02  0.000000e+00  0.000000e+00  0.000000e+00  0.000000e+00  2.261394e-02  2.690479e-02  0.000000e+00  0.000000e+00  0.000000e+00  0.000000e+00  9.045576e-03  2.261394e-02  2.690479e-02  1.426418e-02
5.952623e-02  0.000000e+00  0.000000e+00  0.000000e+00  0.000000e+00  2.296185e-02  2.783254e-02  0.000000e+00  0.000000e+00  0.000000e+00  0.000000e+00  1.136495e-02  2.296185e-02  2.783254e-02  1.090108e-02
6.219168e-02  0.000000e+00  0.000000e+00  0.000000e+00  0.000000e+00  2.342572e-02  2.609301e-02  0.000000e+00  0.000000e+00  0.000000e+00  0.000000e+00  1.113302e-02  2.342572e-02  2.609301e-02  1.368433e-02
6.497648e-02  0.000000e+00  0.000000e+00  0.000000e+00  0.000000e+00  2.446944e-02  2.748463e-02  0.000000e+00  0.000000e+00  0.000000e+00  0.000000e+00  1.124899e-02  2.446944e-02  2.748463e-02  1.136495e-02
6.788599e-02  0.000000e+00  0.000000e+00  0.000000e+00  0.000000e+00  2.829642e-02  3.189145e-02  0.000000e+00  0.000000e+00  0.000000e+00  0.000000e+00  1.403224e-02  2.829642e-02  3.189145e-02  1.066914e-02
7.092577e-02  0.000000e+00  0.000000e+00  0.000000e+00  0.000000e+00  2.899223e-02  2.678882e-02  0.000000e+00  0.000000e+00  0.000000e+00  0.000000e+00  1.101705e-02  2.899223e-02  2.678882e-02  1.043720e-02
7.410167e-02  0.000000e+00  0.000000e+00  0.000000e+00  0.000000e+00  2.922417e-02  2.760060e-02  0.000000e+00  0.000000e+00  0.000000e+00  0.000000e+00  1.472805e-02  2.922417e-02  2.760060e-02  9.161545e-03
7.741978e-02  0.000000e+00  0.000000e+00  0.000000e+00  0.000000e+00  3.038386e-02  2.841239e-02  0.000000e+00  0.000000e+00  0.000000e+00  0.000000e+00  1.785921e-02  3.038386e-02  2.841239e-02  7.537980e-03
8.088647e-02  0.000000e+00  0.000000e+00  0.000000e+00  7.537980e-03  3.363099e-02  2.423750e-02  0.000000e+00  0.000000e+00  0.000000e+00  0.000000e+00  1.936681e-02  3.363099e-02  2.423750e-02  6.262322e-03
8.450838e-02  0.000000e+00  0.000000e+00  0.000000e+00  1.948278e-02  3.258727e-02  2.423750e-02  0.000000e+00  0.000000e+00  0.000000e+00  0.000000e+00  1.948278e-02  3.258727e-02  2.423750e-02  6.146353e-03
8.829248e-02  0.000000e+00  0.000000e+00  0.000000e+00  2.075844e-02  2.968804e-02  2.238200e-02  0.000000e+00  0.000000e+00  0.000000e+00  0.000000e+00  2.075844e-02  2.968804e-02  2.238200e-02  4.638757e-04
9.224602e-02  0.000000e+00  0.000000e+00  0.000000e+00  2.319378e-02  2.829642e-02  2.504929e-02  0.000000e+00  0.000000e+00  0.000000e+00  0.000000e+00  2.319378e-02  2.829642e-02  2.504929e-02  0.000000e+00
9.637659e-02  0.000000e+00  0.000000e+00  0.000000e+00  2.574510e-02  2.852835e-02  2.157022e-02  0.000000e+00  0.000000e+00  0.000000e+00  0.000000e+00  2.574510e-02  2.852835e-02  2.157022e-02  0.000000e+00
1.006921e-01  0.000000e+00  0.000000e+00  0.000000e+00  2.365766e-02  2.922417e-02  2.168619e-02  0.000000e+00  0.000000e+00  0.000000e+00  0.000000e+00  2.365766e-02  2.922417e-02  2.168619e-02  0.000000e+00
1.052009e-01  0.000000e+00  0.000000e+00  0.000000e+00  2.945611e-02  2.876029e-02  2.307782e-02  0.000000e+00  0.000000e+00  0.000000e+00  4.290850e-03  2.945611e-02  2.876029e-02  2.307782e-02  0.000000e+00
1.099116e-01  0.000000e+00  0.000000e+00  0.000000e+00  2.887626e-02  2.702076e-02  1.739534e-02  0.000000e+00  0.000000e+00  0.000000e+00  4.754726e-03  2.887626e-02  2.702076e-02  1.913487e-02  0.000000e+00
1.148332e-01  0.000000e+00  0.000000e+00  0.000000e+00  3.200742e-02  2.249797e-02  0.000000e+00  0.000000e+00  0.000000e+00  0.000000e+00  6.494260e-03  3.200742e-02  2.249797e-02  1.785921e-02  0.000000e+00
1.199751e-01  0.000000e+00  0.000000e+00  0.000000e+00  2.968804e-02  2.342572e-02  0.000000e+00  0.000000e+00  0.000000e+00  0.000000e+00  9.857358e-03  2.968804e-02  2.342572e-02  1.751131e-02  0.000000e+00
1.253474e-01  0.000000e+00  0.000000e+00  0.000000e+00  3.351502e-02  3.003595e-02  0.000000e+00  0.000000e+00  0.000000e+00  0.000000e+00  1.240867e-02  3.351502e-02  3.003595e-02  1.693146e-02  0.000000e+00
1.309601e-01  0.000000e+00  0.000000e+00  0.000000e+00  3.351502e-02  2.481735e-02  0.000000e+00  0.000000e+00  0.000000e+00  0.000000e+00  1.264061e-02  3.351502e-02  2.481735e-02  1.530790e-02  0.000000e+00
1.368242e-01  0.000000e+00  0.000000e+00  0.000000e+00  3.525455e-02  2.388960e-02  0.000000e+00  0.000000e+00  0.000000e+00  0.000000e+00  1.194480e-02  3.525455e-02  2.388960e-02  1.704743e-02  0.000000e+00
1.429509e-01  0.000000e+00  0.000000e+00  0.000000e+00  3.537052e-02  2.052650e-02  0.000000e+00  0.000000e+00  0.000000e+00  0.000000e+00  1.229271e-02  3.537052e-02  2.052650e-02  1.078511e-02  0.000000e+00
1.493519e-01  0.000000e+00  0.000000e+00  0.000000e+00  3.351502e-02  2.133828e-02  0.000000e+00  0.000000e+00  0.000000e+00  0.000000e+00  1.345239e-02  3.351502e-02  2.133828e-02  1.333643e-02  0.000000e+00
1.560396e-01  0.000000e+00  0.000000e+00  0.000000e+00  3.038386e-02  6.842166e-03  0.000000e+00  0.000000e+00  0.000000e+00  0.000000e+00  1.611968e-02  3.038386e-02  2.052650e-02  1.090108e-02  0.000000e+00
1.630267e-01  0.000000e+00  0.000000e+00  0.000000e+00  2.748463e-02  0.000000e+00  0.000000e+00  0.000000e+00  0.000000e+00  0.000000e+00  1.925084e-02  2.748463e-02  1.901890e-02  7.074104e-03  0.000000e+00
1.703267e-01  0.000000e+00  0.000000e+00  9.857358e-03  2.655688e-02  0.000000e+00  0.000000e+00  0.000000e+00  0.000000e+00  0.000000e+00  2.133828e-02  2.655688e-02  1.855503e-02  6.030384e-03  0.000000e+00
1.779535e-01  0.000000e+00  0.000000e+00  2.620898e-02  2.760060e-02  0.000000e+00  0.000000e+00  0.000000e+00  0.000000e+00  0.000000e+00  2.620898e-02  2.760060e-02  2.017859e-02  4.638757e-04  0.000000e+00
1.859219e-01  0.000000e+00  0.000000e+00  2.632494e-02  2.783254e-02  0.000000e+00  0.000000e+00  0.000000e+00  0.000000e+00  0.000000e+00  2.632494e-02  2.783254e-02  1.484402e-02  0.000000e+00  0.000000e+00
1.942471e-01  0.000000e+00  0.000000e+00  2.794851e-02  2.957207e-02  0.000000e+00  0.000000e+00  0.000000e+00  0.000000e+00  0.000000e+00  2.794851e-02  2.957207e-02  1.368433e-02  0.000000e+00  0.000000e+00
2.029450e-01  0.000000e+00  0.000000e+00  2.910820e-02  2.620898e-02  0.000000e+00  0.000000e+00  0.000000e+00  0.000000e+00  1.739534e-03  2.910820e-02  2.620898e-02  1.113302e-02  0.000000e+00  0.000000e+00
2.120324e-01  0.000000e+00  0.000000e+00  2.934014e-02  2.319378e-02  0.000000e+00  0.000000e+00  0.000000e+00  0.000000e+00  6.726197e-03  2.934014e-02  2.319378e-02  8.697669e-03  0.000000e+00  0.000000e+00
2.215268e-01  0.000000e+00  0.000000e+00  3.328308e-02  2.620898e-02  0.000000e+00  0.000000e+00  0.000000e+00  0.000000e+00  6.494260e-03  3.328308e-02  2.620898e-02  7.537980e-03  0.000000e+00  0.000000e+00
2.314463e-01  0.000000e+00  0.000000e+00  3.490665e-02  2.284588e-02  0.000000e+00  0.000000e+00  0.000000e+00  0.000000e+00  7.653949e-03  3.490665e-02  2.284588e-02  7.537980e-03  0.000000e+00  0.000000e+00
2.418099e-01  0.000000e+00  0.000000e+00  3.699409e-02  4.638757e-04  0.000000e+00  0.000000e+00  0.000000e+00  0.000000e+00  7.306042e-03  3.699409e-02  2.330975e-02  1.159689e-04  0.000000e+00  0.000000e+00
2.526376e-01  0.000000e+00  0.000000e+00  3.699409e-02  0.000000e+00  0.000000e+00  0.000000e+00  0.000000e+00  0.000000e+00  9.161545e-03  3.699409e-02  2.041053e-02  0.000000e+00  0.000000e+00  0.000000e+00
2.639502e-01  0.000000e+00  0.000000e+00  4.070509e-02  0.000000e+00  0.000000e+00  0.000000e+00  0.000000e+00  0.000000e+00  1.333643e-02  4.070509e-02  1.983069e-02  0.000000e+00  0.000000e+00  0.000000e+00
2.757693e-01  0.000000e+00  0.000000e+00  3.757393e-02  0.000000e+00  0.000000e+00  0.000000e+00  0.000000e+00  0.000000e+00  1.542387e-02  3.757393e-02  1.403224e-02  0.000000e+00  0.000000e+00  0.000000e+00
2.881176e-01  0.000000e+00  0.000000e+00  3.374696e-02  0.000000e+00  0.000000e+00  0.000000e+00  0.000000e+00  0.000000e+00  1.588774e-02  3.374696e-02  1.577177e-02  0.000000e+00  0.000000e+00  0.000000e+00
3.010189e-01  0.000000e+00  0.000000e+00  3.200742e-02  0.000000e+00  0.000000e+00  0.000000e+00  0.000000e+00  0.000000e+00  1.693146e-02  3.200742e-02  1.240867e-02  0.000000e+00  0.000000e+00  0.000000e+00
3.144979e-01  0.000000e+00  0.000000e+00  3.305114e-02  0.000000e+00  0.000000e+00  0.000000e+00  0.000000e+00  0.000000e+00  2.319378e-02  3.305114e-02  1.298852e-02  0.000000e+00  0.000000e+00  0.000000e+00
3.285804e-01  0.000000e+00  1.356836e-02  3.363099e-02  0.000000e+00  0.000000e+00  0.000000e+00  0.000000e+00  0.000000e+00  2.470138e-02  3.363099e-02  7.653949e-03  0.000000e+00  0.000000e+00  0.000000e+00
3.432935e-01  0.000000e+00  2.957207e-02  3.073176e-02  0.000000e+00  0.000000e+00  0.000000e+00  0.000000e+00  0.000000e+00  2.957207e-02  3.073176e-02  7.422011e-03  0.000000e+00  0.000000e+00  0.000000e+00
3.586654e-01  0.000000e+00  2.852835e-02  3.061579e-02  0.000000e+00  0.000000e+00  0.000000e+00  0.000000e+00  0.000000e+00  2.852835e-02  3.061579e-02  1.623565e-03  0.000000e+00  0.000000e+00  0.000000e+00
3.747256e-01  0.000000e+00  3.142758e-02  3.003595e-02  0.000000e+00  0.000000e+00  0.000000e+00  0.000000e+00  0.000000e+00  3.142758e-02  3.003595e-02  0.000000e+00  0.000000e+00  0.000000e+00  0.000000e+00
3.915050e-01  0.000000e+00  3.479068e-02  2.725270e-02  0.000000e+00  0.000000e+00  0.000000e+00  0.000000e+00  0.000000e+00  3.479068e-02  2.725270e-02  0.000000e+00  0.000000e+00  0.000000e+00  0.000000e+00
4.090358e-01  0.000000e+00  3.768990e-02  2.632494e-02  0.000000e+00  0.000000e+00  0.000000e+00  0.000000e+00  0.000000e+00  3.768990e-02  2.632494e-02  0.000000e+00  0.000000e+00  0.000000e+00  0.000000e+00
4.273515e-01  0.000000e+00  3.780587e-02  2.632494e-02  0.000000e+00  0.000000e+00  0.000000e+00  0.000000e+00  0.000000e+00  3.780587e-02  2.632494e-02  0.000000e+00  0.000000e+00  0.000000e+00  0.000000e+00
4.464873e-01  0.000000e+00  3.734199e-02  6.958135e-03  0.000000e+00  0.000000e+00  0.000000e+00  0.000000e+00  0.000000e+00  3.734199e-02  2.539719e-02  0.000000e+00  0.000000e+00  0.000000e+00  0.000000e+00
4.664800e-01  0.000000e+00  4.058912e-02  0.000000e+00  0.000000e+00  0.000000e+00  0.000000e+00  0.000000e+00  0.000000e+00  4.058912e-02  2.168619e-02  0.000000e+00  0.000000e+00  0.000000e+00  0.000000e+00
4.873680e-01  0.000000e+00  3.873362e-02  0.000000e+00  0.000000e+00  0.000000e+00  0.000000e+00  0.000000e+00  0.000000e+00  3.873362e-02  2.041053e-02  0.000000e+00  0.000000e+00  0.000000e+00  0.000000e+00
5.091912e-01  0.000000e+00  3.919750e-02  0.000000e+00  0.000000e+00  0.000000e+00  0.000000e+00  0.000000e+00  0.000000e+00  3.919750e-02  1.855503e-02  0.000000e+00  0.000000e+00  0.000000e+00  0.000000e+00
5.319917e-01  0.000000e+00  4.070509e-02  0.000000e+00  0.000000e+00  0.000000e+00  0.000000e+00  0.000000e+00  0.000000e+00  4.070509e-02  1.611968e-02  0.000000e+00  0.000000e+00  0.000000e+00  0.000000e+00
5.558131e-01  0.000000e+00  3.618230e-02  0.000000e+00  0.000000e+00  0.000000e+00  0.000000e+00  0.000000e+00  0.000000e+00  3.618230e-02  1.507596e-02  0.000000e+00  0.000000e+00  0.000000e+00  0.000000e+00
5.807012e-01  0.000000e+00  3.537052e-02  0.000000e+00  0.000000e+00  0.000000e+00  0.000000e+00  0.000000e+00  0.000000e+00  3.537052e-02  9.741389e-03  0.000000e+00  0.000000e+00  0.000000e+00  0.000000e+00
6.067037e-01  0.000000e+00  3.432680e-02  0.000000e+00  0.000000e+00  0.000000e+00  0.000000e+00  0.000000e+00  0.000000e+00  3.432680e-02  1.020526e-02  0.000000e+00  0.000000e+00  0.000000e+00  0.000000e+00
6.338705e-01  0.000000e+00  3.374696e-02  0.000000e+00  0.000000e+00  0.000000e+00  0.000000e+00  0.000000e+00  0.000000e+00  3.374696e-02  4.754726e-03  0.000000e+00  0.000000e+00  0.000000e+00  0.000000e+00
6.622539e-01  0.000000e+00  3.049983e-02  0.000000e+00  0.000000e+00  0.000000e+00  0.000000e+00  0.000000e+00  0.000000e+00  3.049983e-02  0.000000e+00  0.000000e+00  0.000000e+00  0.000000e+00  0.000000e+00
6.919081e-01  0.000000e+00  3.049983e-02  0.000000e+00  0.000000e+00  0.000000e+00  0.000000e+00  0.000000e+00  0.000000e+00  3.049983e-02  0.000000e+00  0.000000e+00  0.000000e+00  0.000000e+00  0.000000e+00
7.228902e-01  0.000000e+00  3.177548e-02  0.000000e+00  0.000000e+00  0.000000e+00  0.000000e+00  0.000000e+00  0.000000e+00  3.177548e-02  0.000000e+00  0.000000e+00  0.000000e+00  0.000000e+00  0.000000e+00
7.552597e-01  0.000000e+00  2.748463e-02  0.000000e+00  0.000000e+00  0.000000e+00  0.000000e+00  0.000000e+00  0.000000e+00  2.748463e-02  0.000000e+00  0.000000e+00  0.000000e+00  0.000000e+00  0.000000e+00
7.890785e-01  0.000000e+00  1.008930e-02  0.000000e+00  0.000000e+00  0.000000e+00  0.000000e+00  0.000000e+00  4.058912e-03  2.678882e-02  0.000000e+00  0.000000e+00  0.000000e+00  0.000000e+00  0.000000e+00
8.244117e-01  0.000000e+00  0.000000e+00  0.000000e+00  0.000000e+00  0.000000e+00  0.000000e+00  0.000000e+00  5.914415e-03  2.609301e-02  0.000000e+00  0.000000e+00  0.000000e+00  0.000000e+00  0.000000e+00
8.613270e-01  0.000000e+00  0.000000e+00  0.000000e+00  0.000000e+00  0.000000e+00  0.000000e+00  0.000000e+00  7.074104e-03  2.064247e-02  0.000000e+00  0.000000e+00  0.000000e+00  0.000000e+00  0.000000e+00
8.998954e-01  0.000000e+00  0.000000e+00  0.000000e+00  0.000000e+00  0.000000e+00  0.000000e+00  0.000000e+00  7.537980e-03  1.948278e-02  0.000000e+00  0.000000e+00  0.000000e+00  0.000000e+00  0.000000e+00
9.401907e-01  0.000000e+00  0.000000e+00  0.000000e+00  0.000000e+00  0.000000e+00  0.000000e+00  0.000000e+00  9.625420e-03  1.693146e-02  0.000000e+00  0.000000e+00  0.000000e+00  0.000000e+00  0.000000e+00
9.822903e-01  0.000000e+00  0.000000e+00  0.000000e+00  0.000000e+00  0.000000e+00  0.000000e+00  0.000000e+00  1.020526e-02  1.414821e-02  0.000000e+00  0.000000e+00  0.000000e+00  0.000000e+00  0.000000e+00
1.026275e+00  0.000000e+00  0.000000e+00  0.000000e+00  0.000000e+00  0.000000e+00  0.000000e+00  0.000000e+00  1.194480e-02  9.509451e-03  0.000000e+00  0.000000e+00  0.000000e+00  0.000000e+00  0.000000e+00
1.072229e+00  0.000000e+00  0.000000e+00  0.000000e+00  0.000000e+00  0.000000e+00  0.000000e+00  0.000000e+00  1.693146e-02  6.958135e-03  0.000000e+00  0.000000e+00  0.000000e+00  0.000000e+00  0.000000e+00
1.120242e+00  0.000000e+00  0.000000e+00  0.000000e+00  0.000000e+00  0.000000e+00  0.000000e+00  0.000000e+00  1.948278e-02  4.522788e-03  0.000000e+00  0.000000e+00  0.000000e+00  0.000000e+00  0.000000e+00
1.170403e+00  0.000000e+00  0.000000e+00  0.000000e+00  0.000000e+00  0.000000e+00  0.000000e+00  0.000000e+00  2.191813e-02  0.000000e+00  0.000000e+00  0.000000e+00  0.000000e+00  0.000000e+00  0.000000e+00
1.222812e+00  5.682477e-03  0.000000e+00  0.000000e+00  0.000000e+00  0.000000e+00  0.000000e+00  0.000000e+00  2.597704e-02  0.000000e+00  0.000000e+00  0.000000e+00  0.000000e+00  0.000000e+00  0.000000e+00
1.277566e+00  2.783254e-02  0.000000e+00  0.000000e+00  0.000000e+00  0.000000e+00  0.000000e+00  0.000000e+00  2.783254e-02  0.000000e+00  0.000000e+00  0.000000e+00  0.000000e+00  0.000000e+00  0.000000e+00
1.334773e+00  3.467471e-02  0.000000e+00  0.000000e+00  0.000000e+00  0.000000e+00  0.000000e+00  0.000000e+00  3.467471e-02  0.000000e+00  0.000000e+00  0.000000e+00  0.000000e+00  0.000000e+00  0.000000e+00
1.394541e+00  3.455874e-02  0.000000e+00  0.000000e+00  0.000000e+00  0.000000e+00  0.000000e+00  0.000000e+00  3.455874e-02  0.000000e+00  0.000000e+00  0.000000e+00  0.000000e+00  0.000000e+00  0.000000e+00
1.456986e+00  3.896556e-02  0.000000e+00  0.000000e+00  0.000000e+00  0.000000e+00  0.000000e+00  0.000000e+00  3.896556e-02  0.000000e+00  0.000000e+00  0.000000e+00  0.000000e+00  0.000000e+00  0.000000e+00
1.522226e+00  4.070509e-02  0.000000e+00  0.000000e+00  0.000000e+00  0.000000e+00  0.000000e+00  0.000000e+00  4.070509e-02  0.000000e+00  0.000000e+00  0.000000e+00  0.000000e+00  0.000000e+00  0.000000e+00
1.590388e+00  4.441610e-02  0.000000e+00  0.000000e+00  0.000000e+00  0.000000e+00  0.000000e+00  0.000000e+00  4.441610e-02  0.000000e+00  0.000000e+00  0.000000e+00  0.000000e+00  0.000000e+00  0.000000e+00
1.661602e+00  4.430013e-02  0.000000e+00  0.000000e+00  0.000000e+00  0.000000e+00  0.000000e+00  0.000000e+00  4.430013e-02  0.000000e+00  0.000000e+00  0.000000e+00  0.000000e+00  0.000000e+00  0.000000e+00
1.736005e+00  4.395222e-02  0.000000e+00  0.000000e+00  0.000000e+00  0.000000e+00  0.000000e+00  0.000000e+00  4.395222e-02  0.000000e+00  0.000000e+00  0.000000e+00  0.000000e+00  0.000000e+00  0.000000e+00
1.813739e+00  4.383625e-02  0.000000e+00  0.000000e+00  0.000000e+00  0.000000e+00  0.000000e+00  0.000000e+00  4.383625e-02  0.000000e+00  0.000000e+00  0.000000e+00  0.000000e+00  0.000000e+00  0.000000e+00
1.894955e+00  4.267656e-02  0.000000e+00  0.000000e+00  0.000000e+00  0.000000e+00  0.000000e+00  0.000000e+00  4.267656e-02  0.000000e+00  0.000000e+00  0.000000e+00  0.000000e+00  0.000000e+00  0.000000e+00
1.979807e+00  3.931346e-02  0.000000e+00  0.000000e+00  0.000000e+00  0.000000e+00  0.000000e+00  0.000000e+00  3.931346e-02  0.000000e+00  0.000000e+00  0.000000e+00  0.000000e+00  0.000000e+00  0.000000e+00
2.068458e+00  4.476400e-02  0.000000e+00  0.000000e+00  0.000000e+00  0.000000e+00  0.000000e+00  0.000000e+00  4.476400e-02  0.000000e+00  0.000000e+00  0.000000e+00  0.000000e+00  0.000000e+00  0.000000e+00
2.161079e+00  4.140090e-02  0.000000e+00  0.000000e+00  0.000000e+00  0.000000e+00  0.000000e+00  0.000000e+00  4.140090e-02  0.000000e+00  0.000000e+00  0.000000e+00  0.000000e+00  0.000000e+00  0.000000e+00
2.257847e+00  4.128494e-02  0.000000e+00  0.000000e+00  0.000000e+00  0.000000e+00  0.000000e+00  0.000000e+00  4.128494e-02  0.000000e+00  0.000000e+00  0.000000e+00  0.000000e+00  0.000000e+00  0.000000e+00
2.358949e+00  3.664618e-02  0.000000e+00  0.000000e+00  0.000000e+00  0.000000e+00  0.000000e+00  0.000000e+00  3.664618e-02  0.000000e+00  0.000000e+00  0.000000e+00  0.000000e+00  0.000000e+00  0.000000e+00
2.464577e+00  3.339905e-02  0.000000e+00  0.000000e+00  0.000000e+00  0.000000e+00  0.000000e+00  0.000000e+00  3.339905e-02  0.000000e+00  0.000000e+00  0.000000e+00  0.000000e+00  0.000000e+00  0.000000e+00
2.574935e+00  3.363099e-02  0.000000e+00  0.000000e+00  0.000000e+00  0.000000e+00  0.000000e+00  0.000000e+00  3.363099e-02  0.000000e+00  0.000000e+00  0.000000e+00  0.000000e+00  0.000000e+00  0.000000e+00
2.690235e+00  7.885887e-03  0.000000e+00  0.000000e+00  0.000000e+00  0.000000e+00  0.000000e+00  0.000000e+00  2.771657e-02  0.000000e+00  0.000000e+00  0.000000e+00  0.000000e+00  0.000000e+00  0.000000e+00
2.810698e+00  0.000000e+00  0.000000e+00  0.000000e+00  0.000000e+00  0.000000e+00  0.000000e+00  0.000000e+00  2.644091e-02  0.000000e+00  0.000000e+00  0.000000e+00  0.000000e+00  0.000000e+00  0.000000e+00
2.936555e+00  0.000000e+00  0.000000e+00  0.000000e+00  0.000000e+00  0.000000e+00  0.000000e+00  0.000000e+00  2.296185e-02  0.000000e+00  0.000000e+00  0.000000e+00  0.000000e+00  0.000000e+00  0.000000e+00
3.068047e+00  0.000000e+00  0.000000e+00  0.000000e+00  0.000000e+00  0.000000e+00  0.000000e+00  0.000000e+00  1.797518e-02  0.000000e+00  0.000000e+00  0.000000e+00  0.000000e+00  0.000000e+00  0.000000e+00
3.205428e+00  0.000000e+00  0.000000e+00  0.000000e+00  0.000000e+00  0.000000e+00  0.000000e+00  0.000000e+00  1.623565e-02  0.000000e+00  0.000000e+00  0.000000e+00  0.000000e+00  0.000000e+00  0.000000e+00
3.348960e+00  0.000000e+00  0.000000e+00  0.000000e+00  0.000000e+00  0.000000e+00  0.000000e+00  0.000000e+00  1.264061e-02  0.000000e+00  0.000000e+00  0.000000e+00  0.000000e+00  0.000000e+00  0.000000e+00
3.498919e+00  0.000000e+00  0.000000e+00  0.000000e+00  0.000000e+00  0.000000e+00  0.000000e+00  0.000000e+00  1.055317e-02  0.000000e+00  0.000000e+00  0.000000e+00  0.000000e+00  0.000000e+00  0.000000e+00
3.655592e+00  0.000000e+00  0.000000e+00  0.000000e+00  0.000000e+00  0.000000e+00  0.000000e+00  0.000000e+00  8.349762e-03  0.000000e+00  0.000000e+00  0.000000e+00  0.000000e+00  0.000000e+00  0.000000e+00
