9.010808e-03  0.000000e+00  0.000000e+00  0.000000e+00  0.000000e+00  0.000000e+00  0.000000e+00  0.000000e+00  0.000000e+00  0.000000e+00  0.000000e+00  0.000000e+00  0.000000e+00  0.000000e+00  4.200000e-03
9.418789e-03  0.000000e+00  0.000000e+00  0.000000e+00  0.000000e+00  0.000000e+00  0.000000e+00  0.000000e+00  0.000000e+00  0.000000e+00  0.000000e+00  0.000000e+00  0.000000e+00  0.000000e+00  3.600000e-03
9.845242e-03  0.000000e+00  0.000000e+00  0.000000e+00  0.000000e+00  0.000000e+00  0.000000e+00  0.000000e+00  0.000000e+00  0.000000e+00  0.000000e+00  0.000000e+00  0.000000e+00  0.000000e+00  4.200000e-03
1.029100e-02  0.000000e+00  0.000000e+00  0.000000e+00  0.000000e+00  0.000000e+00  0.000000e+00  0.000000e+00  0.000000e+00  0.000000e+00  0.000000e+00  0.000000e+00  0.000000e+00  0.000000e+00  6.400000e-03
1.075695e-02  0.000000e+00  0.000000e+00  0.000000e+00  0.000000e+00  0.000000e+00  0.000000e+00  0.000000e+00  0.000000e+00  0.000000e+00  0.000000e+00  0.000000e+00  0.000000e+00  0.000000e+00  7.500000e-03
1.124399e-02  0.000000e+00  0.000000e+00  0.000000e+00  0.000000e+00  0.000000e+00  0.000000e+00  0.000000e+00  0.000000e+00  0.000000e+00  0.000000e+00  0.000000e+00  0.000000e+00  0.000000e+00  6.100000e-03
1.175308e-02  0.000000e+00  0.000000e+00  0.000000e+00  0.000000e+00  0.000000e+00  0.000000e+00  0.000000e+00  0.000000e+00  0.000000e+00  0.000000e+00  0.000000e+00  0.000000e+00  0.000000e+00  6.900000e-03
1.228522e-02  0.000000e+00  0.000000e+00  0.000000e+00  0.000000e+00  0.000000e+00  0.000000e+00  0.000000e+00  0.000000e+00  0.000000e+00  0.000000e+00  0.000000e+00  0.000000e+00  0.000000e+00  8.900000e-03
1.284146e-02  0.000000e+00  0.000000e+00  0.000000e+00  0.000000e+00  0.000000e+00  0.000000e+00  0.000000e+00  0.000000e+00  0.000000e+00  0.000000e+00  0.000000e+00  0.000000e+00  0.000000e+00  9.100000e-03
1.342288e-02  0.000000e+00  0.000000e+00  0.000000e+00  0.000000e+00  0.000000e+00  0.000000e+00  0.000000e+00  0.000000e+00  0.000000e+00  0.000000e+00  0.000000e+00  0.000000e+00  0.000000e+00  8.800000e-03
1.403063e-02  0.000000e+00  0.000000e+00  0.000000e+00  0.000000e+00  0.000000e+00  0.000000e+00  0.000000e+00  0.000000e+00  0.000000e+00  0.000000e+00  0.000000e+00  0.000000e+00  0.000000e+00  9.800000e-03
1.466589e-02  0.000000e+00  0.000000e+00  0.000000e+00  0.000000e+00  0.000000e+00  0.000000e+00  0.000000e+00  0.000000e+00  0.000000e+00  0.000000e+00  0.000000e+00  0.000000e+00  0.000000e+00  1.010000e-02
1.532992e-02  0.000000e+00  0.000000e+00  0.000000e+00  0.000000e+00  0.000000e+00  0.000000e+00  0.000000e+00  0.000000e+00  0.000000e+00  0.000000e+00  0.000000e+00  0.000000e+00  0.000000e+00  1.160000e-02
1.602401e-02  0.000000e+00  0.000000e+00  0.000000e+00  0.000000e+00  0.000000e+00  0.000000e+00  0.000000e+00  0.000000e+00  0.000000e+00  0.000000e+00  0.000000e+00  0.000000e+00  0.000000e+00  1.130000e-02
1.674952e-02  0.000000e+00  0.000000e+00  0.000000e+00  0.000000e+00  0.000000e+00  0.000000e+00  0.000000e+00  0.000000e+00  0.000000e+00  0.000000e+00  0.000000e+00  0.000000e+00  0.000000e+00  1.290000e-02
1.750789e-02  0.000000e+00  0.000000e+00  0.000000e+00  0.000000e+00  0.000000e+00  0.000000e+00  0.000000e+00  0.000000e+00  0.000000e+00  0.000000e+00  0.000000e+00  0.000000e+00  0.000000e+00  1.210000e-02
1.830059e-02  0.000000e+00  0.000000e+00  0.000000e+00  0.000000e+00  0.000000e+00  0.000000e+00  1.370000e-02  0.000000e+00  0.000000e+00  0.000000e+00  0.000000e+00  0.000000e+00  0.000000e+00  1.520000e-02
1.912919e-02  0.000000e+00  0.000000e+00  0.000000e+00  0.000000e+00  0.000000e+00  0.000000e+00  1.430000e-02  0.000000e+00  0.000000e+00  0.000000e+00  0.000000e+00  0.000000e+00  0.000000e+00  1.430000e-02
1.999530e-02  0.000000e+00  0.000000e+00  0.000000e+00  0.000000e+00  0.000000e+00  0.000000e+00  1.560000e-02  0.000000e+00  0.000000e+00  0.000000e+00  0.000000e+00  0.000000e+00  0.000000e+00  1.560000e-02
2.090062e-02  0.000000e+00  0.000000e+00  0.000000e+00  0.000000e+00  0.000000e+00  0.000000e+00  1.590000e-02  0.000000e+00  0.000000e+00  0.000000e+00  0.000000e+00  0.000000e+00  0.000000e+00  1.590000e-02
2.184693e-02  0.000000e+00  0.000000e+00  0.000000e+00  0.000000e+00  0.000000e+00  0.000000e+00  1.430000e-02  0.000000e+00  0.000000e+00  0.000000e+00  0.000000e+00  0.000000e+00  0.000000e+00  1.430000e-02
2.283610e-02  0.000000e+00  0.000000e+00  0.000000e+00  0.000000e+00  0.000000e+00  0.000000e+00  1.520000e-02  0.000000e+00  0.000000e+00  0.000000e+00  0.000000e+00  0.000000e+00  0.000000e+00  1.520000e-02
2.387004e-02  0.000000e+00  0.000000e+00  0.000000e+00  0.000000e+00  0.000000e+00  0.000000e+00  1.800000e-02  0.000000e+00  0.000000e+00  0.000000e+00  0.000000e+00  0.000000e+00  0.000000e+00  1.800000e-02
2.495080e-02  0.000000e+00  0.000000e+00  0.000000e+00  0.000000e+00  0.000000e+00  0.000000e+00  1.910000e-02  0.000000e+00  0.000000e+00  0.000000e+00  0.000000e+00  0.000000e+00  0.000000e+00  1.910000e-02
2.608050e-02  0.000000e+00  0.000000e+00  0.000000e+00  0.000000e+00  0.000000e+00  0.000000e+00  2.000000e-02  0.000000e+00  0.000000e+00  0.000000e+00  0.000000e+00  0.000000e+00  0.000000e+00  2.000000e-02
2.726134e-02  0.000000e+00  0.000000e+00  0.000000e+00  0.000000e+00  0.000000e+00  0.000000e+00  2.010000e-02  0.000000e+00  0.000000e+00  0.000000e+00  0.000000e+00  0.000000e+00  0.000000e+00  2.010000e-02
2.849565e-02  0.000000e+00  0.000000e+00  0.000000e+00  0.000000e+00  0.000000e+00  0.000000e+00  2.170000e-02  0.000000e+00  0.000000e+00  0.000000e+00  0.000000e+00  0.000000e+00  0.000000e+00  2.170000e-02
2.978584e-02  0.000000e+00  0.000000e+00  0.000000e+00  0.000000e+00  0.000000e+00  0.000000e+00  2.180000e-02  0.000000e+00  0.000000e+00  0.000000e+00  0.000000e+00  0.000000e+00  1.300000e-03  2.180000e-02
3.113445e-02  0.000000e+00  0.000000e+00  0.000000e+00  0.000000e+00  0.000000e+00  0.000000e+00  2.050000e-02  0.000000e+00  0.000000e+00  0.000000e+00  0.000000e+00  0.000000e+00  5.700000e-03  2.050000e-02
3.254412e-02  0.000000e+00  0.000000e+00  0.000000e+00  0.000000e+00  0.000000e+00  0.000000e+00  2.270000e-02  0.000000e+00  0.000000e+00  0.000000e+00  0.000000e+00  0.000000e+00  8.000000e-03  2.270000e-02
3.401762e-02  0.000000e+00  0.000000e+00  0.000000e+00  0.000000e+00  0.000000e+00  0.000000e+00  2.340000e-02  0.000000e+00  0.000000e+00  0.000000e+00  0.000000e+00  0.000000e+00  8.200000e-03  2.340000e-02
3.555783e-02  0.000000e+00  0.000000e+00  0.000000e+00  0.000000e+00  0.000000e+00  0.000000e+00  2.430000e-02  0.000000e+00  0.000000e+00  0.000000e+00  0.000000e+00  0.000000e+00  9.800000e-03  2.430000e-02
3.716778e-02  0.000000e+00  0.000000e+00  0.000000e+00  0.000000e+00  0.000000e+00  0.000000e+00  2.560000e-02  0.000000e+00  0.000000e+00  0.000000e+00  0.000000e+00  0.000000e+00  9.600000e-03  2.560000e-02
3.885062e-02  0.000000e+00  0.000000e+00  0.000000e+00  0.000000e+00  0.000000e+00  0.000000e+00  2.260000e-02  0.000000e+00  0.000000e+00  0.000000e+00  0.000000e+00  0.000000e+00  8.300000e-03  2.260000e-02
4.060965e-02  0.000000e+00  0.000000e+00  0.000000e+00  0.000000e+00  0.000000e+00  0.000000e+00  2.790000e-02  0.000000e+00  0.000000e+00  0.000000e+00  0.000000e+00  0.000000e+00  1.130000e-02  2.790000e-02
4.244833e-02  0.000000e+00  0.000000e+00  0.000000e+00  0.000000e+00  0.000000e+00  0.000000e+00  2.480000e-02  0.000000e+00  0.000000e+00  0.000000e+00  0.000000e+00  0.000000e+00  1.310000e-02  2.480000e-02
4.437026e-02  0.000000e+00  0.000000e+00  0.000000e+00  0.000000e+00  0.000000e+00  0.000000e+00  2.610000e-02  0.000000e+00  0.000000e+00  0.000000e+00  0.000000e+00  2.000000e-04  1.460000e-02  2.610000e-02
4.637920e-02  0.000000e+00  0.000000e+00  0.000000e+00  0.000000e+00  0.000000e+00  0.000000e+00  2.340000e-02  0.000000e+00  0.000000e+00  0.000000e+00  0.000000e+00  6.300000e-03  1.530000e-02  2.340000e-02
4.847911e-02  0.000000e+00  0.000000e+00  0.000000e+00  0.000000e+00  0.000000e+00  0.000000e+00  2.460000e-02  0.000000e+00  0.000000e+00  0.000000e+00  0.000000e+00  7.100000e-03  1.720000e-02  2.460000e-02
5.067409e-02  0.000000e+00  0.000000e+00  0.000000e+00  0.000000e+00  0.000000e+00  3.000000e-03  2.530000e-02  0.000000e+00  0.000000e+00  0.000000e+00  0.000000e+00  7.800000e-03  1.560000e-02  2.530000e-02
5.296845e-02  0.000000e+00  0.000000e+00  0.000000e+00  0.000000e+00  0.000000e+00  1.460000e-02  2.490000e-02  0.000000e+00  0.000000e+00  0.000000e+00  0.000000e+00  9.500000e-03  1.460000e-02  2.490000e-02
5.536670e-02  0.000000e+00  0.000000e+00  0.000000e+00  0.000000e+00  0.000000e+00  1.710000e-02  2.370000e-02  0.000000e+00  0.000000e+00  0.000000e+00  0.000000e+00  1.000000e-02  1.710000e-02  2.370000e-02
5.787353e-02  0.000000e+00  0.000000e+00  0.000000e+00  0.000000e+00  0.000000e+00  1.930000e-02  2.240000e-02  0.000000e+00  0.000000e+00  0.000000e+00  0.000000e+00  1.020000e-02  1.930000e-02  2.240000e-02
6.049386e-02  0.000000e+00  0.000000e+00  0.000000e+00  0.000000e+00  0.000000e+00  2.130000e-02  2.120000e-02  0.000000e+00  0.000000e+00  0.000000e+00  0.000000e+00  1.130000e-02  2.130000e-02  2.120000e-02
6.323283e-02  0.000000e+00  0.000000e+00  0.000000e+00  0.000000e+00  0.000000e+00  2.380000e-02  2.080000e-02  0.000000e+00  0.000000e+00  0.000000e+00  0.000000e+00  1.250000e-02  2.380000e-02  2.080000e-02
6.609582e-02  0.000000e+00  0.000000e+00  0.000000e+00  0.000000e+00  0.000000e+00  2.440000e-02  2.210000e-02  0.000000e+00  0.000000e+00  0.000000e+00  0.000000e+00  1.510000e-02  2.440000e-02  2.210000e-02
6.908843e-02  0.000000e+00  0.000000e+00  0.000000e+00  0.000000e+00  0.000000e+00  2.580000e-02  2.270000e-02  0.000000e+00  0.000000e+00  0.000000e+00  0.000000e+00  1.430000e-02  2.580000e-02  2.270000e-02
7.221654e-02  0.000000e+00  0.000000e+00  0.000000e+00  0.000000e+00  0.000000e+00  2.530000e-02  1.680000e-02  0.000000e+00  0.000000e+00  0.000000e+00  0.000000e+00  1.740000e-02  2.530000e-02  1.680000e-02
7.548628e-02  0.000000e+00  0.000000e+00  0.000000e+00  0.000000e+00  3.300000e-03  3.090000e-02  4.500000e-03  0.000000e+00  0.000000e+00  0.000000e+00  0.000000e+00  1.660000e-02  3.090000e-02  1.810000e-02
7.890406e-02  0.000000e+00  0.000000e+00  0.000000e+00  0.000000e+00  1.900000e-02  2.730000e-02  0.000000e+00  0.000000e+00  0.000000e+00  0.000000e+00  1.000000e-04  1.900000e-02  2.730000e-02  1.610000e-02
8.247659e-02  0.000000e+00  0.000000e+00  0.000000e+00  0.000000e+00  2.000000e-02  2.920000e-02  0.000000e+00  0.000000e+00  0.000000e+00  0.000000e+00  6.600000e-03  2.000000e-02  2.920000e-02  1.590000e-02
8.621087e-02  0.000000e+00  0.000000e+00  0.000000e+00  0.000000e+00  2.160000e-02  3.010000e-02  0.000000e+00  0.000000e+00  0.000000e+00  0.000000e+00  7.300000e-03  2.160000e-02  3.010000e-02  1.410000e-02
9.011423e-02  0.000000e+00  0.000000e+00  0.000000e+00  0.000000e+00  2.300000e-02  3.290000e-02  0.000000e+00  0.000000e+00  0.000000e+00  0.000000e+00  8.900000e-03  2.300000e-02  3.290000e-02  1.340000e-02
9.419432e-02  0.000000e+00  0.000000e+00  0.000000e+00  0.000000e+00  2.400000e-02  3.220000e-02  0.000000e+00  0.000000e+00  0.000000e+00  0.000000e+00  1.080000e-02  2.400000e-02  3.220000e-02  1.290000e-02
9.845914e-02  0.000000e+00  0.000000e+00  0.000000e+00  0.000000e+00  2.650000e-02  3.190000e-02  0.000000e+00  0.000000e+00  0.000000e+00  0.000000e+00  1.360000e-02  2.650000e-02  3.190000e-02  1.200000e-02
1.029171e-01  0.000000e+00  0.000000e+00  0.000000e+00  0.000000e+00  3.010000e-02  3.160000e-02  0.000000e+00  0.000000e+00  0.000000e+00  0.000000e+00  1.270000e-02  3.010000e-02  3.160000e-02  1.080000e-02
1.075768e-01  0.000000e+00  0.000000e+00  0.000000e+00  0.000000e+00  2.960000e-02  2.970000e-02  0.000000e+00  0.000000e+00  0.000000e+00  0.000000e+00  1.200000e-02  2.960000e-02  2.970000e-02  9.600000e-03
1.124476e-01  0.000000e+00  0.000000e+00  0.000000e+00  0.000000e+00  3.140000e-02  2.850000e-02  0.000000e+00  0.000000e+00  0.000000e+00  0.000000e+00  1.240000e-02  3.140000e-02  2.850000e-02  8.500000e-03
1.175388e-01  0.000000e+00  0.000000e+00  0.000000e+00  0.000000e+00  3.150000e-02  2.850000e-02  0.000000e+00  0.000000e+00  0.000000e+00  0.000000e+00  1.620000e-02  3.150000e-02  2.850000e-02  5.300000e-03
1.228606e-01  0.000000e+00  0.000000e+00  0.000000e+00  0.000000e+00  3.400000e-02  2.970000e-02  0.000000e+00  0.000000e+00  0.000000e+00  0.000000e+00  1.730000e-02  3.400000e-02  2.970000e-02  2.800000e-03
1.284234e-01  0.000000e+00  0.000000e+00  0.000000e+00  1.500000e-03  3.550000e-02  2.740000e-02  0.000000e+00  0.000000e+00  0.000000e+00  0.000000e+00  1.860000e-02  3.550000e-02  2.740000e-02  0.000000e+00
1.342380e-01  0.000000e+00  0.000000e+00  0.000000e+00  1.990000e-02  3.290000e-02  2.430000e-02  0.000000e+00  0.000000e+00  0.000000e+00  0.000000e+00  1.990000e-02  3.290000e-02  2.430000e-02  0.000000e+00
1.403159e-01  0.000000e+00  0.000000e+00  0.000000e+00  2.410000e-02  3.710000e-02  2.300000e-02  0.000000e+00  0.000000e+00  0.000000e+00  0.000000e+00  2.410000e-02  3.710000e-02  2.300000e-02  0.000000e+00
1.466689e-01  0.000000e+00  0.000000e+00  0.000000e+00  2.250000e-02  2.950000e-02  2.310000e-02  0.000000e+00  0.000000e+00  0.000000e+00  0.000000e+00  2.250000e-02  2.950000e-02  2.310000e-02  0.000000e+00
1.533096e-01  0.000000e+00  0.000000e+00  0.000000e+00  2.640000e-02  3.000000e-02  2.140000e-02  0.000000e+00  0.000000e+00  0.000000e+00  0.000000e+00  2.640000e-02  3.000000e-02  2.140000e-02  0.000000e+00
1.602510e-01  0.000000e+00  0.000000e+00  0.000000e+00  3.060000e-02  2.970000e-02  2.130000e-02  0.000000e+00  0.000000e+00  0.000000e+00  0.000000e+00  3.060000e-02  2.970000e-02  2.130000e-02  0.000000e+00
1.675067e-01  0.000000e+00  0.000000e+00  0.000000e+00  3.210000e-02  3.010000e-02  2.400000e-03  0.000000e+00  0.000000e+00  0.000000e+00  0.000000e+00  3.210000e-02  3.010000e-02  2.190000e-02  0.000000e+00
1.750909e-01  0.000000e+00  0.000000e+00  0.000000e+00  3.540000e-02  3.110000e-02  0.000000e+00  0.000000e+00  0.000000e+00  0.000000e+00  2.300000e-03  3.540000e-02  3.110000e-02  1.940000e-02  0.000000e+00
1.830184e-01  0.000000e+00  0.000000e+00  0.000000e+00  3.330000e-02  2.620000e-02  0.000000e+00  0.000000e+00  0.000000e+00  0.000000e+00  6.300000e-03  3.330000e-02  2.620000e-02  1.850000e-02  0.000000e+00
1.913049e-01  0.000000e+00  0.000000e+00  0.000000e+00  3.400000e-02  2.370000e-02  0.000000e+00  0.000000e+00  0.000000e+00  0.000000e+00  6.000000e-03  3.400000e-02  2.370000e-02  1.580000e-02  0.000000e+00
1.999666e-01  0.000000e+00  0.000000e+00  0.000000e+00  3.850000e-02  2.330000e-02  0.000000e+00  0.000000e+00  0.000000e+00  0.000000e+00  9.000000e-03  3.850000e-02  2.330000e-02  1.540000e-02  0.000000e+00
2.090205e-01  0.000000e+00  0.000000e+00  0.000000e+00  3.480000e-02  2.360000e-02  0.000000e+00  0.000000e+00  0.000000e+00  0.000000e+00  9.900000e-03  3.480000e-02  2.360000e-02  1.500000e-02  0.000000e+00
2.184843e-01  0.000000e+00  0.000000e+00  0.000000e+00  3.560000e-02  2.430000e-02  0.000000e+00  0.000000e+00  0.000000e+00  0.000000e+00  1.250000e-02  3.560000e-02  2.430000e-02  1.020000e-02  0.000000e+00
2.283765e-01  0.000000e+00  0.000000e+00  0.000000e+00  3.460000e-02  9.000000e-03  0.000000e+00  0.000000e+00  0.000000e+00  0.000000e+00  1.400000e-02  3.460000e-02  2.280000e-02  9.600000e-03  0.000000e+00
2.387167e-01  0.000000e+00  0.000000e+00  0.000000e+00  3.230000e-02  0.000000e+00  0.000000e+00  0.000000e+00  0.000000e+00  0.000000e+00  1.710000e-02  3.230000e-02  2.300000e-02  6.700000e-03  0.000000e+00
2.495251e-01  0.000000e+00  0.000000e+00  0.000000e+00  3.410000e-02  0.000000e+00  0.000000e+00  0.000000e+00  0.000000e+00  0.000000e+00  1.920000e-02  3.410000e-02  1.650000e-02  4.900000e-03  0.000000e+00
2.608228e-01  0.000000e+00  0.000000e+00  0.000000e+00  3.130000e-02  0.000000e+00  0.000000e+00  0.000000e+00  0.000000e+00  0.000000e+00  1.790000e-02  3.130000e-02  1.740000e-02  0.000000e+00  0.000000e+00
2.726320e-01  0.000000e+00  0.000000e+00  2.000000e-04  3.250000e-02  0.000000e+00  0.000000e+00  0.000000e+00  0.000000e+00  0.000000e+00  2.100000e-02  3.250000e-02  1.690000e-02  0.000000e+00  0.000000e+00
2.849759e-01  0.000000e+00  0.000000e+00  2.430000e-02  2.900000e-02  0.000000e+00  0.000000e+00  0.000000e+00  0.000000e+00  0.000000e+00  2.430000e-02  2.900000e-02  1.460000e-02  0.000000e+00  0.000000e+00
2.978788e-01  0.000000e+00  0.000000e+00  2.780000e-02  2.640000e-02  0.000000e+00  0.000000e+00  0.000000e+00  0.000000e+00  0.000000e+00  2.780000e-02  2.640000e-02  9.400000e-03  0.000000e+00  0.000000e+00
3.113658e-01  0.000000e+00  0.000000e+00  2.940000e-02  2.580000e-02  0.000000e+00  0.000000e+00  0.000000e+00  0.000000e+00  0.000000e+00  2.940000e-02  2.580000e-02  1.100000e-02  0.000000e+00  0.000000e+00
3.254634e-01  0.000000e+00  0.000000e+00  3.100000e-02  2.610000e-02  0.000000e+00  0.000000e+00  0.000000e+00  0.000000e+00  0.000000e+00  3.100000e-02  2.610000e-02  7.800000e-03  0.000000e+00  0.000000e+00
3.401994e-01  0.000000e+00  0.000000e+00  3.460000e-02  2.410000e-02  0.000000e+00  0.000000e+00  0.000000e+00  0.000000e+00  0.000000e+00  3.460000e-02  2.410000e-02  4.600000e-03  0.000000e+00  0.000000e+00
3.556026e-01  0.000000e+00  0.000000e+00  3.840000e-02  1.510000e-02  0.000000e+00  0.000000e+00  0.000000e+00  0.000000e+00  1.300000e-03  3.840000e-02  2.320000e-02  0.000000e+00  0.000000e+00  0.000000e+00
3.717031e-01  0.000000e+00  0.000000e+00  3.410000e-02  0.000000e+00  0.000000e+00  0.000000e+00  0.000000e+00  0.000000e+00  6.500000e-03  3.410000e-02  2.300000e-02  0.000000e+00  0.000000e+00  0.000000e+00
3.885327e-01  0.000000e+00  0.000000e+00  4.030000e-02  0.000000e+00  0.000000e+00  0.000000e+00  0.000000e+00  0.000000e+00  7.700000e-03  4.030000e-02  2.340000e-02  0.000000e+00  0.000000e+00  0.000000e+00
4.061242e-01  0.000000e+00  0.000000e+00  3.870000e-02  0.000000e+00  0.000000e+00  0.000000e+00  0.000000e+00  0.000000e+00  8.300000e-03  3.870000e-02  1.900000e-02  0.000000e+00  0.000000e+00  0.000000e+00
4.245123e-01  0.000000e+00  0.000000e+00  3.980000e-02  0.000000e+00  0.000000e+00  0.000000e+00  0.000000e+00  0.000000e+00  1.110000e-02  3.980000e-02  1.770000e-02  0.000000e+00  0.000000e+00  0.000000e+00
4.437328e-01  0.000000e+00  0.000000e+00  3.520000e-02  0.000000e+00  0.000000e+00  0.000000e+00  0.000000e+00  0.000000e+00  1.230000e-02  3.520000e-02  1.310000e-02  0.000000e+00  0.000000e+00  0.000000e+00
4.638237e-01  0.000000e+00  0.000000e+00  3.480000e-02  0.000000e+00  0.000000e+00  0.000000e+00  0.000000e+00  0.000000e+00  1.420000e-02  3.480000e-02  1.060000e-02  0.000000e+00  0.000000e+00  0.000000e+00
4.848242e-01  0.000000e+00  0.000000e+00  3.650000e-02  0.000000e+00  0.000000e+00  0.000000e+00  0.000000e+00  0.000000e+00  1.670000e-02  3.650000e-02  9.200000e-03  0.000000e+00  0.000000e+00  0.000000e+00
5.067755e-01  0.000000e+00  0.000000e+00  3.660000e-02  0.000000e+00  0.000000e+00  0.000000e+00  0.000000e+00  0.000000e+00  2.150000e-02  3.660000e-02  7.900000e-03  0.000000e+00  0.000000e+00  0.000000e+00
5.297207e-01  0.000000e+00  0.000000e+00  3.760000e-02  0.000000e+00  0.000000e+00  0.000000e+00  0.000000e+00  0.000000e+00  2.410000e-02  3.760000e-02  3.000000e-03  0.000000e+00  0.000000e+00  0.000000e+00
5.537048e-01  0.000000e+00  1.540000e-02  3.130000e-02  0.000000e+00  0.000000e+00  0.000000e+00  0.000000e+00  0.000000e+00  2.670000e-02  3.130000e-02  0.000000e+00  0.000000e+00  0.000000e+00  0.000000e+00
5.787748e-01  0.000000e+00  3.220000e-02  3.170000e-02  0.000000e+00  0.000000e+00  0.000000e+00  0.000000e+00  0.000000e+00  3.220000e-02  3.170000e-02  0.000000e+00  0.000000e+00  0.000000e+00  0.000000e+00
6.049799e-01  0.000000e+00  3.190000e-02  3.270000e-02  0.000000e+00  0.000000e+00  0.000000e+00  0.000000e+00  0.000000e+00  3.190000e-02  3.270000e-02  0.000000e+00  0.000000e+00  0.000000e+00  0.000000e+00
6.323715e-01  0.000000e+00  3.640000e-02  2.620000e-02  0.000000e+00  0.000000e+00  0.000000e+00  0.000000e+00  0.000000e+00  3.640000e-02  2.620000e-02  0.000000e+00  0.000000e+00  0.000000e+00  0.000000e+00
6.610033e-01  0.000000e+00  3.620000e-02  2.610000e-02  0.000000e+00  0.000000e+00  0.000000e+00  0.000000e+00  0.000000e+00  3.620000e-02  2.610000e-02  0.000000e+00  0.000000e+00  0.000000e+00  0.000000e+00
6.909315e-01  0.000000e+00  4.250000e-02  1.270000e-02  0.000000e+00  0.000000e+00  0.000000e+00  0.000000e+00  0.000000e+00  4.250000e-02  2.680000e-02  0.000000e+00  0.000000e+00  0.000000e+00  0.000000e+00
7.222147e-01  0.000000e+00  4.230000e-02  0.000000e+00  0.000000e+00  0.000000e+00  0.000000e+00  0.000000e+00  0.000000e+00  4.230000e-02  2.510000e-02  0.000000e+00  0.000000e+00  0.000000e+00  0.000000e+00
7.549143e-01  0.000000e+00  3.800000e-02  0.000000e+00  0.000000e+00  0.000000e+00  0.000000e+00  0.000000e+00  0.000000e+00  3.800000e-02  2.270000e-02  0.000000e+00  0.000000e+00  0.000000e+00  0.000000e+00
7.890944e-01  0.000000e+00  3.730000e-02  0.000000e+00  0.000000e+00  0.000000e+00  0.000000e+00  0.000000e+00  0.000000e+00  3.730000e-02  2.140000e-02  0.000000e+00  0.000000e+00  0.000000e+00  0.000000e+00
8.248222e-01  0.000000e+00  3.990000e-02  0.000000e+00  0.000000e+00  0.000000e+00  0.000000e+00  0.000000e+00  0.000000e+00  3.990000e-02  1.560000e-02  0.000000e+00  0.000000e+00  0.000000e+00  0.000000e+00
8.621675e-01  0.000000e+00  4.220000e-02  0.000000e+00  0.000000e+00  0.000000e+00  0.000000e+00  0.000000e+00  0.000000e+00  4.220000e-02  1.240000e-02  0.000000e+00  0.000000e+00  0.000000e+00  0.000000e+00
9.012038e-01  0.000000e+00  3.530000e-02  0.000000e+00  0.000000e+00  0.000000e+00  0.000000e+00  0.000000e+00  0.000000e+00  3.530000e-02  8.600000e-03  0.000000e+00  0.000000e+00  0.000000e+00  0.000000e+00
9.420075e-01  0.000000e+00  3.830000e-02  0.000000e+00  0.000000e+00  0.000000e+00  0.000000e+00  0.000000e+00  0.000000e+00  3.830000e-02  7.800000e-03  0.000000e+00  0.000000e+00  0.000000e+00  0.000000e+00
9.846586e-01  0.000000e+00  3.440000e-02  0.000000e+00  0.000000e+00  0.000000e+00  0.000000e+00  0.000000e+00  0.000000e+00  3.440000e-02  6.900000e-03  0.000000e+00  0.000000e+00  0.000000e+00  0.000000e+00
1.029241e+00  0.000000e+00  3.770000e-02  0.000000e+00  0.000000e+00  0.000000e+00  0.000000e+00  0.000000e+00  0.000000e+00  3.770000e-02  4.000000e-04  0.000000e+00  0.000000e+00  0.000000e+00  0.000000e+00
1.075842e+00  0.000000e+00  3.610000e-02  0.000000e+00  0.000000e+00  0.000000e+00  0.000000e+00  0.000000e+00  0.000000e+00  3.610000e-02  0.000000e+00  0.000000e+00  0.000000e+00  0.000000e+00  0.000000e+00
1.124552e+00  0.000000e+00  3.210000e-02  0.000000e+00  0.000000e+00  0.000000e+00  0.000000e+00  0.000000e+00  0.000000e+00  3.210000e-02  0.000000e+00  0.000000e+00  0.000000e+00  0.000000e+00  0.000000e+00
1.175469e+00  0.000000e+00  3.400000e-02  0.000000e+00  0.000000e+00  0.000000e+00  0.000000e+00  0.000000e+00  0.000000e+00  3.400000e-02  0.000000e+00  0.000000e+00  0.000000e+00  0.000000e+00  0.000000e+00
1.228690e+00  0.000000e+00  3.070000e-02  0.000000e+00  0.000000e+00  0.000000e+00  0.000000e+00  0.000000e+00  0.000000e+00  3.070000e-02  0.000000e+00  0.000000e+00  0.000000e+00  0.000000e+00  0.000000e+00
1.284321e+00  0.000000e+00  7.100000e-03  0.000000e+00  0.000000e+00  0.000000e+00  0.000000e+00  0.000000e+00  0.000000e+00  2.780000e-02  0.000000e+00  0.000000e+00  0.000000e+00  0.000000e+00  0.000000e+00
1.342471e+00  0.000000e+00  0.000000e+00  0.000000e+00  0.000000e+00  0.000000e+00  0.000000e+00  0.000000e+00  0.000000e+00  2.550000e-02  0.000000e+00  0.000000e+00  0.000000e+00  0.000000e+00  0.000000e+00
1.403254e+00  0.000000e+00  0.000000e+00  0.000000e+00  0.000000e+00  0.000000e+00  0.000000e+00  0.000000e+00  0.000000e+00  2.250000e-02  0.000000e+00  0.000000e+00  0.000000e+00  0.000000e+00  0.000000e+00
1.466789e+00  0.000000e+00  0.000000e+00  0.000000e+00  0.000000e+00  0.000000e+00  0.000000e+00  0.000000e+00  2.900000e-03  2.030000e-02  0.000000e+00  0.000000e+00  0.000000e+00  0.000000e+00  0.000000e+00
1.533201e+00  0.000000e+00  0.000000e+00  0.000000e+00  0.000000e+00  0.000000e+00  0.000000e+00  0.000000e+00  6.600000e-03  1.460000e-02  0.000000e+00  0.000000e+00  0.000000e+00  0.000000e+00  0.000000e+00
1.602619e+00  0.000000e+00  0.000000e+00  0.000000e+00  0.000000e+00  0.000000e+00  0.000000e+00  0.000000e+00  7.200000e-03  1.150000e-02  0.000000e+00  0.000000e+00  0.000000e+00  0.000000e+00  0.000000e+00
1.675181e+00  0.000000e+00  0.000000e+00  0.000000e+00  0.000000e+00  0.000000e+00  0.000000e+00  0.000000e+00  8.200000e-03  8.800000e-03  0.000000e+00  0.000000e+00  0.000000e+00  0.000000e+00  0.000000e+00
1.751028e+00  0.000000e+00  0.000000e+00  0.000000e+00  0.000000e+00  0.000000e+00  0.000000e+00  0.000000e+00  1.200000e-02  6.900000e-03  0.000000e+00  0.000000e+00  0.000000e+00  0.000000e+00  0.000000e+00
1.830309e+00  0.000000e+00  0.000000e+00  0.000000e+00  0.000000e+00  0.000000e+00  0.000000e+00  0.000000e+00  1.520000e-02  4.200000e-03  0.000000e+00  0.000000e+00  0.000000e+00  0.000000e+00  0.000000e+00
1.913180e+00  0.000000e+00  0.000000e+00  0.000000e+00  0.000000e+00  0.000000e+00  0.000000e+00  0.000000e+00  1.640000e-02  0.000000e+00  0.000000e+00  0.000000e+00  0.000000e+00  0.000000e+00  0.000000e+00
1.999803e+00  0.000000e+00  0.000000e+00  0.000000e+00  0.000000e+00  0.000000e+00  0.000000e+00  0.000000e+00  1.950000e-02  0.000000e+00  0.000000e+00  0.000000e+00  0.000000e+00  0.000000e+00  0.000000e+00
2.090347e+00  0.000000e+00  0.000000e+00  0.000000e+00  0.000000e+00  0.000000e+00  0.000000e+00  0.000000e+00  2.680000e-02  0.000000e+00  0.000000e+00  0.000000e+00  0.000000e+00  0.000000e+00  0.000000e+00
2.184992e+00  1.070000e-02  0.000000e+00  0.000000e+00  0.000000e+00  0.000000e+00  0.000000e+00  0.000000e+00  3.090000e-02  0.000000e+00  0.000000e+00  0.000000e+00  0.000000e+00  0.000000e+00  0.000000e+00
2.283921e+00  3.160000e-02  0.000000e+00  0.000000e+00  0.000000e+00  0.000000e+00  0.000000e+00  0.000000e+00  3.160000e-02  0.000000e+00  0.000000e+00  0.000000e+00  0.000000e+00  0.000000e+00  0.000000e+00
2.387330e+00  3.830000e-02  0.000000e+00  0.000000e+00  0.000000e+00  0.000000e+00  0.000000e+00  0.000000e+00  3.830000e-02  0.000000e+00  0.000000e+00  0.000000e+00  0.000000e+00  0.000000e+00  0.000000e+00
2.495421e+00  4.020000e-02  0.000000e+00  0.000000e+00  0.000000e+00  0.000000e+00  0.000000e+00  0.000000e+00  4.020000e-02  0.000000e+00  0.000000e+00  0.000000e+00  0.000000e+00  0.000000e+00  0.000000e+00
2.608406e+00  3.970000e-02  0.000000e+00  0.000000e+00  0.000000e+00  0.000000e+00  0.000000e+00  0.000000e+00  3.970000e-02  0.000000e+00  0.000000e+00  0.000000e+00  0.000000e+00  0.000000e+00  0.000000e+00
2.726506e+00  4.340000e-02  0.000000e+00  0.000000e+00  0.000000e+00  0.000000e+00  0.000000e+00  0.000000e+00  4.340000e-02  0.000000e+00  0.000000e+00  0.000000e+00  0.000000e+00  0.000000e+00  0.000000e+00
2.849954e+00  4.780000e-02  0.000000e+00  0.000000e+00  0.000000e+00  0.000000e+00  0.000000e+00  0.000000e+00  4.780000e-02  0.000000e+00  0.000000e+00  0.000000e+00  0.000000e+00  0.000000e+00  0.000000e+00
2.978991e+00  4.630000e-02  0.000000e+00  0.000000e+00  0.000000e+00  0.000000e+00  0.000000e+00  0.000000e+00  4.630000e-02  0.000000e+00  0.000000e+00  0.000000e+00  0.000000e+00  0.000000e+00  0.000000e+00
3.113870e+00  4.820000e-02  0.000000e+00  0.000000e+00  0.000000e+00  0.000000e+00  0.000000e+00  0.000000e+00  4.820000e-02  0.000000e+00  0.000000e+00  0.000000e+00  0.000000e+00  0.000000e+00  0.000000e+00
3.254856e+00  3.970000e-02  0.000000e+00  0.000000e+00  0.000000e+00  0.000000e+00  0.000000e+00  0.000000e+00  3.970000e-02  0.000000e+00  0.000000e+00  0.000000e+00  0.000000e+00  0.000000e+00  0.000000e+00
3.402226e+00  4.290000e-02  0.000000e+00  0.000000e+00  0.000000e+00  0.000000e+00  0.000000e+00  0.000000e+00  4.290000e-02  0.000000e+00  0.000000e+00  0.000000e+00  0.000000e+00  0.000000e+00  0.000000e+00
3.556268e+00  4.250000e-02  0.000000e+00  0.000000e+00  0.000000e+00  0.000000e+00  0.000000e+00  0.000000e+00  4.250000e-02  0.000000e+00  0.000000e+00  0.000000e+00  0.000000e+00  0.000000e+00  0.000000e+00
3.717285e+00  4.060000e-02  0.000000e+00  0.000000e+00  0.000000e+00  0.000000e+00  0.000000e+00  0.000000e+00  4.060000e-02  0.000000e+00  0.000000e+00  0.000000e+00  0.000000e+00  0.000000e+00  0.000000e+00
3.885592e+00  4.460000e-02  0.000000e+00  0.000000e+00  0.000000e+00  0.000000e+00  0.000000e+00  0.000000e+00  4.460000e-02  0.000000e+00  0.000000e+00  0.000000e+00  0.000000e+00  0.000000e+00  0.000000e+00
4.061519e+00  3.780000e-02  0.000000e+00  0.000000e+00  0.000000e+00  0.000000e+00  0.000000e+00  0.000000e+00  3.780000e-02  0.000000e+00  0.000000e+00  0.000000e+00  0.000000e+00  0.000000e+00  0.000000e+00
4.245412e+00  3.520000e-02  0.000000e+00  0.000000e+00  0.000000e+00  0.000000e+00  0.000000e+00  0.000000e+00  3.520000e-02  0.000000e+00  0.000000e+00  0.000000e+00  0.000000e+00  0.000000e+00  0.000000e+00
4.437631e+00  3.800000e-02  0.000000e+00  0.000000e+00  0.000000e+00  0.000000e+00  0.000000e+00  0.000000e+00  3.800000e-02  0.000000e+00  0.000000e+00  0.000000e+00  0.000000e+00  0.000000e+00  0.000000e+00
4.638553e+00  1.250000e-02  0.000000e+00  0.000000e+00  0.000000e+00  0.000000e+00  0.000000e+00  0.000000e+00  3.140000e-02  0.000000e+00  0.000000e+00  0.000000e+00  0.000000e+00  0.000000e+00  0.000000e+00
4.848573e+00  0.000000e+00  0.000000e+00  0.000000e+00  0.000000e+00  0.000000e+00  0.000000e+00  0.000000e+00  2.630000e-02  0.000000e+00  0.000000e+00  0.000000e+00  0.000000e+00  0.000000e+00  0.000000e+00
5.068101e+00  0.000000e+00  0.000000e+00  0.000000e+00  0.000000e+00  0.000000e+00  0.000000e+00  0.000000e+00  2.620000e-02  0.000000e+00  0.000000e+00  0.000000e+00  0.000000e+00  0.000000e+00  0.000000e+00
5.297568e+00  0.000000e+00  0.000000e+00  0.000000e+00  0.000000e+00  0.000000e+00  0.000000e+00  0.000000e+00  1.900000e-02  0.000000e+00  0.000000e+00  0.000000e+00  0.000000e+00  0.000000e+00  0.000000e+00
5.537426e+00  0.000000e+00  0.000000e+00  0.000000e+00  0.000000e+00  0.000000e+00  0.000000e+00  0.000000e+00  1.550000e-02  0.000000e+00  0.000000e+00  0.000000e+00  0.000000e+00  0.000000e+00  0.000000e+00
5.788143e+00  0.000000e+00  0.000000e+00  0.000000e+00  0.000000e+00  0.000000e+00  0.000000e+00  0.000000e+00  1.250000e-02  0.000000e+00  0.000000e+00  0.000000e+00  0.000000e+00  0.000000e+00  0.000000e+00
6.050212e+00  0.000000e+00  0.000000e+00  0.000000e+00  0.000000e+00  0.000000e+00  0.000000e+00  0.000000e+00  8.600000e-03  0.000000e+00  0.000000e+00  0.000000e+00  0.000000e+00  0.000000e+00  0.000000e+00
6.324147e+00  0.000000e+00  0.000000e+00  0.000000e+00  0.000000e+00  0.000000e+00  0.000000e+00  0.000000e+00  8.000000e-03  0.000000e+00  0.000000e+00  0.000000e+00  0.000000e+00  0.000000e+00  0.000000e+00
