8.109668e-04  0.000000e+00  0.000000e+00  0.000000e+00  0.000000e+00  0.000000e+00  0.000000e+00  0.000000e+00  0.000000e+00  0.000000e+00  0.000000e+00  0.000000e+00  0.000000e+00  0.000000e+00  5.100000e-03
8.474704e-04  0.000000e+00  0.000000e+00  0.000000e+00  0.000000e+00  0.000000e+00  0.000000e+00  0.000000e+00  0.000000e+00  0.000000e+00  0.000000e+00  0.000000e+00  0.000000e+00  0.000000e+00  4.800000e-03
8.856172e-04  0.000000e+00  0.000000e+00  0.000000e+00  0.000000e+00  0.000000e+00  0.000000e+00  0.000000e+00  0.000000e+00  0.000000e+00  0.000000e+00  0.000000e+00  0.000000e+00  0.000000e+00  7.000000e-03
9.254811e-04  0.000000e+00  0.000000e+00  0.000000e+00  0.000000e+00  0.000000e+00  0.000000e+00  0.000000e+00  0.000000e+00  0.000000e+00  0.000000e+00  0.000000e+00  0.000000e+00  0.000000e+00  6.300000e-03
9.671394e-04  0.000000e+00  0.000000e+00  0.000000e+00  0.000000e+00  0.000000e+00  0.000000e+00  0.000000e+00  0.000000e+00  0.000000e+00  0.000000e+00  0.000000e+00  0.000000e+00  0.000000e+00  6.800000e-03
1.010673e-03  0.000000e+00  0.000000e+00  0.000000e+00  0.000000e+00  0.000000e+00  0.000000e+00  0.000000e+00  0.000000e+00  0.000000e+00  0.000000e+00  0.000000e+00  0.000000e+00  0.000000e+00  5.600000e-03
1.056166e-03  0.000000e+00  0.000000e+00  0.000000e+00  0.000000e+00  0.000000e+00  0.000000e+00  0.000000e+00  0.000000e+00  0.000000e+00  0.000000e+00  0.000000e+00  0.000000e+00  0.000000e+00  7.400000e-03
1.103706e-03  0.000000e+00  0.000000e+00  0.000000e+00  0.000000e+00  0.000000e+00  0.000000e+00  0.000000e+00  0.000000e+00  0.000000e+00  0.000000e+00  0.000000e+00  0.000000e+00  0.000000e+00  7.100000e-03
1.153387e-03  0.000000e+00  0.000000e+00  0.000000e+00  0.000000e+00  0.000000e+00  0.000000e+00  0.000000e+00  0.000000e+00  0.000000e+00  0.000000e+00  0.000000e+00  0.000000e+00  0.000000e+00  8.300000e-03
1.205304e-03  0.000000e+00  0.000000e+00  0.000000e+00  0.000000e+00  0.000000e+00  0.000000e+00  0.000000e+00  0.000000e+00  0.000000e+00  0.000000e+00  0.000000e+00  0.000000e+00  0.000000e+00  8.700000e-03
1.259558e-03  0.000000e+00  0.000000e+00  0.000000e+00  0.000000e+00  0.000000e+00  0.000000e+00  0.000000e+00  0.000000e+00  0.000000e+00  0.000000e+00  0.000000e+00  0.000000e+00  0.000000e+00  1.080000e-02
1.316253e-03  0.000000e+00  0.000000e+00  0.000000e+00  0.000000e+00  0.000000e+00  0.000000e+00  0.000000e+00  0.000000e+00  0.000000e+00  0.000000e+00  0.000000e+00  0.000000e+00  0.000000e+00  1.030000e-02
1.375501e-03  0.000000e+00  0.000000e+00  0.000000e+00  0.000000e+00  0.000000e+00  0.000000e+00  0.000000e+00  0.000000e+00  0.000000e+00  0.000000e+00  0.000000e+00  0.000000e+00  0.000000e+00  1.180000e-02
1.437416e-03  0.000000e+00  0.000000e+00  0.000000e+00  0.000000e+00  0.000000e+00  0.000000e+00  0.000000e+00  0.000000e+00  0.000000e+00  0.000000e+00  0.000000e+00  0.000000e+00  0.000000e+00  1.300000e-02
1.502118e-03  0.000000e+00  0.000000e+00  0.000000e+00  0.000000e+00  0.000000e+00  0.000000e+00  0.000000e+00  0.000000e+00  0.000000e+00  0.000000e+00  0.000000e+00  0.000000e+00  0.000000e+00  9.800000e-03
1.569732e-03  0.000000e+00  0.000000e+00  0.000000e+00  0.000000e+00  0.000000e+00  0.000000e+00  7.000000e-04  0.000000e+00  0.000000e+00  0.000000e+00  0.000000e+00  0.000000e+00  0.000000e+00  1.290000e-02
1.640390e-03  0.000000e+00  0.000000e+00  0.000000e+00  0.000000e+00  0.000000e+00  0.000000e+00  1.280000e-02  0.000000e+00  0.000000e+00  0.000000e+00  0.000000e+00  0.000000e+00  0.000000e+00  1.280000e-02
1.714228e-03  0.000000e+00  0.000000e+00  0.000000e+00  0.000000e+00  0.000000e+00  0.000000e+00  1.420000e-02  0.000000e+00  0.000000e+00  0.000000e+00  0.000000e+00  0.000000e+00  0.000000e+00  1.420000e-02
1.791389e-03  0.000000e+00  0.000000e+00  0.000000e+00  0.000000e+00  0.000000e+00  0.000000e+00  1.440000e-02  0.000000e+00  0.000000e+00  0.000000e+00  0.000000e+00  0.000000e+00  0.000000e+00  1.440000e-02
1.872024e-03  0.000000e+00  0.000000e+00  0.000000e+00  0.000000e+00  0.000000e+00  0.000000e+00  1.490000e-02  0.000000e+00  0.000000e+00  0.000000e+00  0.000000e+00  0.000000e+00  0.000000e+00  1.490000e-02
1.956289e-03  0.000000e+00  0.000000e+00  0.000000e+00  0.000000e+00  0.000000e+00  0.000000e+00  1.500000e-02  0.000000e+00  0.000000e+00  0.000000e+00  0.000000e+00  0.000000e+00  0.000000e+00  1.500000e-02
2.044347e-03  0.000000e+00  0.000000e+00  0.000000e+00  0.000000e+00  0.000000e+00  0.000000e+00  1.640000e-02  0.000000e+00  0.000000e+00  0.000000e+00  0.000000e+00  0.000000e+00  0.000000e+00  1.640000e-02
2.136368e-03  0.000000e+00  0.000000e+00  0.000000e+00  0.000000e+00  0.000000e+00  0.000000e+00  1.600000e-02  0.000000e+00  0.000000e+00  0.000000e+00  0.000000e+00  0.000000e+00  0.000000e+00  1.600000e-02
2.232531e-03  0.000000e+00  0.000000e+00  0.000000e+00  0.000000e+00  0.000000e+00  0.000000e+00  1.740000e-02  0.000000e+00  0.000000e+00  0.000000e+00  0.000000e+00  0.000000e+00  0.000000e+00  1.740000e-02
2.333023e-03  0.000000e+00  0.000000e+00  0.000000e+00  0.000000e+00  0.000000e+00  0.000000e+00  1.610000e-02  0.000000e+00  0.000000e+00  0.000000e+00  0.000000e+00  0.000000e+00  0.000000e+00  1.610000e-02
2.438038e-03  0.000000e+00  0.000000e+00  0.000000e+00  0.000000e+00  0.000000e+00  0.000000e+00  1.750000e-02  0.000000e+00  0.000000e+00  0.000000e+00  0.000000e+00  0.000000e+00  0.000000e+00  1.750000e-02
2.547780e-03  0.000000e+00  0.000000e+00  0.000000e+00  0.000000e+00  0.000000e+00  0.000000e+00  1.740000e-02  0.000000e+00  0.000000e+00  0.000000e+00  0.000000e+00  0.000000e+00  0.000000e+00  1.740000e-02
2.662462e-03  0.000000e+00  0.000000e+00  0.000000e+00  0.000000e+00  0.000000e+00  0.000000e+00  1.840000e-02  0.000000e+00  0.000000e+00  0.000000e+00  0.000000e+00  0.000000e+00  0.000000e+00  1.840000e-02
2.782307e-03  0.000000e+00  0.000000e+00  0.000000e+00  0.000000e+00  0.000000e+00  0.000000e+00  2.100000e-02  0.000000e+00  0.000000e+00  0.000000e+00  0.000000e+00  0.000000e+00  0.000000e+00  2.100000e-02
2.907545e-03  0.000000e+00  0.000000e+00  0.000000e+00  0.000000e+00  0.000000e+00  0.000000e+00  1.870000e-02  0.000000e+00  0.000000e+00  0.000000e+00  0.000000e+00  0.000000e+00  0.000000e+00  1.870000e-02
3.038421e-03  0.000000e+00  0.000000e+00  0.000000e+00  0.000000e+00  0.000000e+00  0.000000e+00  1.680000e-02  0.000000e+00  0.000000e+00  0.000000e+00  0.000000e+00  0.000000e+00  0.000000e+00  1.680000e-02
3.175188e-03  0.000000e+00  0.000000e+00  0.000000e+00  0.000000e+00  0.000000e+00  0.000000e+00  1.730000e-02  0.000000e+00  0.000000e+00  0.000000e+00  0.000000e+00  0.000000e+00  3.600000e-03  1.730000e-02
3.318112e-03  0.000000e+00  0.000000e+00  0.000000e+00  0.000000e+00  0.000000e+00  0.000000e+00  1.900000e-02  0.000000e+00  0.000000e+00  0.000000e+00  0.000000e+00  0.000000e+00  4.900000e-03  1.900000e-02
3.467468e-03  0.000000e+00  0.000000e+00  0.000000e+00  0.000000e+00  0.000000e+00  0.000000e+00  1.970000e-02  0.000000e+00  0.000000e+00  0.000000e+00  0.000000e+00  0.000000e+00  7.000000e-03  1.970000e-02
3.623548e-03  0.000000e+00  0.000000e+00  0.000000e+00  0.000000e+00  0.000000e+00  0.000000e+00  1.810000e-02  0.000000e+00  0.000000e+00  0.000000e+00  0.000000e+00  0.000000e+00  8.400000e-03  1.810000e-02
3.786653e-03  0.000000e+00  0.000000e+00  0.000000e+00  0.000000e+00  0.000000e+00  0.000000e+00  2.120000e-02  0.000000e+00  0.000000e+00  0.000000e+00  0.000000e+00  0.000000e+00  9.500000e-03  2.120000e-02
3.957100e-03  0.000000e+00  0.000000e+00  0.000000e+00  0.000000e+00  0.000000e+00  0.000000e+00  2.060000e-02  0.000000e+00  0.000000e+00  0.000000e+00  0.000000e+00  0.000000e+00  9.900000e-03  2.060000e-02
4.135219e-03  0.000000e+00  0.000000e+00  0.000000e+00  0.000000e+00  0.000000e+00  0.000000e+00  1.980000e-02  0.000000e+00  0.000000e+00  0.000000e+00  0.000000e+00  0.000000e+00  1.030000e-02  1.980000e-02
4.321355e-03  0.000000e+00  0.000000e+00  0.000000e+00  0.000000e+00  0.000000e+00  0.000000e+00  1.970000e-02  0.000000e+00  0.000000e+00  0.000000e+00  0.000000e+00  0.000000e+00  8.500000e-03  1.970000e-02
4.515870e-03  0.000000e+00  0.000000e+00  0.000000e+00  0.000000e+00  0.000000e+00  0.000000e+00  1.970000e-02  0.000000e+00  0.000000e+00  0.000000e+00  0.000000e+00  0.000000e+00  1.290000e-02  1.970000e-02
4.719141e-03  0.000000e+00  0.000000e+00  0.000000e+00  0.000000e+00  0.000000e+00  0.000000e+00  1.900000e-02  0.000000e+00  0.000000e+00  0.000000e+00  0.000000e+00  1.400000e-03  1.230000e-02  1.900000e-02
4.931562e-03  0.000000e+00  0.000000e+00  0.000000e+00  0.000000e+00  0.000000e+00  0.000000e+00  1.700000e-02  0.000000e+00  0.000000e+00  0.000000e+00  0.000000e+00  5.700000e-03  1.320000e-02  1.700000e-02
5.153544e-03  0.000000e+00  0.000000e+00  0.000000e+00  0.000000e+00  0.000000e+00  0.000000e+00  1.850000e-02  0.000000e+00  0.000000e+00  0.000000e+00  0.000000e+00  6.600000e-03  1.550000e-02  1.850000e-02
5.385518e-03  0.000000e+00  0.000000e+00  0.000000e+00  0.000000e+00  0.000000e+00  0.000000e+00  1.840000e-02  0.000000e+00  0.000000e+00  0.000000e+00  0.000000e+00  6.000000e-03  1.390000e-02  1.840000e-02
5.627933e-03  0.000000e+00  0.000000e+00  0.000000e+00  0.000000e+00  0.000000e+00  1.010000e-02  1.970000e-02  0.000000e+00  0.000000e+00  0.000000e+00  0.000000e+00  7.000000e-03  1.520000e-02  1.970000e-02
5.881261e-03  0.000000e+00  0.000000e+00  0.000000e+00  0.000000e+00  0.000000e+00  1.830000e-02  1.870000e-02  0.000000e+00  0.000000e+00  0.000000e+00  0.000000e+00  1.110000e-02  1.830000e-02  1.870000e-02
6.145991e-03  0.000000e+00  0.000000e+00  0.000000e+00  0.000000e+00  0.000000e+00  1.900000e-02  2.040000e-02  0.000000e+00  0.000000e+00  0.000000e+00  0.000000e+00  9.600000e-03  1.900000e-02  2.040000e-02
6.422638e-03  0.000000e+00  0.000000e+00  0.000000e+00  0.000000e+00  0.000000e+00  1.890000e-02  1.860000e-02  0.000000e+00  0.000000e+00  0.000000e+00  0.000000e+00  1.060000e-02  1.890000e-02  1.860000e-02
6.711737e-03  0.000000e+00  0.000000e+00  0.000000e+00  0.000000e+00  0.000000e+00  1.730000e-02  1.810000e-02  0.000000e+00  0.000000e+00  0.000000e+00  0.000000e+00  1.080000e-02  1.730000e-02  1.810000e-02
7.013849e-03  0.000000e+00  0.000000e+00  0.000000e+00  0.000000e+00  0.000000e+00  2.020000e-02  1.840000e-02  0.000000e+00  0.000000e+00  0.000000e+00  0.000000e+00  1.390000e-02  2.020000e-02  1.840000e-02
7.329561e-03  0.000000e+00  0.000000e+00  0.000000e+00  0.000000e+00  0.000000e+00  1.900000e-02  1.830000e-02  0.000000e+00  0.000000e+00  0.000000e+00  0.000000e+00  1.280000e-02  1.900000e-02  1.830000e-02
7.659483e-03  0.000000e+00  0.000000e+00  0.000000e+00  0.000000e+00  0.000000e+00  2.070000e-02  1.530000e-02  0.000000e+00  0.000000e+00  0.000000e+00  0.000000e+00  1.530000e-02  2.070000e-02  1.530000e-02
8.004255e-03  0.000000e+00  0.000000e+00  0.000000e+00  0.000000e+00  0.000000e+00  1.960000e-02  1.540000e-02  0.000000e+00  0.000000e+00  0.000000e+00  1.500000e-03  1.410000e-02  1.960000e-02  1.540000e-02
8.364547e-03  0.000000e+00  0.000000e+00  0.000000e+00  0.000000e+00  6.100000e-03  2.050000e-02  1.440000e-02  0.000000e+00  0.000000e+00  0.000000e+00  5.800000e-03  1.620000e-02  2.050000e-02  1.440000e-02
8.741057e-03  0.000000e+00  0.000000e+00  0.000000e+00  0.000000e+00  2.090000e-02  2.320000e-02  7.000000e-03  0.000000e+00  0.000000e+00  0.000000e+00  7.400000e-03  2.090000e-02  2.320000e-02  1.550000e-02
9.134514e-03  0.000000e+00  0.000000e+00  0.000000e+00  0.000000e+00  1.640000e-02  2.000000e-02  0.000000e+00  0.000000e+00  0.000000e+00  0.000000e+00  7.400000e-03  1.640000e-02  2.000000e-02  1.240000e-02
9.545681e-03  0.000000e+00  0.000000e+00  0.000000e+00  0.000000e+00  1.910000e-02  2.370000e-02  0.000000e+00  0.000000e+00  0.000000e+00  0.000000e+00  7.500000e-03  1.910000e-02  2.370000e-02  1.120000e-02
9.975356e-03  0.000000e+00  0.000000e+00  0.000000e+00  0.000000e+00  1.890000e-02  2.410000e-02  0.000000e+00  0.000000e+00  0.000000e+00  0.000000e+00  1.130000e-02  1.890000e-02  2.410000e-02  1.280000e-02
1.042437e-02  0.000000e+00  0.000000e+00  0.000000e+00  0.000000e+00  2.340000e-02  2.390000e-02  0.000000e+00  0.000000e+00  0.000000e+00  0.000000e+00  1.010000e-02  2.340000e-02  2.390000e-02  1.060000e-02
1.089360e-02  0.000000e+00  0.000000e+00  0.000000e+00  0.000000e+00  2.240000e-02  2.220000e-02  0.000000e+00  0.000000e+00  0.000000e+00  0.000000e+00  1.010000e-02  2.240000e-02  2.220000e-02  1.110000e-02
1.138395e-02  0.000000e+00  0.000000e+00  0.000000e+00  0.000000e+00  2.020000e-02  2.490000e-02  0.000000e+00  0.000000e+00  0.000000e+00  0.000000e+00  1.350000e-02  2.020000e-02  2.490000e-02  1.080000e-02
1.189637e-02  0.000000e+00  0.000000e+00  0.000000e+00  0.000000e+00  2.080000e-02  2.170000e-02  0.000000e+00  0.000000e+00  0.000000e+00  0.000000e+00  1.550000e-02  2.080000e-02  2.170000e-02  9.100000e-03
1.243185e-02  0.000000e+00  0.000000e+00  0.000000e+00  0.000000e+00  2.300000e-02  2.500000e-02  0.000000e+00  0.000000e+00  0.000000e+00  0.000000e+00  1.530000e-02  2.300000e-02  2.500000e-02  7.900000e-03
1.299144e-02  0.000000e+00  0.000000e+00  0.000000e+00  0.000000e+00  2.370000e-02  2.220000e-02  0.000000e+00  0.000000e+00  0.000000e+00  0.000000e+00  1.530000e-02  2.370000e-02  2.220000e-02  7.100000e-03
1.357622e-02  0.000000e+00  0.000000e+00  0.000000e+00  5.000000e-03  2.340000e-02  2.330000e-02  0.000000e+00  0.000000e+00  0.000000e+00  0.000000e+00  1.930000e-02  2.340000e-02  2.330000e-02  6.600000e-03
1.418732e-02  0.000000e+00  0.000000e+00  0.000000e+00  1.510000e-02  2.530000e-02  2.120000e-02  0.000000e+00  0.000000e+00  0.000000e+00  0.000000e+00  1.510000e-02  2.530000e-02  2.120000e-02  6.300000e-03
1.482593e-02  0.000000e+00  0.000000e+00  0.000000e+00  1.800000e-02  2.580000e-02  2.310000e-02  0.000000e+00  0.000000e+00  0.000000e+00  0.000000e+00  1.800000e-02  2.580000e-02  2.310000e-02  5.100000e-03
1.549328e-02  0.000000e+00  0.000000e+00  0.000000e+00  1.850000e-02  2.710000e-02  2.350000e-02  0.000000e+00  0.000000e+00  0.000000e+00  1.600000e-03  1.850000e-02  2.710000e-02  2.350000e-02  5.700000e-03
1.619067e-02  0.000000e+00  0.000000e+00  0.000000e+00  2.220000e-02  2.570000e-02  2.260000e-02  0.000000e+00  0.000000e+00  0.000000e+00  5.400000e-03  2.220000e-02  2.570000e-02  2.260000e-02  4.800000e-03
1.691946e-02  0.000000e+00  0.000000e+00  0.000000e+00  2.170000e-02  2.650000e-02  2.190000e-02  0.000000e+00  0.000000e+00  0.000000e+00  7.700000e-03  2.170000e-02  2.650000e-02  2.190000e-02  4.800000e-03
1.768104e-02  0.000000e+00  0.000000e+00  0.000000e+00  2.130000e-02  2.520000e-02  2.270000e-02  0.000000e+00  0.000000e+00  0.000000e+00  7.100000e-03  2.130000e-02  2.520000e-02  2.270000e-02  2.000000e-04
1.847691e-02  0.000000e+00  0.000000e+00  0.000000e+00  2.390000e-02  2.560000e-02  2.430000e-02  0.000000e+00  0.000000e+00  0.000000e+00  9.100000e-03  2.390000e-02  2.560000e-02  2.430000e-02  0.000000e+00
1.930860e-02  0.000000e+00  0.000000e+00  0.000000e+00  2.600000e-02  2.420000e-02  2.140000e-02  0.000000e+00  0.000000e+00  0.000000e+00  1.040000e-02  2.600000e-02  2.420000e-02  2.140000e-02  0.000000e+00
2.017773e-02  0.000000e+00  0.000000e+00  0.000000e+00  2.740000e-02  2.580000e-02  2.020000e-02  0.000000e+00  0.000000e+00  0.000000e+00  1.170000e-02  2.740000e-02  2.580000e-02  2.020000e-02  0.000000e+00
2.108598e-02  0.000000e+00  0.000000e+00  0.000000e+00  2.630000e-02  2.190000e-02  2.000000e-02  0.000000e+00  0.000000e+00  0.000000e+00  1.250000e-02  2.630000e-02  2.190000e-02  2.000000e-02  0.000000e+00
2.203512e-02  0.000000e+00  0.000000e+00  0.000000e+00  2.680000e-02  2.450000e-02  1.880000e-02  0.000000e+00  0.000000e+00  0.000000e+00  1.230000e-02  2.680000e-02  2.450000e-02  1.880000e-02  0.000000e+00
2.302697e-02  0.000000e+00  0.000000e+00  0.000000e+00  2.810000e-02  2.350000e-02  2.500000e-03  0.000000e+00  0.000000e+00  0.000000e+00  1.420000e-02  2.810000e-02  2.350000e-02  1.480000e-02  0.000000e+00
2.406348e-02  0.000000e+00  0.000000e+00  0.000000e+00  2.770000e-02  2.480000e-02  0.000000e+00  0.000000e+00  0.000000e+00  0.000000e+00  1.640000e-02  2.770000e-02  2.480000e-02  1.540000e-02  0.000000e+00
2.514663e-02  0.000000e+00  0.000000e+00  0.000000e+00  2.880000e-02  2.420000e-02  0.000000e+00  0.000000e+00  0.000000e+00  0.000000e+00  1.900000e-02  2.880000e-02  2.420000e-02  1.490000e-02  0.000000e+00
2.627855e-02  0.000000e+00  0.000000e+00  1.060000e-02  2.690000e-02  2.470000e-02  0.000000e+00  0.000000e+00  0.000000e+00  0.000000e+00  1.820000e-02  2.690000e-02  2.470000e-02  1.130000e-02  0.000000e+00
2.746141e-02  0.000000e+00  0.000000e+00  1.980000e-02  2.940000e-02  2.200000e-02  0.000000e+00  0.000000e+00  0.000000e+00  0.000000e+00  1.980000e-02  2.940000e-02  2.200000e-02  1.200000e-02  0.000000e+00
2.869752e-02  0.000000e+00  0.000000e+00  1.830000e-02  2.820000e-02  2.040000e-02  0.000000e+00  0.000000e+00  0.000000e+00  4.900000e-03  1.830000e-02  2.820000e-02  2.040000e-02  1.470000e-02  0.000000e+00
2.998927e-02  0.000000e+00  0.000000e+00  2.400000e-02  2.620000e-02  1.870000e-02  0.000000e+00  0.000000e+00  0.000000e+00  6.700000e-03  2.400000e-02  2.620000e-02  1.870000e-02  1.140000e-02  0.000000e+00
3.133916e-02  0.000000e+00  0.000000e+00  2.160000e-02  2.710000e-02  5.800000e-03  0.000000e+00  0.000000e+00  0.000000e+00  7.400000e-03  2.160000e-02  2.710000e-02  1.720000e-02  9.400000e-03  0.000000e+00
3.274982e-02  0.000000e+00  0.000000e+00  2.480000e-02  2.600000e-02  0.000000e+00  0.000000e+00  0.000000e+00  0.000000e+00  8.900000e-03  2.480000e-02  2.600000e-02  1.670000e-02  8.700000e-03  0.000000e+00
3.422397e-02  0.000000e+00  0.000000e+00  2.660000e-02  2.860000e-02  0.000000e+00  0.000000e+00  0.000000e+00  0.000000e+00  8.800000e-03  2.660000e-02  2.860000e-02  1.450000e-02  7.000000e-03  0.000000e+00
3.576447e-02  0.000000e+00  0.000000e+00  2.750000e-02  2.770000e-02  0.000000e+00  0.000000e+00  0.000000e+00  0.000000e+00  1.280000e-02  2.750000e-02  2.770000e-02  1.260000e-02  5.500000e-03  0.000000e+00
3.737432e-02  0.000000e+00  0.000000e+00  2.940000e-02  2.700000e-02  0.000000e+00  0.000000e+00  0.000000e+00  0.000000e+00  1.540000e-02  2.940000e-02  2.700000e-02  1.560000e-02  6.300000e-03  0.000000e+00
3.905664e-02  0.000000e+00  0.000000e+00  3.150000e-02  2.440000e-02  0.000000e+00  0.000000e+00  0.000000e+00  0.000000e+00  1.470000e-02  3.150000e-02  2.440000e-02  1.330000e-02  6.100000e-03  0.000000e+00
4.081467e-02  0.000000e+00  0.000000e+00  2.780000e-02  2.160000e-02  0.000000e+00  0.000000e+00  0.000000e+00  0.000000e+00  1.540000e-02  2.780000e-02  2.160000e-02  1.020000e-02  0.000000e+00  0.000000e+00
4.265185e-02  0.000000e+00  0.000000e+00  3.140000e-02  2.180000e-02  0.000000e+00  0.000000e+00  0.000000e+00  0.000000e+00  1.560000e-02  3.140000e-02  2.180000e-02  1.120000e-02  0.000000e+00  0.000000e+00
4.457171e-02  0.000000e+00  0.000000e+00  3.150000e-02  2.130000e-02  0.000000e+00  0.000000e+00  0.000000e+00  0.000000e+00  1.870000e-02  3.150000e-02  2.130000e-02  8.100000e-03  0.000000e+00  0.000000e+00
4.657800e-02  0.000000e+00  1.190000e-02  3.290000e-02  7.000000e-03  0.000000e+00  0.000000e+00  0.000000e+00  0.000000e+00  1.760000e-02  3.290000e-02  1.920000e-02  5.200000e-03  0.000000e+00  0.000000e+00
4.867459e-02  0.000000e+00  2.230000e-02  3.020000e-02  0.000000e+00  0.000000e+00  0.000000e+00  0.000000e+00  0.000000e+00  2.230000e-02  3.020000e-02  1.640000e-02  7.500000e-03  0.000000e+00  0.000000e+00
5.086556e-02  0.000000e+00  2.280000e-02  3.260000e-02  0.000000e+00  0.000000e+00  0.000000e+00  0.000000e+00  0.000000e+00  2.280000e-02  3.260000e-02  1.770000e-02  6.900000e-03  0.000000e+00  0.000000e+00
5.315515e-02  0.000000e+00  2.750000e-02  2.990000e-02  0.000000e+00  0.000000e+00  0.000000e+00  0.000000e+00  0.000000e+00  2.750000e-02  2.990000e-02  1.520000e-02  1.800000e-03  0.000000e+00  0.000000e+00
5.554779e-02  0.000000e+00  2.600000e-02  3.340000e-02  0.000000e+00  0.000000e+00  0.000000e+00  0.000000e+00  0.000000e+00  2.600000e-02  3.340000e-02  1.330000e-02  0.000000e+00  0.000000e+00  0.000000e+00
5.804814e-02  0.000000e+00  2.780000e-02  2.970000e-02  0.000000e+00  0.000000e+00  0.000000e+00  0.000000e+00  0.000000e+00  2.780000e-02  2.970000e-02  1.210000e-02  0.000000e+00  0.000000e+00  0.000000e+00
6.066104e-02  0.000000e+00  3.130000e-02  2.780000e-02  0.000000e+00  0.000000e+00  0.000000e+00  0.000000e+00  0.000000e+00  3.130000e-02  2.780000e-02  1.140000e-02  0.000000e+00  0.000000e+00  0.000000e+00
6.339154e-02  0.000000e+00  2.960000e-02  2.860000e-02  0.000000e+00  0.000000e+00  0.000000e+00  0.000000e+00  0.000000e+00  2.960000e-02  2.860000e-02  9.900000e-03  0.000000e+00  0.000000e+00  0.000000e+00
6.624496e-02  0.000000e+00  2.840000e-02  2.460000e-02  0.000000e+00  0.000000e+00  0.000000e+00  0.000000e+00  0.000000e+00  2.840000e-02  2.460000e-02  9.000000e-03  0.000000e+00  0.000000e+00  0.000000e+00
6.922681e-02  0.000000e+00  3.240000e-02  2.900000e-02  0.000000e+00  0.000000e+00  0.000000e+00  0.000000e+00  0.000000e+00  3.240000e-02  2.900000e-02  6.800000e-03  0.000000e+00  0.000000e+00  0.000000e+00
7.234288e-02  0.000000e+00  3.110000e-02  2.540000e-02  0.000000e+00  0.000000e+00  0.000000e+00  0.000000e+00  0.000000e+00  3.110000e-02  2.540000e-02  6.000000e-03  0.000000e+00  0.000000e+00  0.000000e+00
7.559922e-02  0.000000e+00  3.790000e-02  2.180000e-02  0.000000e+00  0.000000e+00  0.000000e+00  0.000000e+00  0.000000e+00  3.790000e-02  2.180000e-02  5.000000e-03  0.000000e+00  0.000000e+00  0.000000e+00
7.900213e-02  0.000000e+00  3.470000e-02  9.300000e-03  0.000000e+00  0.000000e+00  0.000000e+00  0.000000e+00  0.000000e+00  3.470000e-02  1.920000e-02  0.000000e+00  0.000000e+00  0.000000e+00  0.000000e+00
8.255822e-02  0.000000e+00  3.380000e-02  0.000000e+00  0.000000e+00  0.000000e+00  0.000000e+00  0.000000e+00  0.000000e+00  3.380000e-02  2.010000e-02  0.000000e+00  0.000000e+00  0.000000e+00  0.000000e+00
8.627437e-02  0.000000e+00  3.270000e-02  0.000000e+00  0.000000e+00  0.000000e+00  0.000000e+00  0.000000e+00  3.200000e-03  3.270000e-02  1.620000e-02  0.000000e+00  0.000000e+00  0.000000e+00  0.000000e+00
9.015780e-02  0.000000e+00  3.510000e-02  0.000000e+00  0.000000e+00  0.000000e+00  0.000000e+00  0.000000e+00  5.000000e-03  3.510000e-02  1.660000e-02  0.000000e+00  0.000000e+00  0.000000e+00  0.000000e+00
9.421603e-02  0.000000e+00  3.230000e-02  0.000000e+00  0.000000e+00  0.000000e+00  0.000000e+00  0.000000e+00  3.700000e-03  3.230000e-02  1.410000e-02  0.000000e+00  0.000000e+00  0.000000e+00  0.000000e+00
9.845693e-02  0.000000e+00  3.380000e-02  0.000000e+00  0.000000e+00  0.000000e+00  0.000000e+00  0.000000e+00  6.400000e-03  3.380000e-02  1.510000e-02  0.000000e+00  0.000000e+00  0.000000e+00  0.000000e+00
1.028887e-01  0.000000e+00  3.080000e-02  0.000000e+00  0.000000e+00  0.000000e+00  0.000000e+00  0.000000e+00  7.700000e-03  3.080000e-02  1.040000e-02  0.000000e+00  0.000000e+00  0.000000e+00  0.000000e+00
1.075200e-01  0.000000e+00  2.710000e-02  0.000000e+00  0.000000e+00  0.000000e+00  0.000000e+00  0.000000e+00  9.300000e-03  2.710000e-02  8.400000e-03  0.000000e+00  0.000000e+00  0.000000e+00  0.000000e+00
1.123598e-01  0.000000e+00  2.780000e-02  0.000000e+00  0.000000e+00  0.000000e+00  0.000000e+00  0.000000e+00  1.260000e-02  2.780000e-02  8.700000e-03  0.000000e+00  0.000000e+00  0.000000e+00  0.000000e+00
1.174174e-01  0.000000e+00  2.700000e-02  0.000000e+00  0.000000e+00  0.000000e+00  0.000000e+00  0.000000e+00  1.220000e-02  2.700000e-02  6.600000e-03  0.000000e+00  0.000000e+00  0.000000e+00  0.000000e+00
1.227026e-01  0.000000e+00  2.530000e-02  0.000000e+00  0.000000e+00  0.000000e+00  0.000000e+00  0.000000e+00  1.510000e-02  2.530000e-02  7.600000e-03  0.000000e+00  0.000000e+00  0.000000e+00  0.000000e+00
1.282258e-01  0.000000e+00  1.060000e-02  0.000000e+00  0.000000e+00  0.000000e+00  0.000000e+00  0.000000e+00  1.600000e-02  2.080000e-02  1.300000e-03  0.000000e+00  0.000000e+00  0.000000e+00  0.000000e+00
1.339975e-01  0.000000e+00  0.000000e+00  0.000000e+00  0.000000e+00  0.000000e+00  0.000000e+00  0.000000e+00  1.900000e-02  2.040000e-02  0.000000e+00  0.000000e+00  0.000000e+00  0.000000e+00  0.000000e+00
1.400291e-01  0.000000e+00  0.000000e+00  0.000000e+00  0.000000e+00  0.000000e+00  0.000000e+00  0.000000e+00  1.970000e-02  2.140000e-02  0.000000e+00  0.000000e+00  0.000000e+00  0.000000e+00  0.000000e+00
1.463322e-01  1.770000e-02  0.000000e+00  0.000000e+00  0.000000e+00  0.000000e+00  0.000000e+00  0.000000e+00  2.280000e-02  1.590000e-02  0.000000e+00  0.000000e+00  0.000000e+00  0.000000e+00  0.000000e+00
1.529189e-01  2.210000e-02  0.000000e+00  0.000000e+00  0.000000e+00  0.000000e+00  0.000000e+00  0.000000e+00  2.210000e-02  1.380000e-02  0.000000e+00  0.000000e+00  0.000000e+00  0.000000e+00  0.000000e+00
1.598022e-01  2.640000e-02  0.000000e+00  0.000000e+00  0.000000e+00  0.000000e+00  0.000000e+00  0.000000e+00  2.640000e-02  1.200000e-02  0.000000e+00  0.000000e+00  0.000000e+00  0.000000e+00  0.000000e+00
1.669953e-01  2.580000e-02  0.000000e+00  0.000000e+00  0.000000e+00  0.000000e+00  0.000000e+00  0.000000e+00  2.580000e-02  1.190000e-02  0.000000e+00  0.000000e+00  0.000000e+00  0.000000e+00  0.000000e+00
1.745122e-01  3.260000e-02  0.000000e+00  0.000000e+00  0.000000e+00  0.000000e+00  0.000000e+00  0.000000e+00  3.260000e-02  1.020000e-02  0.000000e+00  0.000000e+00  0.000000e+00  0.000000e+00  0.000000e+00
1.823674e-01  3.330000e-02  0.000000e+00  0.000000e+00  0.000000e+00  0.000000e+00  0.000000e+00  0.000000e+00  3.330000e-02  8.700000e-03  0.000000e+00  0.000000e+00  0.000000e+00  0.000000e+00  0.000000e+00
1.905762e-01  3.100000e-02  0.000000e+00  0.000000e+00  0.000000e+00  0.000000e+00  0.000000e+00  0.000000e+00  3.100000e-02  6.700000e-03  0.000000e+00  0.000000e+00  0.000000e+00  0.000000e+00  0.000000e+00
1.991546e-01  3.730000e-02  0.000000e+00  0.000000e+00  0.000000e+00  0.000000e+00  0.000000e+00  0.000000e+00  3.730000e-02  3.800000e-03  0.000000e+00  0.000000e+00  0.000000e+00  0.000000e+00  0.000000e+00
2.081190e-01  3.430000e-02  0.000000e+00  0.000000e+00  0.000000e+00  0.000000e+00  0.000000e+00  0.000000e+00  3.430000e-02  0.000000e+00  0.000000e+00  0.000000e+00  0.000000e+00  0.000000e+00  0.000000e+00
2.174870e-01  3.590000e-02  0.000000e+00  0.000000e+00  0.000000e+00  0.000000e+00  0.000000e+00  0.000000e+00  3.590000e-02  0.000000e+00  0.000000e+00  0.000000e+00  0.000000e+00  0.000000e+00  0.000000e+00
2.272766e-01  3.920000e-02  0.000000e+00  0.000000e+00  0.000000e+00  0.000000e+00  0.000000e+00  0.000000e+00  3.920000e-02  0.000000e+00  0.000000e+00  0.000000e+00  0.000000e+00  0.000000e+00  0.000000e+00
2.375069e-01  3.900000e-02  0.000000e+00  0.000000e+00  0.000000e+00  0.000000e+00  0.000000e+00  0.000000e+00  3.900000e-02  0.000000e+00  0.000000e+00  0.000000e+00  0.000000e+00  0.000000e+00  0.000000e+00
2.481977e-01  3.810000e-02  0.000000e+00  0.000000e+00  0.000000e+00  0.000000e+00  0.000000e+00  0.000000e+00  3.810000e-02  0.000000e+00  0.000000e+00  0.000000e+00  0.000000e+00  0.000000e+00  0.000000e+00
2.593697e-01  3.950000e-02  0.000000e+00  0.000000e+00  0.000000e+00  0.000000e+00  0.000000e+00  0.000000e+00  3.950000e-02  0.000000e+00  0.000000e+00  0.000000e+00  0.000000e+00  0.000000e+00  0.000000e+00
2.710446e-01  3.800000e-02  0.000000e+00  0.000000e+00  0.000000e+00  0.000000e+00  0.000000e+00  0.000000e+00  3.800000e-02  0.000000e+00  0.000000e+00  0.000000e+00  0.000000e+00  0.000000e+00  0.000000e+00
2.832450e-01  3.420000e-02  0.000000e+00  0.000000e+00  0.000000e+00  0.000000e+00  0.000000e+00  0.000000e+00  3.420000e-02  0.000000e+00  0.000000e+00  0.000000e+00  0.000000e+00  0.000000e+00  0.000000e+00
2.959946e-01  3.470000e-02  0.000000e+00  0.000000e+00  0.000000e+00  0.000000e+00  0.000000e+00  0.000000e+00  3.470000e-02  0.000000e+00  0.000000e+00  0.000000e+00  0.000000e+00  0.000000e+00  0.000000e+00
3.093180e-01  3.230000e-02  0.000000e+00  0.000000e+00  0.000000e+00  0.000000e+00  0.000000e+00  0.000000e+00  3.230000e-02  0.000000e+00  0.000000e+00  0.000000e+00  0.000000e+00  0.000000e+00  0.000000e+00
3.232412e-01  2.830000e-02  0.000000e+00  0.000000e+00  0.000000e+00  0.000000e+00  0.000000e+00  0.000000e+00  2.830000e-02  0.000000e+00  0.000000e+00  0.000000e+00  0.000000e+00  0.000000e+00  0.000000e+00
3.377911e-01  2.990000e-02  0.000000e+00  0.000000e+00  0.000000e+00  0.000000e+00  0.000000e+00  0.000000e+00  2.990000e-02  0.000000e+00  0.000000e+00  0.000000e+00  0.000000e+00  0.000000e+00  0.000000e+00
3.529959e-01  2.670000e-02  0.000000e+00  0.000000e+00  0.000000e+00  0.000000e+00  0.000000e+00  0.000000e+00  2.670000e-02  0.000000e+00  0.000000e+00  0.000000e+00  0.000000e+00  0.000000e+00  0.000000e+00
3.688852e-01  3.700000e-03  0.000000e+00  0.000000e+00  0.000000e+00  0.000000e+00  0.000000e+00  0.000000e+00  2.260000e-02  0.000000e+00  0.000000e+00  0.000000e+00  0.000000e+00  0.000000e+00  0.000000e+00
3.854896e-01  0.000000e+00  0.000000e+00  0.000000e+00  0.000000e+00  0.000000e+00  0.000000e+00  0.000000e+00  2.100000e-02  0.000000e+00  0.000000e+00  0.000000e+00  0.000000e+00  0.000000e+00  0.000000e+00
4.028415e-01  0.000000e+00  0.000000e+00  0.000000e+00  0.000000e+00  0.000000e+00  0.000000e+00  0.000000e+00  1.970000e-02  0.000000e+00  0.000000e+00  0.000000e+00  0.000000e+00  0.000000e+00  0.000000e+00
4.209744e-01  0.000000e+00  0.000000e+00  0.000000e+00  0.000000e+00  0.000000e+00  0.000000e+00  0.000000e+00  1.600000e-02  0.000000e+00  0.000000e+00  0.000000e+00  0.000000e+00  0.000000e+00  0.000000e+00
4.399235e-01  0.000000e+00  0.000000e+00  0.000000e+00  0.000000e+00  0.000000e+00  0.000000e+00  0.000000e+00  1.460000e-02  0.000000e+00  0.000000e+00  0.000000e+00  0.000000e+00  0.000000e+00  0.000000e+00
4.597256e-01  0.000000e+00  0.000000e+00  0.000000e+00  0.000000e+00  0.000000e+00  0.000000e+00  0.000000e+00  1.370000e-02  0.000000e+00  0.000000e+00  0.000000e+00  0.000000e+00  0.000000e+00  0.000000e+00
4.804190e-01  0.000000e+00  0.000000e+00  0.000000e+00  0.000000e+00  0.000000e+00  0.000000e+00  0.000000e+00  1.010000e-02  0.000000e+00  0.000000e+00  0.000000e+00  0.000000e+00  0.000000e+00  0.000000e+00
5.020439e-01  0.000000e+00  0.000000e+00  0.000000e+00  0.000000e+00  0.000000e+00  0.000000e+00  0.000000e+00  8.800000e-03  0.000000e+00  0.000000e+00  0.000000e+00  0.000000e+00  0.000000e+00  0.000000e+00
5.246422e-01  0.000000e+00  0.000000e+00  0.000000e+00  0.000000e+00  0.000000e+00  0.000000e+00  0.000000e+00  6.600000e-03  0.000000e+00  0.000000e+00  0.000000e+00  0.000000e+00  0.000000e+00  0.000000e+00
5.482576e-01  0.000000e+00  0.000000e+00  0.000000e+00  0.000000e+00  0.000000e+00  0.000000e+00  0.000000e+00  5.600000e-03  0.000000e+00  0.000000e+00  0.000000e+00  0.000000e+00  0.000000e+00  0.000000e+00
