2.721302e-05  0.000000e+00  0.000000e+00  0.000000e+00  0.000000e+00  0.000000e+00  0.000000e+00  0.000000e+00  0.000000e+00  0.000000e+00  0.000000e+00  0.000000e+00  0.000000e+00  0.000000e+00  4.300000e-03
2.848549e-05  0.000000e+00  0.000000e+00  0.000000e+00  0.000000e+00  0.000000e+00  0.000000e+00  0.000000e+00  0.000000e+00  0.000000e+00  0.000000e+00  0.000000e+00  0.000000e+00  0.000000e+00  4.400000e-03
2.981746e-05  0.000000e+00  0.000000e+00  0.000000e+00  0.000000e+00  0.000000e+00  0.000000e+00  0.000000e+00  0.000000e+00  0.000000e+00  0.000000e+00  0.000000e+00  0.000000e+00  0.000000e+00  4.800000e-03
3.121171e-05  0.000000e+00  0.000000e+00  0.000000e+00  0.000000e+00  0.000000e+00  0.000000e+00  0.000000e+00  0.000000e+00  0.000000e+00  0.000000e+00  0.000000e+00  0.000000e+00  0.000000e+00  4.400000e-03
3.267116e-05  0.000000e+00  0.000000e+00  0.000000e+00  0.000000e+00  0.000000e+00  0.000000e+00  0.000000e+00  0.000000e+00  0.000000e+00  0.000000e+00  0.000000e+00  0.000000e+00  0.000000e+00  6.000000e-03
3.419885e-05  0.000000e+00  0.000000e+00  0.000000e+00  0.000000e+00  0.000000e+00  0.000000e+00  0.000000e+00  0.000000e+00  0.000000e+00  0.000000e+00  0.000000e+00  0.000000e+00  0.000000e+00  7.800000e-03
3.579797e-05  0.000000e+00  0.000000e+00  0.000000e+00  0.000000e+00  0.000000e+00  0.000000e+00  0.000000e+00  0.000000e+00  0.000000e+00  0.000000e+00  0.000000e+00  0.000000e+00  0.000000e+00  8.500000e-03
3.747187e-05  0.000000e+00  0.000000e+00  0.000000e+00  0.000000e+00  0.000000e+00  0.000000e+00  0.000000e+00  0.000000e+00  0.000000e+00  0.000000e+00  0.000000e+00  0.000000e+00  0.000000e+00  1.010000e-02
3.922404e-05  0.000000e+00  0.000000e+00  0.000000e+00  0.000000e+00  0.000000e+00  0.000000e+00  0.000000e+00  0.000000e+00  0.000000e+00  0.000000e+00  0.000000e+00  0.000000e+00  0.000000e+00  8.500000e-03
4.105815e-05  0.000000e+00  0.000000e+00  0.000000e+00  0.000000e+00  0.000000e+00  0.000000e+00  0.000000e+00  0.000000e+00  0.000000e+00  0.000000e+00  0.000000e+00  0.000000e+00  0.000000e+00  1.200000e-02
4.297801e-05  0.000000e+00  0.000000e+00  0.000000e+00  0.000000e+00  0.000000e+00  0.000000e+00  0.000000e+00  0.000000e+00  0.000000e+00  0.000000e+00  0.000000e+00  0.000000e+00  0.000000e+00  1.130000e-02
4.498764e-05  0.000000e+00  0.000000e+00  0.000000e+00  0.000000e+00  0.000000e+00  0.000000e+00  0.000000e+00  0.000000e+00  0.000000e+00  0.000000e+00  0.000000e+00  0.000000e+00  0.000000e+00  1.160000e-02
4.709125e-05  0.000000e+00  0.000000e+00  0.000000e+00  0.000000e+00  0.000000e+00  0.000000e+00  0.000000e+00  0.000000e+00  0.000000e+00  0.000000e+00  0.000000e+00  0.000000e+00  0.000000e+00  1.030000e-02
4.929322e-05  0.000000e+00  0.000000e+00  0.000000e+00  0.000000e+00  0.000000e+00  0.000000e+00  0.000000e+00  0.000000e+00  0.000000e+00  0.000000e+00  0.000000e+00  0.000000e+00  0.000000e+00  1.070000e-02
5.159815e-05  0.000000e+00  0.000000e+00  0.000000e+00  0.000000e+00  0.000000e+00  0.000000e+00  0.000000e+00  0.000000e+00  0.000000e+00  0.000000e+00  0.000000e+00  0.000000e+00  0.000000e+00  1.390000e-02
5.401086e-05  0.000000e+00  0.000000e+00  0.000000e+00  0.000000e+00  0.000000e+00  0.000000e+00  8.000000e-03  0.000000e+00  0.000000e+00  0.000000e+00  0.000000e+00  0.000000e+00  0.000000e+00  1.440000e-02
5.653639e-05  0.000000e+00  0.000000e+00  0.000000e+00  0.000000e+00  0.000000e+00  0.000000e+00  1.290000e-02  0.000000e+00  0.000000e+00  0.000000e+00  0.000000e+00  0.000000e+00  0.000000e+00  1.290000e-02
5.918001e-05  0.000000e+00  0.000000e+00  0.000000e+00  0.000000e+00  0.000000e+00  0.000000e+00  1.260000e-02  0.000000e+00  0.000000e+00  0.000000e+00  0.000000e+00  0.000000e+00  0.000000e+00  1.260000e-02
6.194724e-05  0.000000e+00  0.000000e+00  0.000000e+00  0.000000e+00  0.000000e+00  0.000000e+00  1.510000e-02  0.000000e+00  0.000000e+00  0.000000e+00  0.000000e+00  0.000000e+00  0.000000e+00  1.510000e-02
6.484387e-05  0.000000e+00  0.000000e+00  0.000000e+00  0.000000e+00  0.000000e+00  0.000000e+00  1.500000e-02  0.000000e+00  0.000000e+00  0.000000e+00  0.000000e+00  0.000000e+00  0.000000e+00  1.500000e-02
6.787595e-05  0.000000e+00  0.000000e+00  0.000000e+00  0.000000e+00  0.000000e+00  0.000000e+00  1.680000e-02  0.000000e+00  0.000000e+00  0.000000e+00  0.000000e+00  0.000000e+00  0.000000e+00  1.680000e-02
7.104980e-05  0.000000e+00  0.000000e+00  0.000000e+00  0.000000e+00  0.000000e+00  0.000000e+00  1.680000e-02  0.000000e+00  0.000000e+00  0.000000e+00  0.000000e+00  0.000000e+00  0.000000e+00  1.680000e-02
7.437206e-05  0.000000e+00  0.000000e+00  0.000000e+00  0.000000e+00  0.000000e+00  0.000000e+00  1.650000e-02  0.000000e+00  0.000000e+00  0.000000e+00  0.000000e+00  0.000000e+00  0.000000e+00  1.650000e-02
7.784967e-05  0.000000e+00  0.000000e+00  0.000000e+00  0.000000e+00  0.000000e+00  0.000000e+00  1.770000e-02  0.000000e+00  0.000000e+00  0.000000e+00  0.000000e+00  0.000000e+00  0.000000e+00  1.770000e-02
8.148989e-05  0.000000e+00  0.000000e+00  0.000000e+00  0.000000e+00  0.000000e+00  0.000000e+00  1.730000e-02  0.000000e+00  0.000000e+00  0.000000e+00  0.000000e+00  0.000000e+00  0.000000e+00  1.730000e-02
8.530033e-05  0.000000e+00  0.000000e+00  0.000000e+00  0.000000e+00  0.000000e+00  0.000000e+00  1.600000e-02  0.000000e+00  0.000000e+00  0.000000e+00  0.000000e+00  0.000000e+00  0.000000e+00  1.600000e-02
8.928894e-05  0.000000e+00  0.000000e+00  0.000000e+00  0.000000e+00  0.000000e+00  0.000000e+00  1.780000e-02  0.000000e+00  0.000000e+00  0.000000e+00  0.000000e+00  0.000000e+00  0.000000e+00  1.780000e-02
9.346406e-05  0.000000e+00  0.000000e+00  0.000000e+00  0.000000e+00  0.000000e+00  0.000000e+00  1.800000e-02  0.000000e+00  0.000000e+00  0.000000e+00  0.000000e+00  0.000000e+00  0.000000e+00  1.800000e-02
9.783440e-05  0.000000e+00  0.000000e+00  0.000000e+00  0.000000e+00  0.000000e+00  0.000000e+00  1.920000e-02  0.000000e+00  0.000000e+00  0.000000e+00  0.000000e+00  0.000000e+00  0.000000e+00  1.920000e-02
1.024091e-04  0.000000e+00  0.000000e+00  0.000000e+00  0.000000e+00  0.000000e+00  0.000000e+00  1.770000e-02  0.000000e+00  0.000000e+00  0.000000e+00  0.000000e+00  0.000000e+00  0.000000e+00  1.770000e-02
1.071977e-04  0.000000e+00  0.000000e+00  0.000000e+00  0.000000e+00  0.000000e+00  0.000000e+00  1.720000e-02  0.000000e+00  0.000000e+00  0.000000e+00  0.000000e+00  0.000000e+00  0.000000e+00  1.720000e-02
1.122102e-04  0.000000e+00  0.000000e+00  0.000000e+00  0.000000e+00  0.000000e+00  0.000000e+00  1.870000e-02  0.000000e+00  0.000000e+00  0.000000e+00  0.000000e+00  0.000000e+00  0.000000e+00  1.870000e-02
1.174571e-04  0.000000e+00  0.000000e+00  0.000000e+00  0.000000e+00  0.000000e+00  0.000000e+00  1.750000e-02  0.000000e+00  0.000000e+00  0.000000e+00  0.000000e+00  0.000000e+00  0.000000e+00  1.750000e-02
1.229494e-04  0.000000e+00  0.000000e+00  0.000000e+00  0.000000e+00  0.000000e+00  0.000000e+00  1.810000e-02  0.000000e+00  0.000000e+00  0.000000e+00  0.000000e+00  0.000000e+00  0.000000e+00  1.810000e-02
1.286985e-04  0.000000e+00  0.000000e+00  0.000000e+00  0.000000e+00  0.000000e+00  0.000000e+00  1.450000e-02  0.000000e+00  0.000000e+00  0.000000e+00  0.000000e+00  0.000000e+00  1.800000e-03  1.450000e-02
1.347164e-04  0.000000e+00  0.000000e+00  0.000000e+00  0.000000e+00  0.000000e+00  0.000000e+00  1.920000e-02  0.000000e+00  0.000000e+00  0.000000e+00  0.000000e+00  0.000000e+00  3.400000e-03  1.920000e-02
1.410156e-04  0.000000e+00  0.000000e+00  0.000000e+00  0.000000e+00  0.000000e+00  0.000000e+00  1.650000e-02  0.000000e+00  0.000000e+00  0.000000e+00  0.000000e+00  0.000000e+00  6.700000e-03  1.650000e-02
1.476095e-04  0.000000e+00  0.000000e+00  0.000000e+00  0.000000e+00  0.000000e+00  0.000000e+00  1.590000e-02  0.000000e+00  0.000000e+00  0.000000e+00  0.000000e+00  0.000000e+00  3.700000e-03  1.590000e-02
1.545116e-04  0.000000e+00  0.000000e+00  0.000000e+00  0.000000e+00  0.000000e+00  0.000000e+00  1.700000e-02  0.000000e+00  0.000000e+00  0.000000e+00  0.000000e+00  0.000000e+00  5.700000e-03  1.700000e-02
1.617365e-04  0.000000e+00  0.000000e+00  0.000000e+00  0.000000e+00  0.000000e+00  0.000000e+00  2.020000e-02  0.000000e+00  0.000000e+00  0.000000e+00  0.000000e+00  0.000000e+00  7.800000e-03  2.020000e-02
1.692993e-04  0.000000e+00  0.000000e+00  0.000000e+00  0.000000e+00  0.000000e+00  0.000000e+00  1.840000e-02  0.000000e+00  0.000000e+00  0.000000e+00  0.000000e+00  0.000000e+00  6.700000e-03  1.840000e-02
1.772157e-04  0.000000e+00  0.000000e+00  0.000000e+00  0.000000e+00  0.000000e+00  0.000000e+00  1.440000e-02  0.000000e+00  0.000000e+00  0.000000e+00  0.000000e+00  0.000000e+00  9.200000e-03  1.440000e-02
1.855022e-04  0.000000e+00  0.000000e+00  0.000000e+00  0.000000e+00  0.000000e+00  0.000000e+00  1.740000e-02  0.000000e+00  0.000000e+00  0.000000e+00  0.000000e+00  0.000000e+00  1.200000e-02  1.740000e-02
1.941762e-04  0.000000e+00  0.000000e+00  0.000000e+00  0.000000e+00  0.000000e+00  0.000000e+00  1.880000e-02  0.000000e+00  0.000000e+00  0.000000e+00  0.000000e+00  0.000000e+00  1.050000e-02  1.880000e-02
2.032558e-04  0.000000e+00  0.000000e+00  0.000000e+00  0.000000e+00  0.000000e+00  0.000000e+00  1.650000e-02  0.000000e+00  0.000000e+00  0.000000e+00  0.000000e+00  0.000000e+00  1.160000e-02  1.650000e-02
2.127600e-04  0.000000e+00  0.000000e+00  0.000000e+00  0.000000e+00  0.000000e+00  0.000000e+00  1.720000e-02  0.000000e+00  0.000000e+00  0.000000e+00  0.000000e+00  0.000000e+00  1.350000e-02  1.720000e-02
2.227085e-04  0.000000e+00  0.000000e+00  0.000000e+00  0.000000e+00  0.000000e+00  0.000000e+00  1.820000e-02  0.000000e+00  0.000000e+00  0.000000e+00  0.000000e+00  0.000000e+00  1.440000e-02  1.820000e-02
2.331223e-04  0.000000e+00  0.000000e+00  0.000000e+00  0.000000e+00  0.000000e+00  0.000000e+00  1.740000e-02  0.000000e+00  0.000000e+00  0.000000e+00  0.000000e+00  4.900000e-03  1.370000e-02  1.740000e-02
2.440230e-04  0.000000e+00  0.000000e+00  0.000000e+00  0.000000e+00  0.000000e+00  4.000000e-04  1.540000e-02  0.000000e+00  0.000000e+00  0.000000e+00  0.000000e+00  5.400000e-03  1.470000e-02  1.540000e-02
2.554334e-04  0.000000e+00  0.000000e+00  0.000000e+00  0.000000e+00  0.000000e+00  1.600000e-02  1.630000e-02  0.000000e+00  0.000000e+00  0.000000e+00  0.000000e+00  6.600000e-03  1.600000e-02  1.630000e-02
2.673774e-04  0.000000e+00  0.000000e+00  0.000000e+00  0.000000e+00  0.000000e+00  1.780000e-02  1.620000e-02  0.000000e+00  0.000000e+00  0.000000e+00  0.000000e+00  7.300000e-03  1.780000e-02  1.620000e-02
2.798799e-04  0.000000e+00  0.000000e+00  0.000000e+00  0.000000e+00  0.000000e+00  1.830000e-02  1.420000e-02  0.000000e+00  0.000000e+00  0.000000e+00  0.000000e+00  7.600000e-03  1.830000e-02  1.420000e-02
2.929670e-04  0.000000e+00  0.000000e+00  0.000000e+00  0.000000e+00  0.000000e+00  1.680000e-02  1.620000e-02  0.000000e+00  0.000000e+00  0.000000e+00  0.000000e+00  9.200000e-03  1.680000e-02  1.620000e-02
3.066660e-04  0.000000e+00  0.000000e+00  0.000000e+00  0.000000e+00  0.000000e+00  1.620000e-02  1.220000e-02  0.000000e+00  0.000000e+00  0.000000e+00  0.000000e+00  1.040000e-02  1.620000e-02  1.220000e-02
3.210056e-04  0.000000e+00  0.000000e+00  0.000000e+00  0.000000e+00  0.000000e+00  1.960000e-02  1.440000e-02  0.000000e+00  0.000000e+00  0.000000e+00  0.000000e+00  1.120000e-02  1.960000e-02  1.440000e-02
3.360157e-04  0.000000e+00  0.000000e+00  0.000000e+00  0.000000e+00  0.000000e+00  1.700000e-02  1.230000e-02  0.000000e+00  0.000000e+00  0.000000e+00  0.000000e+00  1.380000e-02  1.700000e-02  1.230000e-02
3.517276e-04  0.000000e+00  0.000000e+00  0.000000e+00  0.000000e+00  0.000000e+00  2.210000e-02  1.230000e-02  0.000000e+00  0.000000e+00  0.000000e+00  0.000000e+00  1.200000e-02  2.210000e-02  1.260000e-02
3.681743e-04  0.000000e+00  0.000000e+00  0.000000e+00  0.000000e+00  0.000000e+00  2.230000e-02  0.000000e+00  0.000000e+00  0.000000e+00  0.000000e+00  0.000000e+00  1.500000e-02  2.230000e-02  1.460000e-02
3.853900e-04  0.000000e+00  0.000000e+00  0.000000e+00  0.000000e+00  0.000000e+00  2.030000e-02  0.000000e+00  0.000000e+00  0.000000e+00  0.000000e+00  0.000000e+00  1.660000e-02  2.030000e-02  1.280000e-02
4.034107e-04  0.000000e+00  0.000000e+00  0.000000e+00  0.000000e+00  5.000000e-04  1.980000e-02  0.000000e+00  0.000000e+00  0.000000e+00  0.000000e+00  4.700000e-03  1.550000e-02  1.980000e-02  1.010000e-02
4.222740e-04  0.000000e+00  0.000000e+00  0.000000e+00  0.000000e+00  1.560000e-02  1.850000e-02  0.000000e+00  0.000000e+00  0.000000e+00  0.000000e+00  5.700000e-03  1.560000e-02  1.850000e-02  1.030000e-02
4.420194e-04  0.000000e+00  0.000000e+00  0.000000e+00  0.000000e+00  1.640000e-02  2.110000e-02  0.000000e+00  0.000000e+00  0.000000e+00  0.000000e+00  8.200000e-03  1.640000e-02  2.110000e-02  1.260000e-02
4.626880e-04  0.000000e+00  0.000000e+00  0.000000e+00  0.000000e+00  1.950000e-02  2.010000e-02  0.000000e+00  0.000000e+00  0.000000e+00  0.000000e+00  7.400000e-03  1.950000e-02  2.010000e-02  8.700000e-03
4.843231e-04  0.000000e+00  0.000000e+00  0.000000e+00  0.000000e+00  1.970000e-02  2.180000e-02  0.000000e+00  0.000000e+00  0.000000e+00  0.000000e+00  1.050000e-02  1.970000e-02  2.180000e-02  8.000000e-03
5.069699e-04  0.000000e+00  0.000000e+00  0.000000e+00  0.000000e+00  2.060000e-02  2.180000e-02  0.000000e+00  0.000000e+00  0.000000e+00  0.000000e+00  9.200000e-03  2.060000e-02  2.180000e-02  8.600000e-03
5.306756e-04  0.000000e+00  0.000000e+00  0.000000e+00  0.000000e+00  2.180000e-02  2.490000e-02  0.000000e+00  0.000000e+00  0.000000e+00  0.000000e+00  9.800000e-03  2.180000e-02  2.490000e-02  7.400000e-03
5.554898e-04  0.000000e+00  0.000000e+00  0.000000e+00  0.000000e+00  2.190000e-02  2.070000e-02  0.000000e+00  0.000000e+00  0.000000e+00  0.000000e+00  1.330000e-02  2.190000e-02  2.070000e-02  7.900000e-03
5.814643e-04  0.000000e+00  0.000000e+00  0.000000e+00  0.000000e+00  2.250000e-02  2.040000e-02  0.000000e+00  0.000000e+00  0.000000e+00  0.000000e+00  1.360000e-02  2.250000e-02  2.040000e-02  6.400000e-03
6.086534e-04  0.000000e+00  0.000000e+00  0.000000e+00  0.000000e+00  2.400000e-02  2.180000e-02  0.000000e+00  0.000000e+00  0.000000e+00  0.000000e+00  1.470000e-02  2.400000e-02  2.180000e-02  4.700000e-03
6.371138e-04  0.000000e+00  0.000000e+00  0.000000e+00  0.000000e+00  2.090000e-02  2.220000e-02  0.000000e+00  0.000000e+00  0.000000e+00  0.000000e+00  1.630000e-02  2.090000e-02  2.220000e-02  5.200000e-03
6.669050e-04  0.000000e+00  0.000000e+00  0.000000e+00  0.000000e+00  2.250000e-02  2.090000e-02  0.000000e+00  0.000000e+00  0.000000e+00  0.000000e+00  1.710000e-02  2.250000e-02  2.090000e-02  5.200000e-03
6.980892e-04  0.000000e+00  0.000000e+00  0.000000e+00  1.100000e-02  2.490000e-02  2.170000e-02  0.000000e+00  0.000000e+00  0.000000e+00  0.000000e+00  1.550000e-02  2.490000e-02  2.170000e-02  4.300000e-03
7.307316e-04  0.000000e+00  0.000000e+00  0.000000e+00  1.910000e-02  2.750000e-02  2.450000e-02  0.000000e+00  0.000000e+00  0.000000e+00  1.300000e-03  1.910000e-02  2.750000e-02  2.450000e-02  4.900000e-03
7.649003e-04  0.000000e+00  0.000000e+00  0.000000e+00  1.810000e-02  2.440000e-02  2.440000e-02  0.000000e+00  0.000000e+00  0.000000e+00  4.700000e-03  1.810000e-02  2.440000e-02  2.440000e-02  3.000000e-03
8.006667e-04  0.000000e+00  0.000000e+00  0.000000e+00  2.170000e-02  2.250000e-02  2.310000e-02  0.000000e+00  0.000000e+00  0.000000e+00  5.600000e-03  2.170000e-02  2.250000e-02  2.310000e-02  0.000000e+00
8.381056e-04  0.000000e+00  0.000000e+00  0.000000e+00  2.400000e-02  2.410000e-02  2.200000e-02  0.000000e+00  0.000000e+00  0.000000e+00  6.800000e-03  2.400000e-02  2.410000e-02  2.200000e-02  0.000000e+00
8.772951e-04  0.000000e+00  0.000000e+00  0.000000e+00  2.310000e-02  2.670000e-02  2.230000e-02  0.000000e+00  0.000000e+00  0.000000e+00  9.100000e-03  2.310000e-02  2.670000e-02  2.230000e-02  0.000000e+00
9.183171e-04  0.000000e+00  0.000000e+00  0.000000e+00  2.370000e-02  2.280000e-02  2.010000e-02  0.000000e+00  0.000000e+00  0.000000e+00  8.500000e-03  2.370000e-02  2.280000e-02  2.010000e-02  0.000000e+00
9.612572e-04  0.000000e+00  0.000000e+00  0.000000e+00  2.340000e-02  2.530000e-02  1.930000e-02  0.000000e+00  0.000000e+00  0.000000e+00  1.110000e-02  2.340000e-02  2.530000e-02  1.930000e-02  0.000000e+00
1.006205e-03  0.000000e+00  0.000000e+00  0.000000e+00  2.570000e-02  2.450000e-02  1.910000e-02  0.000000e+00  0.000000e+00  0.000000e+00  1.260000e-02  2.570000e-02  2.450000e-02  1.910000e-02  0.000000e+00
1.053255e-03  0.000000e+00  0.000000e+00  0.000000e+00  2.720000e-02  2.760000e-02  1.690000e-02  0.000000e+00  0.000000e+00  0.000000e+00  1.440000e-02  2.720000e-02  2.760000e-02  1.690000e-02  0.000000e+00
1.102505e-03  0.000000e+00  0.000000e+00  0.000000e+00  2.750000e-02  2.270000e-02  1.640000e-02  0.000000e+00  0.000000e+00  0.000000e+00  1.470000e-02  2.750000e-02  2.270000e-02  1.640000e-02  0.000000e+00
1.154058e-03  0.000000e+00  0.000000e+00  0.000000e+00  2.610000e-02  2.540000e-02  9.400000e-03  0.000000e+00  0.000000e+00  0.000000e+00  1.620000e-02  2.610000e-02  2.540000e-02  1.530000e-02  0.000000e+00
1.208021e-03  0.000000e+00  0.000000e+00  0.000000e+00  2.920000e-02  2.380000e-02  0.000000e+00  0.000000e+00  0.000000e+00  9.000000e-04  1.800000e-02  2.920000e-02  2.380000e-02  1.480000e-02  0.000000e+00
1.264507e-03  0.000000e+00  0.000000e+00  5.600000e-03  2.770000e-02  2.530000e-02  0.000000e+00  0.000000e+00  0.000000e+00  6.200000e-03  1.760000e-02  2.770000e-02  2.530000e-02  1.470000e-02  0.000000e+00
1.323635e-03  0.000000e+00  0.000000e+00  1.900000e-02  2.970000e-02  2.070000e-02  0.000000e+00  0.000000e+00  0.000000e+00  7.200000e-03  1.900000e-02  2.970000e-02  2.070000e-02  1.590000e-02  0.000000e+00
1.385528e-03  0.000000e+00  0.000000e+00  2.010000e-02  2.750000e-02  2.160000e-02  0.000000e+00  0.000000e+00  0.000000e+00  7.000000e-03  2.010000e-02  2.750000e-02  2.160000e-02  1.300000e-02  0.000000e+00
1.450315e-03  0.000000e+00  0.000000e+00  2.450000e-02  3.210000e-02  2.100000e-02  0.000000e+00  0.000000e+00  0.000000e+00  9.800000e-03  2.450000e-02  3.210000e-02  2.100000e-02  1.310000e-02  0.000000e+00
1.518131e-03  0.000000e+00  0.000000e+00  2.270000e-02  2.730000e-02  1.940000e-02  0.000000e+00  0.000000e+00  0.000000e+00  1.020000e-02  2.270000e-02  2.730000e-02  1.940000e-02  1.000000e-02  0.000000e+00
1.589118e-03  0.000000e+00  0.000000e+00  2.360000e-02  2.660000e-02  1.910000e-02  0.000000e+00  0.000000e+00  0.000000e+00  1.140000e-02  2.360000e-02  2.660000e-02  1.910000e-02  1.160000e-02  0.000000e+00
1.663425e-03  0.000000e+00  0.000000e+00  2.790000e-02  2.810000e-02  4.800000e-03  0.000000e+00  0.000000e+00  0.000000e+00  1.310000e-02  2.790000e-02  2.810000e-02  1.690000e-02  7.100000e-03  0.000000e+00
1.741206e-03  0.000000e+00  0.000000e+00  2.900000e-02  2.740000e-02  0.000000e+00  0.000000e+00  0.000000e+00  0.000000e+00  1.250000e-02  2.900000e-02  2.740000e-02  1.720000e-02  6.500000e-03  0.000000e+00
1.822624e-03  0.000000e+00  0.000000e+00  3.040000e-02  2.610000e-02  0.000000e+00  0.000000e+00  0.000000e+00  0.000000e+00  1.540000e-02  3.040000e-02  2.610000e-02  1.610000e-02  6.700000e-03  0.000000e+00
1.907849e-03  0.000000e+00  0.000000e+00  2.890000e-02  2.670000e-02  0.000000e+00  0.000000e+00  0.000000e+00  0.000000e+00  1.360000e-02  2.890000e-02  2.670000e-02  1.290000e-02  8.600000e-03  0.000000e+00
1.997059e-03  0.000000e+00  0.000000e+00  3.470000e-02  2.380000e-02  0.000000e+00  0.000000e+00  0.000000e+00  0.000000e+00  2.030000e-02  3.470000e-02  2.380000e-02  1.170000e-02  4.700000e-03  0.000000e+00
2.090441e-03  0.000000e+00  1.500000e-02  3.270000e-02  2.470000e-02  0.000000e+00  0.000000e+00  0.000000e+00  0.000000e+00  2.240000e-02  3.270000e-02  2.470000e-02  1.280000e-02  2.400000e-03  0.000000e+00
2.188189e-03  0.000000e+00  2.250000e-02  3.380000e-02  2.350000e-02  0.000000e+00  0.000000e+00  0.000000e+00  0.000000e+00  2.250000e-02  3.380000e-02  2.350000e-02  1.160000e-02  0.000000e+00  0.000000e+00
2.290508e-03  0.000000e+00  2.480000e-02  3.440000e-02  2.090000e-02  0.000000e+00  0.000000e+00  0.000000e+00  0.000000e+00  2.480000e-02  3.440000e-02  2.090000e-02  9.000000e-03  0.000000e+00  0.000000e+00
2.397612e-03  0.000000e+00  2.680000e-02  3.130000e-02  8.100000e-03  0.000000e+00  0.000000e+00  0.000000e+00  0.000000e+00  2.680000e-02  3.130000e-02  1.790000e-02  9.100000e-03  0.000000e+00  0.000000e+00
2.509723e-03  0.000000e+00  2.740000e-02  3.110000e-02  0.000000e+00  0.000000e+00  0.000000e+00  0.000000e+00  0.000000e+00  2.740000e-02  3.110000e-02  1.650000e-02  8.000000e-03  0.000000e+00  0.000000e+00
2.627077e-03  0.000000e+00  2.760000e-02  3.100000e-02  0.000000e+00  0.000000e+00  0.000000e+00  0.000000e+00  0.000000e+00  2.760000e-02  3.100000e-02  1.660000e-02  7.000000e-03  0.000000e+00  0.000000e+00
2.749918e-03  0.000000e+00  2.930000e-02  2.900000e-02  0.000000e+00  0.000000e+00  0.000000e+00  0.000000e+00  0.000000e+00  2.930000e-02  2.900000e-02  1.320000e-02  5.700000e-03  0.000000e+00  0.000000e+00
2.878503e-03  0.000000e+00  3.270000e-02  3.340000e-02  0.000000e+00  0.000000e+00  0.000000e+00  0.000000e+00  0.000000e+00  3.270000e-02  3.340000e-02  1.370000e-02  1.800000e-03  0.000000e+00  0.000000e+00
3.013101e-03  0.000000e+00  3.360000e-02  2.720000e-02  0.000000e+00  0.000000e+00  0.000000e+00  0.000000e+00  0.000000e+00  3.360000e-02  2.720000e-02  1.350000e-02  0.000000e+00  0.000000e+00  0.000000e+00
3.153992e-03  0.000000e+00  3.490000e-02  2.890000e-02  0.000000e+00  0.000000e+00  0.000000e+00  0.000000e+00  1.200000e-03  3.490000e-02  2.890000e-02  1.140000e-02  0.000000e+00  0.000000e+00  0.000000e+00
3.301472e-03  0.000000e+00  3.530000e-02  2.830000e-02  0.000000e+00  0.000000e+00  0.000000e+00  0.000000e+00  4.200000e-03  3.530000e-02  2.830000e-02  8.500000e-03  0.000000e+00  0.000000e+00  0.000000e+00
3.455847e-03  0.000000e+00  3.530000e-02  2.480000e-02  0.000000e+00  0.000000e+00  0.000000e+00  0.000000e+00  3.900000e-03  3.530000e-02  2.480000e-02  9.100000e-03  0.000000e+00  0.000000e+00  0.000000e+00
3.617441e-03  0.000000e+00  3.630000e-02  2.370000e-02  0.000000e+00  0.000000e+00  0.000000e+00  0.000000e+00  6.300000e-03  3.630000e-02  2.370000e-02  8.900000e-03  0.000000e+00  0.000000e+00  0.000000e+00
3.786591e-03  0.000000e+00  3.390000e-02  2.400000e-02  0.000000e+00  0.000000e+00  0.000000e+00  0.000000e+00  7.700000e-03  3.390000e-02  2.400000e-02  7.100000e-03  0.000000e+00  0.000000e+00  0.000000e+00
3.963651e-03  0.000000e+00  3.740000e-02  0.000000e+00  0.000000e+00  0.000000e+00  0.000000e+00  0.000000e+00  9.700000e-03  3.740000e-02  1.910000e-02  5.900000e-03  0.000000e+00  0.000000e+00  0.000000e+00
4.148990e-03  0.000000e+00  3.120000e-02  0.000000e+00  0.000000e+00  0.000000e+00  0.000000e+00  0.000000e+00  1.170000e-02  3.120000e-02  1.690000e-02  8.000000e-04  0.000000e+00  0.000000e+00  0.000000e+00
4.342995e-03  0.000000e+00  3.070000e-02  0.000000e+00  0.000000e+00  0.000000e+00  0.000000e+00  0.000000e+00  1.280000e-02  3.070000e-02  1.500000e-02  0.000000e+00  0.000000e+00  0.000000e+00  0.000000e+00
4.546072e-03  0.000000e+00  3.070000e-02  0.000000e+00  0.000000e+00  0.000000e+00  0.000000e+00  0.000000e+00  1.480000e-02  3.070000e-02  1.510000e-02  0.000000e+00  0.000000e+00  0.000000e+00  0.000000e+00
4.758644e-03  0.000000e+00  3.040000e-02  0.000000e+00  0.000000e+00  0.000000e+00  0.000000e+00  0.000000e+00  1.630000e-02  3.040000e-02  1.180000e-02  0.000000e+00  0.000000e+00  0.000000e+00  0.000000e+00
4.981157e-03  0.000000e+00  2.670000e-02  0.000000e+00  0.000000e+00  0.000000e+00  0.000000e+00  0.000000e+00  1.940000e-02  2.670000e-02  1.040000e-02  0.000000e+00  0.000000e+00  0.000000e+00  0.000000e+00
5.214074e-03  0.000000e+00  2.640000e-02  0.000000e+00  0.000000e+00  0.000000e+00  0.000000e+00  0.000000e+00  2.370000e-02  2.640000e-02  1.230000e-02  0.000000e+00  0.000000e+00  0.000000e+00  0.000000e+00
5.457882e-03  1.810000e-02  2.700000e-02  0.000000e+00  0.000000e+00  0.000000e+00  0.000000e+00  0.000000e+00  2.140000e-02  2.700000e-02  9.200000e-03  0.000000e+00  0.000000e+00  0.000000e+00  0.000000e+00
5.713090e-03  2.640000e-02  2.330000e-02  0.000000e+00  0.000000e+00  0.000000e+00  0.000000e+00  0.000000e+00  2.640000e-02  2.330000e-02  8.400000e-03  0.000000e+00  0.000000e+00  0.000000e+00  0.000000e+00
5.980232e-03  2.480000e-02  8.000000e-04  0.000000e+00  0.000000e+00  0.000000e+00  0.000000e+00  0.000000e+00  2.480000e-02  2.010000e-02  6.000000e-03  0.000000e+00  0.000000e+00  0.000000e+00  0.000000e+00
6.259866e-03  2.700000e-02  0.000000e+00  0.000000e+00  0.000000e+00  0.000000e+00  0.000000e+00  0.000000e+00  2.700000e-02  1.710000e-02  7.300000e-03  0.000000e+00  0.000000e+00  0.000000e+00  0.000000e+00
6.552575e-03  3.020000e-02  0.000000e+00  0.000000e+00  0.000000e+00  0.000000e+00  0.000000e+00  0.000000e+00  3.020000e-02  1.490000e-02  3.500000e-03  0.000000e+00  0.000000e+00  0.000000e+00  0.000000e+00
6.858971e-03  3.180000e-02  0.000000e+00  0.000000e+00  0.000000e+00  0.000000e+00  0.000000e+00  0.000000e+00  3.180000e-02  1.520000e-02  0.000000e+00  0.000000e+00  0.000000e+00  0.000000e+00  0.000000e+00
7.179693e-03  3.430000e-02  0.000000e+00  0.000000e+00  0.000000e+00  0.000000e+00  0.000000e+00  0.000000e+00  3.430000e-02  1.130000e-02  0.000000e+00  0.000000e+00  0.000000e+00  0.000000e+00  0.000000e+00
7.515413e-03  3.510000e-02  0.000000e+00  0.000000e+00  0.000000e+00  0.000000e+00  0.000000e+00  0.000000e+00  3.510000e-02  1.260000e-02  0.000000e+00  0.000000e+00  0.000000e+00  0.000000e+00  0.000000e+00
7.866831e-03  4.150000e-02  0.000000e+00  0.000000e+00  0.000000e+00  0.000000e+00  0.000000e+00  0.000000e+00  4.150000e-02  1.170000e-02  0.000000e+00  0.000000e+00  0.000000e+00  0.000000e+00  0.000000e+00
8.234681e-03  3.690000e-02  0.000000e+00  0.000000e+00  0.000000e+00  0.000000e+00  0.000000e+00  0.000000e+00  3.690000e-02  8.000000e-03  0.000000e+00  0.000000e+00  0.000000e+00  0.000000e+00  0.000000e+00
8.619732e-03  3.980000e-02  0.000000e+00  0.000000e+00  0.000000e+00  0.000000e+00  0.000000e+00  0.000000e+00  3.980000e-02  8.000000e-03  0.000000e+00  0.000000e+00  0.000000e+00  0.000000e+00  0.000000e+00
9.022787e-03  3.920000e-02  0.000000e+00  0.000000e+00  0.000000e+00  0.000000e+00  0.000000e+00  0.000000e+00  3.920000e-02  7.100000e-03  0.000000e+00  0.000000e+00  0.000000e+00  0.000000e+00  0.000000e+00
9.444689e-03  3.360000e-02  0.000000e+00  0.000000e+00  0.000000e+00  0.000000e+00  0.000000e+00  0.000000e+00  3.360000e-02  8.100000e-03  0.000000e+00  0.000000e+00  0.000000e+00  0.000000e+00  0.000000e+00
9.886319e-03  3.640000e-02  0.000000e+00  0.000000e+00  0.000000e+00  0.000000e+00  0.000000e+00  0.000000e+00  3.640000e-02  1.700000e-03  0.000000e+00  0.000000e+00  0.000000e+00  0.000000e+00  0.000000e+00
1.034860e-02  3.610000e-02  0.000000e+00  0.000000e+00  0.000000e+00  0.000000e+00  0.000000e+00  0.000000e+00  3.610000e-02  0.000000e+00  0.000000e+00  0.000000e+00  0.000000e+00  0.000000e+00  0.000000e+00
1.083250e-02  3.200000e-02  0.000000e+00  0.000000e+00  0.000000e+00  0.000000e+00  0.000000e+00  0.000000e+00  3.200000e-02  0.000000e+00  0.000000e+00  0.000000e+00  0.000000e+00  0.000000e+00  0.000000e+00
1.133902e-02  3.210000e-02  0.000000e+00  0.000000e+00  0.000000e+00  0.000000e+00  0.000000e+00  0.000000e+00  3.210000e-02  0.000000e+00  0.000000e+00  0.000000e+00  0.000000e+00  0.000000e+00  0.000000e+00
1.186923e-02  3.160000e-02  0.000000e+00  0.000000e+00  0.000000e+00  0.000000e+00  0.000000e+00  0.000000e+00  3.160000e-02  0.000000e+00  0.000000e+00  0.000000e+00  0.000000e+00  0.000000e+00  0.000000e+00
1.242423e-02  3.000000e-02  0.000000e+00  0.000000e+00  0.000000e+00  0.000000e+00  0.000000e+00  0.000000e+00  3.000000e-02  0.000000e+00  0.000000e+00  0.000000e+00  0.000000e+00  0.000000e+00  0.000000e+00
1.300518e-02  2.440000e-02  0.000000e+00  0.000000e+00  0.000000e+00  0.000000e+00  0.000000e+00  0.000000e+00  2.440000e-02  0.000000e+00  0.000000e+00  0.000000e+00  0.000000e+00  0.000000e+00  0.000000e+00
1.361330e-02  2.100000e-02  0.000000e+00  0.000000e+00  0.000000e+00  0.000000e+00  0.000000e+00  0.000000e+00  2.100000e-02  0.000000e+00  0.000000e+00  0.000000e+00  0.000000e+00  0.000000e+00  0.000000e+00
1.424985e-02  1.770000e-02  0.000000e+00  0.000000e+00  0.000000e+00  0.000000e+00  0.000000e+00  0.000000e+00  2.130000e-02  0.000000e+00  0.000000e+00  0.000000e+00  0.000000e+00  0.000000e+00  0.000000e+00
1.491617e-02  0.000000e+00  0.000000e+00  0.000000e+00  0.000000e+00  0.000000e+00  0.000000e+00  0.000000e+00  2.180000e-02  0.000000e+00  0.000000e+00  0.000000e+00  0.000000e+00  0.000000e+00  0.000000e+00
1.561364e-02  0.000000e+00  0.000000e+00  0.000000e+00  0.000000e+00  0.000000e+00  0.000000e+00  0.000000e+00  1.860000e-02  0.000000e+00  0.000000e+00  0.000000e+00  0.000000e+00  0.000000e+00  0.000000e+00
1.634373e-02  0.000000e+00  0.000000e+00  0.000000e+00  0.000000e+00  0.000000e+00  0.000000e+00  0.000000e+00  1.560000e-02  0.000000e+00  0.000000e+00  0.000000e+00  0.000000e+00  0.000000e+00  0.000000e+00
1.710796e-02  0.000000e+00  0.000000e+00  0.000000e+00  0.000000e+00  0.000000e+00  0.000000e+00  0.000000e+00  1.450000e-02  0.000000e+00  0.000000e+00  0.000000e+00  0.000000e+00  0.000000e+00  0.000000e+00
1.790792e-02  0.000000e+00  0.000000e+00  0.000000e+00  0.000000e+00  0.000000e+00  0.000000e+00  0.000000e+00  1.320000e-02  0.000000e+00  0.000000e+00  0.000000e+00  0.000000e+00  0.000000e+00  0.000000e+00
1.874529e-02  0.000000e+00  0.000000e+00  0.000000e+00  0.000000e+00  0.000000e+00  0.000000e+00  0.000000e+00  1.110000e-02  0.000000e+00  0.000000e+00  0.000000e+00  0.000000e+00  0.000000e+00  0.000000e+00
1.962181e-02  0.000000e+00  0.000000e+00  0.000000e+00  0.000000e+00  0.000000e+00  0.000000e+00  0.000000e+00  8.500000e-03  0.000000e+00  0.000000e+00  0.000000e+00  0.000000e+00  0.000000e+00  0.000000e+00
2.053932e-02  0.000000e+00  0.000000e+00  0.000000e+00  0.000000e+00  0.000000e+00  0.000000e+00  0.000000e+00  9.600000e-03  0.000000e+00  0.000000e+00  0.000000e+00  0.000000e+00  0.000000e+00  0.000000e+00
2.149973e-02  0.000000e+00  0.000000e+00  0.000000e+00  0.000000e+00  0.000000e+00  0.000000e+00  0.000000e+00  6.700000e-03  0.000000e+00  0.000000e+00  0.000000e+00  0.000000e+00  0.000000e+00  0.000000e+00
2.250505e-02  0.000000e+00  0.000000e+00  0.000000e+00  0.000000e+00  0.000000e+00  0.000000e+00  0.000000e+00  5.500000e-03  0.000000e+00  0.000000e+00  0.000000e+00  0.000000e+00  0.000000e+00  0.000000e+00
2.355737e-02  0.000000e+00  0.000000e+00  0.000000e+00  0.000000e+00  0.000000e+00  0.000000e+00  0.000000e+00  6.300000e-03  0.000000e+00  0.000000e+00  0.000000e+00  0.000000e+00  0.000000e+00  0.000000e+00
