1.502061e-03  0.000000e+00  0.000000e+00  0.000000e+00  0.000000e+00  0.000000e+00  0.000000e+00  0.000000e+00  0.000000e+00  0.000000e+00  0.000000e+00  0.000000e+00  0.000000e+00  0.000000e+00  7.000000e-03
1.574907e-03  0.000000e+00  0.000000e+00  0.000000e+00  0.000000e+00  0.000000e+00  0.000000e+00  0.000000e+00  0.000000e+00  0.000000e+00  0.000000e+00  0.000000e+00  0.000000e+00  0.000000e+00  9.300000e-03
1.651287e-03  0.000000e+00  0.000000e+00  0.000000e+00  0.000000e+00  0.000000e+00  0.000000e+00  0.000000e+00  0.000000e+00  0.000000e+00  0.000000e+00  0.000000e+00  0.000000e+00  0.000000e+00  1.340000e-02
1.731370e-03  0.000000e+00  0.000000e+00  0.000000e+00  0.000000e+00  0.000000e+00  0.000000e+00  0.000000e+00  0.000000e+00  0.000000e+00  0.000000e+00  0.000000e+00  0.000000e+00  0.000000e+00  1.310000e-02
1.815337e-03  0.000000e+00  0.000000e+00  0.000000e+00  0.000000e+00  0.000000e+00  0.000000e+00  0.000000e+00  0.000000e+00  0.000000e+00  0.000000e+00  0.000000e+00  0.000000e+00  0.000000e+00  1.290000e-02
1.903376e-03  0.000000e+00  0.000000e+00  0.000000e+00  0.000000e+00  0.000000e+00  0.000000e+00  0.000000e+00  0.000000e+00  0.000000e+00  0.000000e+00  0.000000e+00  0.000000e+00  0.000000e+00  1.920000e-02
1.995685e-03  0.000000e+00  0.000000e+00  0.000000e+00  0.000000e+00  0.000000e+00  0.000000e+00  0.000000e+00  0.000000e+00  0.000000e+00  0.000000e+00  0.000000e+00  0.000000e+00  0.000000e+00  2.220000e-02
2.092471e-03  0.000000e+00  0.000000e+00  0.000000e+00  0.000000e+00  0.000000e+00  0.000000e+00  0.000000e+00  0.000000e+00  0.000000e+00  0.000000e+00  0.000000e+00  0.000000e+00  0.000000e+00  2.360000e-02
2.193951e-03  0.000000e+00  0.000000e+00  0.000000e+00  0.000000e+00  0.000000e+00  0.000000e+00  1.010000e-02  0.000000e+00  0.000000e+00  0.000000e+00  0.000000e+00  0.000000e+00  0.000000e+00  2.440000e-02
2.300352e-03  0.000000e+00  0.000000e+00  0.000000e+00  0.000000e+00  0.000000e+00  0.000000e+00  3.030000e-02  0.000000e+00  0.000000e+00  0.000000e+00  0.000000e+00  0.000000e+00  0.000000e+00  3.030000e-02
2.411913e-03  0.000000e+00  0.000000e+00  0.000000e+00  0.000000e+00  0.000000e+00  0.000000e+00  3.440000e-02  0.000000e+00  0.000000e+00  0.000000e+00  0.000000e+00  0.000000e+00  0.000000e+00  3.440000e-02
2.528885e-03  0.000000e+00  0.000000e+00  0.000000e+00  0.000000e+00  0.000000e+00  0.000000e+00  3.510000e-02  0.000000e+00  0.000000e+00  0.000000e+00  0.000000e+00  0.000000e+00  0.000000e+00  3.510000e-02
2.651529e-03  0.000000e+00  0.000000e+00  0.000000e+00  0.000000e+00  0.000000e+00  0.000000e+00  3.700000e-02  0.000000e+00  0.000000e+00  0.000000e+00  0.000000e+00  0.000000e+00  0.000000e+00  3.700000e-02
2.780122e-03  0.000000e+00  0.000000e+00  0.000000e+00  0.000000e+00  0.000000e+00  0.000000e+00  3.660000e-02  0.000000e+00  0.000000e+00  0.000000e+00  0.000000e+00  0.000000e+00  0.000000e+00  3.660000e-02
2.914951e-03  0.000000e+00  0.000000e+00  0.000000e+00  0.000000e+00  0.000000e+00  0.000000e+00  3.910000e-02  0.000000e+00  0.000000e+00  0.000000e+00  0.000000e+00  0.000000e+00  0.000000e+00  3.910000e-02
3.056319e-03  0.000000e+00  0.000000e+00  0.000000e+00  0.000000e+00  0.000000e+00  0.000000e+00  4.030000e-02  0.000000e+00  0.000000e+00  0.000000e+00  0.000000e+00  0.000000e+00  0.000000e+00  4.030000e-02
3.204543e-03  0.000000e+00  0.000000e+00  0.000000e+00  0.000000e+00  0.000000e+00  0.000000e+00  3.790000e-02  0.000000e+00  0.000000e+00  0.000000e+00  0.000000e+00  0.000000e+00  0.000000e+00  3.790000e-02
3.359955e-03  0.000000e+00  0.000000e+00  0.000000e+00  0.000000e+00  0.000000e+00  0.000000e+00  3.870000e-02  0.000000e+00  0.000000e+00  0.000000e+00  0.000000e+00  0.000000e+00  0.000000e+00  3.870000e-02
3.522904e-03  0.000000e+00  0.000000e+00  0.000000e+00  0.000000e+00  0.000000e+00  0.000000e+00  3.930000e-02  0.000000e+00  0.000000e+00  0.000000e+00  0.000000e+00  0.000000e+00  0.000000e+00  3.930000e-02
3.693756e-03  0.000000e+00  0.000000e+00  0.000000e+00  0.000000e+00  0.000000e+00  0.000000e+00  3.620000e-02  0.000000e+00  0.000000e+00  0.000000e+00  0.000000e+00  0.000000e+00  0.000000e+00  3.620000e-02
3.872894e-03  0.000000e+00  0.000000e+00  0.000000e+00  0.000000e+00  0.000000e+00  0.000000e+00  3.670000e-02  0.000000e+00  0.000000e+00  0.000000e+00  0.000000e+00  0.000000e+00  4.000000e-04  3.670000e-02
4.060720e-03  0.000000e+00  0.000000e+00  0.000000e+00  0.000000e+00  0.000000e+00  0.000000e+00  3.550000e-02  0.000000e+00  0.000000e+00  0.000000e+00  0.000000e+00  0.000000e+00  7.200000e-03  3.550000e-02
4.257655e-03  0.000000e+00  0.000000e+00  0.000000e+00  0.000000e+00  0.000000e+00  0.000000e+00  3.420000e-02  0.000000e+00  0.000000e+00  0.000000e+00  0.000000e+00  0.000000e+00  1.020000e-02  3.420000e-02
4.464140e-03  0.000000e+00  0.000000e+00  0.000000e+00  0.000000e+00  0.000000e+00  0.000000e+00  3.450000e-02  0.000000e+00  0.000000e+00  0.000000e+00  0.000000e+00  0.000000e+00  1.150000e-02  3.450000e-02
4.680640e-03  0.000000e+00  0.000000e+00  0.000000e+00  0.000000e+00  0.000000e+00  0.000000e+00  3.320000e-02  0.000000e+00  0.000000e+00  0.000000e+00  0.000000e+00  0.000000e+00  1.340000e-02  3.320000e-02
4.907639e-03  0.000000e+00  0.000000e+00  0.000000e+00  0.000000e+00  0.000000e+00  0.000000e+00  3.260000e-02  0.000000e+00  0.000000e+00  0.000000e+00  0.000000e+00  0.000000e+00  1.940000e-02  3.260000e-02
5.145648e-03  0.000000e+00  0.000000e+00  0.000000e+00  0.000000e+00  0.000000e+00  0.000000e+00  3.190000e-02  0.000000e+00  0.000000e+00  0.000000e+00  0.000000e+00  0.000000e+00  2.220000e-02  3.190000e-02
5.395199e-03  0.000000e+00  0.000000e+00  0.000000e+00  0.000000e+00  0.000000e+00  0.000000e+00  2.640000e-02  0.000000e+00  0.000000e+00  0.000000e+00  0.000000e+00  0.000000e+00  2.560000e-02  2.940000e-02
5.656852e-03  0.000000e+00  0.000000e+00  0.000000e+00  0.000000e+00  0.000000e+00  3.100000e-03  0.000000e+00  0.000000e+00  0.000000e+00  0.000000e+00  0.000000e+00  0.000000e+00  2.820000e-02  2.780000e-02
5.931196e-03  0.000000e+00  0.000000e+00  0.000000e+00  0.000000e+00  0.000000e+00  3.360000e-02  0.000000e+00  0.000000e+00  0.000000e+00  0.000000e+00  0.000000e+00  0.000000e+00  3.360000e-02  2.310000e-02
6.218844e-03  0.000000e+00  0.000000e+00  0.000000e+00  0.000000e+00  0.000000e+00  3.260000e-02  0.000000e+00  0.000000e+00  0.000000e+00  0.000000e+00  0.000000e+00  0.000000e+00  3.260000e-02  2.140000e-02
6.520442e-03  0.000000e+00  0.000000e+00  0.000000e+00  0.000000e+00  0.000000e+00  3.450000e-02  0.000000e+00  0.000000e+00  0.000000e+00  0.000000e+00  0.000000e+00  7.400000e-03  3.450000e-02  1.830000e-02
6.836667e-03  0.000000e+00  0.000000e+00  0.000000e+00  0.000000e+00  0.000000e+00  3.590000e-02  0.000000e+00  0.000000e+00  0.000000e+00  0.000000e+00  0.000000e+00  1.120000e-02  3.590000e-02  1.350000e-02
7.168229e-03  0.000000e+00  0.000000e+00  0.000000e+00  0.000000e+00  0.000000e+00  3.570000e-02  0.000000e+00  0.000000e+00  0.000000e+00  0.000000e+00  0.000000e+00  1.310000e-02  3.570000e-02  1.050000e-02
7.515870e-03  0.000000e+00  0.000000e+00  0.000000e+00  0.000000e+00  0.000000e+00  3.910000e-02  0.000000e+00  0.000000e+00  0.000000e+00  0.000000e+00  0.000000e+00  1.910000e-02  3.910000e-02  8.300000e-03
7.880371e-03  0.000000e+00  0.000000e+00  0.000000e+00  0.000000e+00  0.000000e+00  3.770000e-02  0.000000e+00  0.000000e+00  0.000000e+00  0.000000e+00  0.000000e+00  2.420000e-02  3.770000e-02  7.000000e-03
8.262549e-03  0.000000e+00  0.000000e+00  0.000000e+00  0.000000e+00  0.000000e+00  3.480000e-02  0.000000e+00  0.000000e+00  0.000000e+00  0.000000e+00  0.000000e+00  2.140000e-02  3.480000e-02  2.100000e-03
8.663262e-03  0.000000e+00  0.000000e+00  0.000000e+00  0.000000e+00  0.000000e+00  3.900000e-02  0.000000e+00  0.000000e+00  0.000000e+00  0.000000e+00  0.000000e+00  2.750000e-02  3.900000e-02  0.000000e+00
9.083409e-03  0.000000e+00  0.000000e+00  0.000000e+00  0.000000e+00  2.110000e-02  3.720000e-02  0.000000e+00  0.000000e+00  0.000000e+00  0.000000e+00  0.000000e+00  3.220000e-02  3.720000e-02  0.000000e+00
9.523932e-03  0.000000e+00  0.000000e+00  0.000000e+00  0.000000e+00  3.340000e-02  3.620000e-02  0.000000e+00  0.000000e+00  0.000000e+00  0.000000e+00  0.000000e+00  3.340000e-02  3.620000e-02  0.000000e+00
9.985818e-03  0.000000e+00  0.000000e+00  0.000000e+00  0.000000e+00  4.030000e-02  3.690000e-02  0.000000e+00  0.000000e+00  0.000000e+00  0.000000e+00  0.000000e+00  4.030000e-02  3.690000e-02  0.000000e+00
1.047011e-02  0.000000e+00  0.000000e+00  0.000000e+00  0.000000e+00  3.590000e-02  3.730000e-02  0.000000e+00  0.000000e+00  0.000000e+00  0.000000e+00  0.000000e+00  3.590000e-02  3.730000e-02  0.000000e+00
1.097788e-02  0.000000e+00  0.000000e+00  0.000000e+00  0.000000e+00  3.630000e-02  4.070000e-02  0.000000e+00  0.000000e+00  0.000000e+00  0.000000e+00  0.000000e+00  3.630000e-02  4.070000e-02  0.000000e+00
1.151028e-02  0.000000e+00  0.000000e+00  0.000000e+00  0.000000e+00  3.740000e-02  3.590000e-02  0.000000e+00  0.000000e+00  0.000000e+00  0.000000e+00  0.000000e+00  3.740000e-02  3.590000e-02  0.000000e+00
1.206850e-02  0.000000e+00  0.000000e+00  0.000000e+00  0.000000e+00  3.480000e-02  3.440000e-02  0.000000e+00  0.000000e+00  0.000000e+00  0.000000e+00  0.000000e+00  3.480000e-02  3.440000e-02  0.000000e+00
1.265379e-02  0.000000e+00  0.000000e+00  0.000000e+00  0.000000e+00  3.370000e-02  3.630000e-02  0.000000e+00  0.000000e+00  0.000000e+00  0.000000e+00  8.300000e-03  3.370000e-02  3.630000e-02  0.000000e+00
1.326747e-02  0.000000e+00  0.000000e+00  0.000000e+00  0.000000e+00  4.020000e-02  3.310000e-02  0.000000e+00  0.000000e+00  0.000000e+00  0.000000e+00  1.240000e-02  4.020000e-02  3.310000e-02  0.000000e+00
1.391091e-02  0.000000e+00  0.000000e+00  0.000000e+00  0.000000e+00  3.550000e-02  2.600000e-02  0.000000e+00  0.000000e+00  0.000000e+00  0.000000e+00  1.730000e-02  3.550000e-02  2.830000e-02  0.000000e+00
1.458555e-02  0.000000e+00  0.000000e+00  0.000000e+00  0.000000e+00  4.030000e-02  0.000000e+00  0.000000e+00  0.000000e+00  0.000000e+00  0.000000e+00  2.150000e-02  4.030000e-02  2.680000e-02  0.000000e+00
1.529291e-02  0.000000e+00  0.000000e+00  0.000000e+00  0.000000e+00  4.100000e-02  0.000000e+00  0.000000e+00  0.000000e+00  0.000000e+00  0.000000e+00  2.510000e-02  4.100000e-02  2.230000e-02  0.000000e+00
1.603458e-02  0.000000e+00  0.000000e+00  0.000000e+00  0.000000e+00  3.350000e-02  0.000000e+00  0.000000e+00  0.000000e+00  0.000000e+00  0.000000e+00  3.050000e-02  3.350000e-02  2.060000e-02  0.000000e+00
1.681222e-02  0.000000e+00  0.000000e+00  0.000000e+00  1.420000e-02  4.210000e-02  0.000000e+00  0.000000e+00  0.000000e+00  0.000000e+00  0.000000e+00  3.410000e-02  4.210000e-02  1.750000e-02  0.000000e+00
1.762757e-02  0.000000e+00  0.000000e+00  0.000000e+00  3.680000e-02  3.990000e-02  0.000000e+00  0.000000e+00  0.000000e+00  0.000000e+00  0.000000e+00  3.680000e-02  3.990000e-02  1.210000e-02  0.000000e+00
1.848246e-02  0.000000e+00  0.000000e+00  0.000000e+00  3.480000e-02  3.860000e-02  0.000000e+00  0.000000e+00  0.000000e+00  0.000000e+00  0.000000e+00  3.480000e-02  3.860000e-02  1.240000e-02  0.000000e+00
1.937882e-02  0.000000e+00  0.000000e+00  0.000000e+00  3.660000e-02  3.390000e-02  0.000000e+00  0.000000e+00  0.000000e+00  0.000000e+00  0.000000e+00  3.660000e-02  3.390000e-02  9.700000e-03  0.000000e+00
2.031864e-02  0.000000e+00  0.000000e+00  0.000000e+00  4.110000e-02  3.300000e-02  0.000000e+00  0.000000e+00  0.000000e+00  0.000000e+00  0.000000e+00  4.110000e-02  3.300000e-02  7.300000e-03  0.000000e+00
2.130405e-02  0.000000e+00  0.000000e+00  0.000000e+00  3.440000e-02  2.910000e-02  0.000000e+00  0.000000e+00  0.000000e+00  0.000000e+00  0.000000e+00  3.440000e-02  3.310000e-02  4.000000e-03  0.000000e+00
2.233724e-02  0.000000e+00  0.000000e+00  0.000000e+00  3.470000e-02  0.000000e+00  0.000000e+00  0.000000e+00  0.000000e+00  0.000000e+00  0.000000e+00  3.470000e-02  2.630000e-02  0.000000e+00  0.000000e+00
2.342054e-02  0.000000e+00  0.000000e+00  0.000000e+00  3.590000e-02  0.000000e+00  0.000000e+00  0.000000e+00  0.000000e+00  0.000000e+00  0.000000e+00  3.590000e-02  2.450000e-02  0.000000e+00  0.000000e+00
2.455638e-02  0.000000e+00  0.000000e+00  0.000000e+00  3.490000e-02  0.000000e+00  0.000000e+00  0.000000e+00  0.000000e+00  0.000000e+00  0.000000e+00  3.490000e-02  1.940000e-02  0.000000e+00  0.000000e+00
2.574730e-02  0.000000e+00  0.000000e+00  0.000000e+00  3.760000e-02  0.000000e+00  0.000000e+00  0.000000e+00  0.000000e+00  0.000000e+00  0.000000e+00  3.760000e-02  1.570000e-02  0.000000e+00  0.000000e+00
2.699598e-02  0.000000e+00  0.000000e+00  0.000000e+00  3.880000e-02  0.000000e+00  0.000000e+00  0.000000e+00  0.000000e+00  0.000000e+00  0.000000e+00  3.880000e-02  1.230000e-02  0.000000e+00  0.000000e+00
2.830522e-02  0.000000e+00  0.000000e+00  0.000000e+00  3.720000e-02  0.000000e+00  0.000000e+00  0.000000e+00  0.000000e+00  0.000000e+00  0.000000e+00  3.720000e-02  1.110000e-02  0.000000e+00  0.000000e+00
2.967795e-02  0.000000e+00  0.000000e+00  0.000000e+00  3.680000e-02  0.000000e+00  0.000000e+00  0.000000e+00  0.000000e+00  0.000000e+00  0.000000e+00  3.680000e-02  1.080000e-02  0.000000e+00  0.000000e+00
3.111726e-02  0.000000e+00  0.000000e+00  0.000000e+00  4.160000e-02  0.000000e+00  0.000000e+00  0.000000e+00  0.000000e+00  0.000000e+00  0.000000e+00  4.160000e-02  8.500000e-03  0.000000e+00  0.000000e+00
3.262636e-02  0.000000e+00  0.000000e+00  0.000000e+00  3.870000e-02  0.000000e+00  0.000000e+00  0.000000e+00  0.000000e+00  0.000000e+00  6.100000e-03  3.870000e-02  2.400000e-03  0.000000e+00  0.000000e+00
3.420866e-02  0.000000e+00  0.000000e+00  0.000000e+00  4.280000e-02  0.000000e+00  0.000000e+00  0.000000e+00  0.000000e+00  0.000000e+00  1.570000e-02  4.280000e-02  0.000000e+00  0.000000e+00  0.000000e+00
3.586770e-02  0.000000e+00  0.000000e+00  0.000000e+00  3.940000e-02  0.000000e+00  0.000000e+00  0.000000e+00  0.000000e+00  0.000000e+00  1.970000e-02  3.940000e-02  0.000000e+00  0.000000e+00  0.000000e+00
3.760719e-02  0.000000e+00  0.000000e+00  0.000000e+00  3.860000e-02  0.000000e+00  0.000000e+00  0.000000e+00  0.000000e+00  0.000000e+00  2.400000e-02  3.860000e-02  0.000000e+00  0.000000e+00  0.000000e+00
3.943105e-02  0.000000e+00  0.000000e+00  0.000000e+00  2.510000e-02  0.000000e+00  0.000000e+00  0.000000e+00  0.000000e+00  0.000000e+00  2.860000e-02  3.120000e-02  0.000000e+00  0.000000e+00  0.000000e+00
4.134335e-02  0.000000e+00  0.000000e+00  0.000000e+00  0.000000e+00  0.000000e+00  0.000000e+00  0.000000e+00  0.000000e+00  0.000000e+00  3.400000e-02  2.450000e-02  0.000000e+00  0.000000e+00  0.000000e+00
4.334840e-02  0.000000e+00  0.000000e+00  2.630000e-02  0.000000e+00  0.000000e+00  0.000000e+00  0.000000e+00  0.000000e+00  0.000000e+00  3.320000e-02  2.540000e-02  0.000000e+00  0.000000e+00  0.000000e+00
4.545069e-02  0.000000e+00  0.000000e+00  3.810000e-02  0.000000e+00  0.000000e+00  0.000000e+00  0.000000e+00  0.000000e+00  0.000000e+00  3.810000e-02  1.860000e-02  0.000000e+00  0.000000e+00  0.000000e+00
4.765494e-02  0.000000e+00  0.000000e+00  3.920000e-02  0.000000e+00  0.000000e+00  0.000000e+00  0.000000e+00  0.000000e+00  0.000000e+00  3.920000e-02  1.790000e-02  0.000000e+00  0.000000e+00  0.000000e+00
4.996608e-02  0.000000e+00  0.000000e+00  3.630000e-02  0.000000e+00  0.000000e+00  0.000000e+00  0.000000e+00  0.000000e+00  0.000000e+00  3.630000e-02  1.270000e-02  0.000000e+00  0.000000e+00  0.000000e+00
5.238931e-02  0.000000e+00  0.000000e+00  3.500000e-02  0.000000e+00  0.000000e+00  0.000000e+00  0.000000e+00  0.000000e+00  0.000000e+00  3.500000e-02  1.160000e-02  0.000000e+00  0.000000e+00  0.000000e+00
5.493006e-02  0.000000e+00  0.000000e+00  3.480000e-02  0.000000e+00  0.000000e+00  0.000000e+00  0.000000e+00  0.000000e+00  0.000000e+00  3.480000e-02  9.000000e-03  0.000000e+00  0.000000e+00  0.000000e+00
5.759403e-02  0.000000e+00  0.000000e+00  3.650000e-02  0.000000e+00  0.000000e+00  0.000000e+00  0.000000e+00  0.000000e+00  0.000000e+00  3.650000e-02  7.400000e-03  0.000000e+00  0.000000e+00  0.000000e+00
6.038720e-02  0.000000e+00  0.000000e+00  3.570000e-02  0.000000e+00  0.000000e+00  0.000000e+00  0.000000e+00  0.000000e+00  0.000000e+00  3.570000e-02  1.800000e-03  0.000000e+00  0.000000e+00  0.000000e+00
6.331583e-02  0.000000e+00  0.000000e+00  3.560000e-02  0.000000e+00  0.000000e+00  0.000000e+00  0.000000e+00  0.000000e+00  0.000000e+00  3.560000e-02  0.000000e+00  0.000000e+00  0.000000e+00  0.000000e+00
6.638649e-02  0.000000e+00  0.000000e+00  3.580000e-02  0.000000e+00  0.000000e+00  0.000000e+00  0.000000e+00  0.000000e+00  0.000000e+00  3.580000e-02  0.000000e+00  0.000000e+00  0.000000e+00  0.000000e+00
6.960607e-02  0.000000e+00  0.000000e+00  3.800000e-02  0.000000e+00  0.000000e+00  0.000000e+00  0.000000e+00  0.000000e+00  0.000000e+00  3.800000e-02  0.000000e+00  0.000000e+00  0.000000e+00  0.000000e+00
7.298179e-02  0.000000e+00  0.000000e+00  3.880000e-02  0.000000e+00  0.000000e+00  0.000000e+00  0.000000e+00  0.000000e+00  0.000000e+00  3.880000e-02  0.000000e+00  0.000000e+00  0.000000e+00  0.000000e+00
7.652122e-02  0.000000e+00  0.000000e+00  4.020000e-02  0.000000e+00  0.000000e+00  0.000000e+00  0.000000e+00  0.000000e+00  6.300000e-03  4.020000e-02  0.000000e+00  0.000000e+00  0.000000e+00  0.000000e+00
8.023231e-02  0.000000e+00  0.000000e+00  4.010000e-02  0.000000e+00  0.000000e+00  0.000000e+00  0.000000e+00  0.000000e+00  1.570000e-02  4.010000e-02  0.000000e+00  0.000000e+00  0.000000e+00  0.000000e+00
8.412338e-02  0.000000e+00  0.000000e+00  4.050000e-02  0.000000e+00  0.000000e+00  0.000000e+00  0.000000e+00  0.000000e+00  2.220000e-02  4.050000e-02  0.000000e+00  0.000000e+00  0.000000e+00  0.000000e+00
8.820315e-02  0.000000e+00  0.000000e+00  4.550000e-02  0.000000e+00  0.000000e+00  0.000000e+00  0.000000e+00  0.000000e+00  2.620000e-02  4.550000e-02  0.000000e+00  0.000000e+00  0.000000e+00  0.000000e+00
9.248078e-02  0.000000e+00  0.000000e+00  3.570000e-02  0.000000e+00  0.000000e+00  0.000000e+00  0.000000e+00  0.000000e+00  3.380000e-02  3.570000e-02  0.000000e+00  0.000000e+00  0.000000e+00  0.000000e+00
9.696587e-02  0.000000e+00  9.000000e-04  3.670000e-02  0.000000e+00  0.000000e+00  0.000000e+00  0.000000e+00  0.000000e+00  3.170000e-02  3.670000e-02  0.000000e+00  0.000000e+00  0.000000e+00  0.000000e+00
1.016685e-01  0.000000e+00  3.710000e-02  1.120000e-02  0.000000e+00  0.000000e+00  0.000000e+00  0.000000e+00  0.000000e+00  3.710000e-02  2.990000e-02  0.000000e+00  0.000000e+00  0.000000e+00  0.000000e+00
1.065991e-01  0.000000e+00  3.710000e-02  0.000000e+00  0.000000e+00  0.000000e+00  0.000000e+00  0.000000e+00  0.000000e+00  3.710000e-02  2.510000e-02  0.000000e+00  0.000000e+00  0.000000e+00  0.000000e+00
1.117689e-01  0.000000e+00  3.430000e-02  0.000000e+00  0.000000e+00  0.000000e+00  0.000000e+00  0.000000e+00  0.000000e+00  3.430000e-02  2.390000e-02  0.000000e+00  0.000000e+00  0.000000e+00  0.000000e+00
1.171894e-01  0.000000e+00  3.750000e-02  0.000000e+00  0.000000e+00  0.000000e+00  0.000000e+00  0.000000e+00  0.000000e+00  3.750000e-02  1.650000e-02  0.000000e+00  0.000000e+00  0.000000e+00  0.000000e+00
1.228728e-01  0.000000e+00  3.810000e-02  0.000000e+00  0.000000e+00  0.000000e+00  0.000000e+00  0.000000e+00  0.000000e+00  3.810000e-02  1.550000e-02  0.000000e+00  0.000000e+00  0.000000e+00  0.000000e+00
1.288319e-01  0.000000e+00  3.910000e-02  0.000000e+00  0.000000e+00  0.000000e+00  0.000000e+00  0.000000e+00  0.000000e+00  3.910000e-02  1.250000e-02  0.000000e+00  0.000000e+00  0.000000e+00  0.000000e+00
1.350799e-01  0.000000e+00  3.430000e-02  0.000000e+00  0.000000e+00  0.000000e+00  0.000000e+00  0.000000e+00  0.000000e+00  3.430000e-02  9.100000e-03  0.000000e+00  0.000000e+00  0.000000e+00  0.000000e+00
1.416309e-01  0.000000e+00  3.940000e-02  0.000000e+00  0.000000e+00  0.000000e+00  0.000000e+00  0.000000e+00  0.000000e+00  3.940000e-02  8.000000e-03  0.000000e+00  0.000000e+00  0.000000e+00  0.000000e+00
1.484997e-01  0.000000e+00  4.090000e-02  0.000000e+00  0.000000e+00  0.000000e+00  0.000000e+00  0.000000e+00  0.000000e+00  4.090000e-02  5.700000e-03  0.000000e+00  0.000000e+00  0.000000e+00  0.000000e+00
1.557015e-01  0.000000e+00  3.570000e-02  0.000000e+00  0.000000e+00  0.000000e+00  0.000000e+00  0.000000e+00  0.000000e+00  3.570000e-02  0.000000e+00  0.000000e+00  0.000000e+00  0.000000e+00  0.000000e+00
1.632527e-01  0.000000e+00  3.850000e-02  0.000000e+00  0.000000e+00  0.000000e+00  0.000000e+00  0.000000e+00  0.000000e+00  3.850000e-02  0.000000e+00  0.000000e+00  0.000000e+00  0.000000e+00  0.000000e+00
1.711700e-01  0.000000e+00  3.990000e-02  0.000000e+00  0.000000e+00  0.000000e+00  0.000000e+00  0.000000e+00  0.000000e+00  3.990000e-02  0.000000e+00  0.000000e+00  0.000000e+00  0.000000e+00  0.000000e+00
1.794713e-01  0.000000e+00  4.360000e-02  0.000000e+00  0.000000e+00  0.000000e+00  0.000000e+00  0.000000e+00  0.000000e+00  4.360000e-02  0.000000e+00  0.000000e+00  0.000000e+00  0.000000e+00  0.000000e+00
1.881753e-01  0.000000e+00  4.190000e-02  0.000000e+00  0.000000e+00  0.000000e+00  0.000000e+00  0.000000e+00  0.000000e+00  4.190000e-02  0.000000e+00  0.000000e+00  0.000000e+00  0.000000e+00  0.000000e+00
1.973013e-01  0.000000e+00  4.690000e-02  0.000000e+00  0.000000e+00  0.000000e+00  0.000000e+00  0.000000e+00  0.000000e+00  4.690000e-02  0.000000e+00  0.000000e+00  0.000000e+00  0.000000e+00  0.000000e+00
2.068699e-01  0.000000e+00  3.920000e-02  0.000000e+00  0.000000e+00  0.000000e+00  0.000000e+00  0.000000e+00  0.000000e+00  3.920000e-02  0.000000e+00  0.000000e+00  0.000000e+00  0.000000e+00  0.000000e+00
2.169026e-01  0.000000e+00  3.730000e-02  0.000000e+00  0.000000e+00  0.000000e+00  0.000000e+00  0.000000e+00  0.000000e+00  3.730000e-02  0.000000e+00  0.000000e+00  0.000000e+00  0.000000e+00  0.000000e+00
2.274218e-01  0.000000e+00  1.830000e-02  0.000000e+00  0.000000e+00  0.000000e+00  0.000000e+00  0.000000e+00  0.000000e+00  3.140000e-02  0.000000e+00  0.000000e+00  0.000000e+00  0.000000e+00  0.000000e+00
2.384512e-01  0.000000e+00  0.000000e+00  0.000000e+00  0.000000e+00  0.000000e+00  0.000000e+00  0.000000e+00  0.000000e+00  2.640000e-02  0.000000e+00  0.000000e+00  0.000000e+00  0.000000e+00  0.000000e+00
2.500155e-01  0.000000e+00  0.000000e+00  0.000000e+00  0.000000e+00  0.000000e+00  0.000000e+00  0.000000e+00  0.000000e+00  2.010000e-02  0.000000e+00  0.000000e+00  0.000000e+00  0.000000e+00  0.000000e+00
2.621406e-01  0.000000e+00  0.000000e+00  0.000000e+00  0.000000e+00  0.000000e+00  0.000000e+00  0.000000e+00  0.000000e+00  1.990000e-02  0.000000e+00  0.000000e+00  0.000000e+00  0.000000e+00  0.000000e+00
2.748538e-01  0.000000e+00  0.000000e+00  0.000000e+00  0.000000e+00  0.000000e+00  0.000000e+00  0.000000e+00  0.000000e+00  1.470000e-02  0.000000e+00  0.000000e+00  0.000000e+00  0.000000e+00  0.000000e+00
2.881835e-01  0.000000e+00  0.000000e+00  0.000000e+00  0.000000e+00  0.000000e+00  0.000000e+00  0.000000e+00  0.000000e+00  1.170000e-02  0.000000e+00  0.000000e+00  0.000000e+00  0.000000e+00  0.000000e+00
3.021597e-01  0.000000e+00  0.000000e+00  0.000000e+00  0.000000e+00  0.000000e+00  0.000000e+00  0.000000e+00  0.000000e+00  1.050000e-02  0.000000e+00  0.000000e+00  0.000000e+00  0.000000e+00  0.000000e+00
3.168137e-01  0.000000e+00  0.000000e+00  0.000000e+00  0.000000e+00  0.000000e+00  0.000000e+00  0.000000e+00  0.000000e+00  8.300000e-03  0.000000e+00  0.000000e+00  0.000000e+00  0.000000e+00  0.000000e+00
3.321784e-01  0.000000e+00  0.000000e+00  0.000000e+00  0.000000e+00  0.000000e+00  0.000000e+00  0.000000e+00  0.000000e+00  7.100000e-03  0.000000e+00  0.000000e+00  0.000000e+00  0.000000e+00  0.000000e+00
3.482882e-01  0.000000e+00  0.000000e+00  0.000000e+00  0.000000e+00  0.000000e+00  0.000000e+00  0.000000e+00  0.000000e+00  3.200000e-03  0.000000e+00  0.000000e+00  0.000000e+00  0.000000e+00  0.000000e+00
3.651793e-01  0.000000e+00  0.000000e+00  0.000000e+00  0.000000e+00  0.000000e+00  0.000000e+00  0.000000e+00  0.000000e+00  0.000000e+00  0.000000e+00  0.000000e+00  0.000000e+00  0.000000e+00  0.000000e+00
3.828896e-01  0.000000e+00  0.000000e+00  0.000000e+00  0.000000e+00  0.000000e+00  0.000000e+00  0.000000e+00  0.000000e+00  0.000000e+00  0.000000e+00  0.000000e+00  0.000000e+00  0.000000e+00  0.000000e+00
4.014588e-01  0.000000e+00  0.000000e+00  0.000000e+00  0.000000e+00  0.000000e+00  0.000000e+00  0.000000e+00  8.000000e-03  0.000000e+00  0.000000e+00  0.000000e+00  0.000000e+00  0.000000e+00  0.000000e+00
4.209285e-01  0.000000e+00  0.000000e+00  0.000000e+00  0.000000e+00  0.000000e+00  0.000000e+00  0.000000e+00  1.480000e-02  0.000000e+00  0.000000e+00  0.000000e+00  0.000000e+00  0.000000e+00  0.000000e+00
4.413425e-01  0.000000e+00  0.000000e+00  0.000000e+00  0.000000e+00  0.000000e+00  0.000000e+00  0.000000e+00  2.160000e-02  0.000000e+00  0.000000e+00  0.000000e+00  0.000000e+00  0.000000e+00  0.000000e+00
4.627465e-01  0.000000e+00  0.000000e+00  0.000000e+00  0.000000e+00  0.000000e+00  0.000000e+00  0.000000e+00  2.880000e-02  0.000000e+00  0.000000e+00  0.000000e+00  0.000000e+00  0.000000e+00  0.000000e+00
4.851885e-01  0.000000e+00  0.000000e+00  0.000000e+00  0.000000e+00  0.000000e+00  0.000000e+00  0.000000e+00  3.210000e-02  0.000000e+00  0.000000e+00  0.000000e+00  0.000000e+00  0.000000e+00  0.000000e+00
5.087190e-01  5.400000e-03  0.000000e+00  0.000000e+00  0.000000e+00  0.000000e+00  0.000000e+00  0.000000e+00  3.510000e-02  0.000000e+00  0.000000e+00  0.000000e+00  0.000000e+00  0.000000e+00  0.000000e+00
5.333906e-01  4.080000e-02  0.000000e+00  0.000000e+00  0.000000e+00  0.000000e+00  0.000000e+00  0.000000e+00  4.080000e-02  0.000000e+00  0.000000e+00  0.000000e+00  0.000000e+00  0.000000e+00  0.000000e+00
5.592587e-01  3.900000e-02  0.000000e+00  0.000000e+00  0.000000e+00  0.000000e+00  0.000000e+00  0.000000e+00  3.900000e-02  0.000000e+00  0.000000e+00  0.000000e+00  0.000000e+00  0.000000e+00  0.000000e+00
5.863813e-01  4.130000e-02  0.000000e+00  0.000000e+00  0.000000e+00  0.000000e+00  0.000000e+00  0.000000e+00  4.130000e-02  0.000000e+00  0.000000e+00  0.000000e+00  0.000000e+00  0.000000e+00  0.000000e+00
6.148194e-01  4.410000e-02  0.000000e+00  0.000000e+00  0.000000e+00  0.000000e+00  0.000000e+00  0.000000e+00  4.410000e-02  0.000000e+00  0.000000e+00  0.000000e+00  0.000000e+00  0.000000e+00  0.000000e+00
6.446366e-01  4.270000e-02  0.000000e+00  0.000000e+00  0.000000e+00  0.000000e+00  0.000000e+00  0.000000e+00  4.270000e-02  0.000000e+00  0.000000e+00  0.000000e+00  0.000000e+00  0.000000e+00  0.000000e+00
6.758998e-01  4.730000e-02  0.000000e+00  0.000000e+00  0.000000e+00  0.000000e+00  0.000000e+00  0.000000e+00  4.730000e-02  0.000000e+00  0.000000e+00  0.000000e+00  0.000000e+00  0.000000e+00  0.000000e+00
7.086793e-01  4.210000e-02  0.000000e+00  0.000000e+00  0.000000e+00  0.000000e+00  0.000000e+00  0.000000e+00  4.210000e-02  0.000000e+00  0.000000e+00  0.000000e+00  0.000000e+00  0.000000e+00  0.000000e+00
7.430485e-01  4.440000e-02  0.000000e+00  0.000000e+00  0.000000e+00  0.000000e+00  0.000000e+00  0.000000e+00  4.440000e-02  0.000000e+00  0.000000e+00  0.000000e+00  0.000000e+00  0.000000e+00  0.000000e+00
7.790845e-01  4.270000e-02  0.000000e+00  0.000000e+00  0.000000e+00  0.000000e+00  0.000000e+00  0.000000e+00  4.270000e-02  0.000000e+00  0.000000e+00  0.000000e+00  0.000000e+00  0.000000e+00  0.000000e+00
8.168681e-01  4.400000e-02  0.000000e+00  0.000000e+00  0.000000e+00  0.000000e+00  0.000000e+00  0.000000e+00  4.400000e-02  0.000000e+00  0.000000e+00  0.000000e+00  0.000000e+00  0.000000e+00  0.000000e+00
8.564842e-01  4.750000e-02  0.000000e+00  0.000000e+00  0.000000e+00  0.000000e+00  0.000000e+00  0.000000e+00  4.750000e-02  0.000000e+00  0.000000e+00  0.000000e+00  0.000000e+00  0.000000e+00  0.000000e+00
8.980215e-01  4.920000e-02  0.000000e+00  0.000000e+00  0.000000e+00  0.000000e+00  0.000000e+00  0.000000e+00  4.920000e-02  0.000000e+00  0.000000e+00  0.000000e+00  0.000000e+00  0.000000e+00  0.000000e+00
9.415733e-01  4.750000e-02  0.000000e+00  0.000000e+00  0.000000e+00  0.000000e+00  0.000000e+00  0.000000e+00  4.750000e-02  0.000000e+00  0.000000e+00  0.000000e+00  0.000000e+00  0.000000e+00  0.000000e+00
9.872373e-01  4.580000e-02  0.000000e+00  0.000000e+00  0.000000e+00  0.000000e+00  0.000000e+00  0.000000e+00  4.580000e-02  0.000000e+00  0.000000e+00  0.000000e+00  0.000000e+00  0.000000e+00  0.000000e+00
1.035116e+00  3.990000e-02  0.000000e+00  0.000000e+00  0.000000e+00  0.000000e+00  0.000000e+00  0.000000e+00  3.990000e-02  0.000000e+00  0.000000e+00  0.000000e+00  0.000000e+00  0.000000e+00  0.000000e+00
1.085316e+00  1.630000e-02  0.000000e+00  0.000000e+00  0.000000e+00  0.000000e+00  0.000000e+00  0.000000e+00  3.210000e-02  0.000000e+00  0.000000e+00  0.000000e+00  0.000000e+00  0.000000e+00  0.000000e+00
1.137952e+00  0.000000e+00  0.000000e+00  0.000000e+00  0.000000e+00  0.000000e+00  0.000000e+00  0.000000e+00  2.600000e-02  0.000000e+00  0.000000e+00  0.000000e+00  0.000000e+00  0.000000e+00  0.000000e+00
1.193139e+00  0.000000e+00  0.000000e+00  0.000000e+00  0.000000e+00  0.000000e+00  0.000000e+00  0.000000e+00  2.350000e-02  0.000000e+00  0.000000e+00  0.000000e+00  0.000000e+00  0.000000e+00  0.000000e+00
1.251004e+00  0.000000e+00  0.000000e+00  0.000000e+00  0.000000e+00  0.000000e+00  0.000000e+00  0.000000e+00  1.900000e-02  0.000000e+00  0.000000e+00  0.000000e+00  0.000000e+00  0.000000e+00  0.000000e+00
1.311674e+00  0.000000e+00  0.000000e+00  0.000000e+00  0.000000e+00  0.000000e+00  0.000000e+00  0.000000e+00  1.290000e-02  0.000000e+00  0.000000e+00  0.000000e+00  0.000000e+00  0.000000e+00  0.000000e+00
1.375287e+00  0.000000e+00  0.000000e+00  0.000000e+00  0.000000e+00  0.000000e+00  0.000000e+00  0.000000e+00  9.600000e-03  0.000000e+00  0.000000e+00  0.000000e+00  0.000000e+00  0.000000e+00  0.000000e+00
1.441985e+00  0.000000e+00  0.000000e+00  0.000000e+00  0.000000e+00  0.000000e+00  0.000000e+00  0.000000e+00  1.140000e-02  0.000000e+00  0.000000e+00  0.000000e+00  0.000000e+00  0.000000e+00  0.000000e+00
1.511918e+00  0.000000e+00  0.000000e+00  0.000000e+00  0.000000e+00  0.000000e+00  0.000000e+00  0.000000e+00  6.900000e-03  0.000000e+00  0.000000e+00  0.000000e+00  0.000000e+00  0.000000e+00  0.000000e+00
1.585242e+00  0.000000e+00  0.000000e+00  0.000000e+00  0.000000e+00  0.000000e+00  0.000000e+00  0.000000e+00  4.600000e-03  0.000000e+00  0.000000e+00  0.000000e+00  0.000000e+00  0.000000e+00  0.000000e+00
1.662122e+00  0.000000e+00  0.000000e+00  0.000000e+00  0.000000e+00  0.000000e+00  0.000000e+00  0.000000e+00  5.300000e-03  0.000000e+00  0.000000e+00  0.000000e+00  0.000000e+00  0.000000e+00  0.000000e+00
