2.614286e-04  0.000000e+00  0.000000e+00  0.000000e+00  0.000000e+00  0.000000e+00  0.000000e+00  0.000000e+00  0.000000e+00  0.000000e+00  0.000000e+00  0.000000e+00  0.000000e+00  0.000000e+00  9.728718e-03
2.741514e-04  0.000000e+00  0.000000e+00  0.000000e+00  0.000000e+00  0.000000e+00  0.000000e+00  0.000000e+00  0.000000e+00  0.000000e+00  0.000000e+00  0.000000e+00  0.000000e+00  0.000000e+00  1.159963e-02
2.874933e-04  0.000000e+00  0.000000e+00  0.000000e+00  0.000000e+00  0.000000e+00  0.000000e+00  0.000000e+00  0.000000e+00  0.000000e+00  0.000000e+00  0.000000e+00  0.000000e+00  0.000000e+00  1.122544e-02
3.014846e-04  0.000000e+00  0.000000e+00  0.000000e+00  0.000000e+00  0.000000e+00  0.000000e+00  0.000000e+00  0.000000e+00  0.000000e+00  0.000000e+00  0.000000e+00  0.000000e+00  0.000000e+00  1.290926e-02
3.161567e-04  0.000000e+00  0.000000e+00  0.000000e+00  0.000000e+00  0.000000e+00  0.000000e+00  0.000000e+00  0.000000e+00  0.000000e+00  0.000000e+00  0.000000e+00  0.000000e+00  0.000000e+00  1.459308e-02
3.315429e-04  0.000000e+00  0.000000e+00  0.000000e+00  0.000000e+00  0.000000e+00  0.000000e+00  0.000000e+00  0.000000e+00  0.000000e+00  0.000000e+00  0.000000e+00  0.000000e+00  0.000000e+00  1.814780e-02
3.476779e-04  0.000000e+00  0.000000e+00  0.000000e+00  0.000000e+00  0.000000e+00  0.000000e+00  0.000000e+00  0.000000e+00  0.000000e+00  0.000000e+00  0.000000e+00  0.000000e+00  0.000000e+00  2.188962e-02
3.645981e-04  0.000000e+00  0.000000e+00  0.000000e+00  0.000000e+00  0.000000e+00  0.000000e+00  0.000000e+00  0.000000e+00  0.000000e+00  0.000000e+00  0.000000e+00  0.000000e+00  0.000000e+00  2.488307e-02
3.823417e-04  0.000000e+00  0.000000e+00  0.000000e+00  0.000000e+00  0.000000e+00  0.000000e+00  1.702526e-02  0.000000e+00  0.000000e+00  0.000000e+00  0.000000e+00  0.000000e+00  0.000000e+00  2.712816e-02
4.009488e-04  0.000000e+00  0.000000e+00  0.000000e+00  0.000000e+00  0.000000e+00  0.000000e+00  3.086997e-02  0.000000e+00  0.000000e+00  0.000000e+00  0.000000e+00  0.000000e+00  0.000000e+00  3.086997e-02
4.204615e-04  0.000000e+00  0.000000e+00  0.000000e+00  0.000000e+00  0.000000e+00  0.000000e+00  3.199252e-02  0.000000e+00  0.000000e+00  0.000000e+00  0.000000e+00  0.000000e+00  0.000000e+00  3.199252e-02
4.409238e-04  0.000000e+00  0.000000e+00  0.000000e+00  0.000000e+00  0.000000e+00  0.000000e+00  3.517306e-02  0.000000e+00  0.000000e+00  0.000000e+00  0.000000e+00  0.000000e+00  0.000000e+00  3.517306e-02
4.623820e-04  0.000000e+00  0.000000e+00  0.000000e+00  0.000000e+00  0.000000e+00  0.000000e+00  3.648269e-02  0.000000e+00  0.000000e+00  0.000000e+00  0.000000e+00  0.000000e+00  0.000000e+00  3.648269e-02
4.848844e-04  0.000000e+00  0.000000e+00  0.000000e+00  0.000000e+00  0.000000e+00  0.000000e+00  3.741815e-02  0.000000e+00  0.000000e+00  0.000000e+00  0.000000e+00  0.000000e+00  0.000000e+00  3.741815e-02
5.084819e-04  0.000000e+00  0.000000e+00  0.000000e+00  0.000000e+00  0.000000e+00  0.000000e+00  4.022451e-02  0.000000e+00  0.000000e+00  0.000000e+00  0.000000e+00  0.000000e+00  0.000000e+00  4.022451e-02
5.332279e-04  0.000000e+00  0.000000e+00  0.000000e+00  0.000000e+00  0.000000e+00  0.000000e+00  4.003742e-02  0.000000e+00  0.000000e+00  0.000000e+00  0.000000e+00  0.000000e+00  0.000000e+00  4.003742e-02
5.591781e-04  0.000000e+00  0.000000e+00  0.000000e+00  0.000000e+00  0.000000e+00  0.000000e+00  3.947615e-02  0.000000e+00  0.000000e+00  0.000000e+00  0.000000e+00  0.000000e+00  0.000000e+00  3.947615e-02
5.863912e-04  0.000000e+00  0.000000e+00  0.000000e+00  0.000000e+00  0.000000e+00  0.000000e+00  3.947615e-02  0.000000e+00  0.000000e+00  0.000000e+00  0.000000e+00  0.000000e+00  0.000000e+00  3.947615e-02
6.149287e-04  0.000000e+00  0.000000e+00  0.000000e+00  0.000000e+00  0.000000e+00  0.000000e+00  3.498597e-02  0.000000e+00  0.000000e+00  0.000000e+00  0.000000e+00  0.000000e+00  0.000000e+00  3.498597e-02
6.448550e-04  0.000000e+00  0.000000e+00  0.000000e+00  0.000000e+00  0.000000e+00  0.000000e+00  4.003742e-02  0.000000e+00  0.000000e+00  0.000000e+00  0.000000e+00  0.000000e+00  9.354537e-04  4.003742e-02
6.762377e-04  0.000000e+00  0.000000e+00  0.000000e+00  0.000000e+00  0.000000e+00  0.000000e+00  3.835360e-02  0.000000e+00  0.000000e+00  0.000000e+00  0.000000e+00  0.000000e+00  7.857811e-03  3.835360e-02
7.091477e-04  0.000000e+00  0.000000e+00  0.000000e+00  0.000000e+00  0.000000e+00  0.000000e+00  3.760524e-02  0.000000e+00  0.000000e+00  0.000000e+00  0.000000e+00  0.000000e+00  1.085126e-02  3.760524e-02
7.436593e-04  0.000000e+00  0.000000e+00  0.000000e+00  0.000000e+00  0.000000e+00  0.000000e+00  3.217961e-02  0.000000e+00  0.000000e+00  0.000000e+00  0.000000e+00  0.000000e+00  1.028999e-02  3.217961e-02
7.798504e-04  0.000000e+00  0.000000e+00  0.000000e+00  0.000000e+00  0.000000e+00  0.000000e+00  3.405051e-02  0.000000e+00  0.000000e+00  0.000000e+00  0.000000e+00  0.000000e+00  1.571562e-02  3.405051e-02
8.178029e-04  0.000000e+00  0.000000e+00  0.000000e+00  0.000000e+00  0.000000e+00  0.000000e+00  3.573433e-02  0.000000e+00  0.000000e+00  0.000000e+00  0.000000e+00  0.000000e+00  1.870907e-02  3.573433e-02
8.576023e-04  0.000000e+00  0.000000e+00  0.000000e+00  0.000000e+00  0.000000e+00  0.000000e+00  2.413471e-02  0.000000e+00  0.000000e+00  0.000000e+00  0.000000e+00  0.000000e+00  1.833489e-02  2.413471e-02
8.993386e-04  0.000000e+00  0.000000e+00  0.000000e+00  0.000000e+00  0.000000e+00  0.000000e+00  3.105706e-02  0.000000e+00  0.000000e+00  0.000000e+00  0.000000e+00  0.000000e+00  2.394761e-02  3.105706e-02
9.431061e-04  0.000000e+00  0.000000e+00  0.000000e+00  0.000000e+00  0.000000e+00  0.000000e+00  2.338634e-02  0.000000e+00  0.000000e+00  0.000000e+00  0.000000e+00  0.000000e+00  2.750234e-02  2.750234e-02
9.890036e-04  0.000000e+00  0.000000e+00  0.000000e+00  0.000000e+00  0.000000e+00  3.124415e-02  0.000000e+00  0.000000e+00  0.000000e+00  0.000000e+00  0.000000e+00  0.000000e+00  3.217961e-02  2.376052e-02
1.037135e-03  0.000000e+00  0.000000e+00  0.000000e+00  0.000000e+00  0.000000e+00  3.161833e-02  0.000000e+00  0.000000e+00  0.000000e+00  0.000000e+00  0.000000e+00  0.000000e+00  3.161833e-02  2.394761e-02
1.087608e-03  0.000000e+00  0.000000e+00  0.000000e+00  0.000000e+00  0.000000e+00  3.255379e-02  0.000000e+00  0.000000e+00  0.000000e+00  0.000000e+00  0.000000e+00  6.173994e-03  3.255379e-02  2.076707e-02
1.140538e-03  0.000000e+00  0.000000e+00  0.000000e+00  0.000000e+00  0.000000e+00  3.461179e-02  0.000000e+00  0.000000e+00  0.000000e+00  0.000000e+00  0.000000e+00  1.103835e-02  3.461179e-02  1.665108e-02
1.196044e-03  0.000000e+00  0.000000e+00  0.000000e+00  0.000000e+00  0.000000e+00  4.041160e-02  0.000000e+00  0.000000e+00  0.000000e+00  0.000000e+00  0.000000e+00  1.496726e-02  4.041160e-02  1.515435e-02
1.254251e-03  0.000000e+00  0.000000e+00  0.000000e+00  0.000000e+00  0.000000e+00  3.910196e-02  0.000000e+00  0.000000e+00  0.000000e+00  0.000000e+00  0.000000e+00  1.964453e-02  3.910196e-02  1.421890e-02
1.315291e-03  0.000000e+00  0.000000e+00  0.000000e+00  0.000000e+00  0.000000e+00  3.685688e-02  0.000000e+00  0.000000e+00  0.000000e+00  0.000000e+00  0.000000e+00  1.590271e-02  3.685688e-02  7.857811e-03
1.379301e-03  0.000000e+00  0.000000e+00  0.000000e+00  0.000000e+00  0.000000e+00  3.797942e-02  0.000000e+00  0.000000e+00  0.000000e+00  0.000000e+00  0.000000e+00  2.507016e-02  3.797942e-02  7.296539e-03
1.446426e-03  0.000000e+00  0.000000e+00  0.000000e+00  0.000000e+00  0.000000e+00  3.236670e-02  0.000000e+00  0.000000e+00  0.000000e+00  0.000000e+00  0.000000e+00  2.993452e-02  3.236670e-02  1.309635e-03
1.516819e-03  0.000000e+00  0.000000e+00  0.000000e+00  0.000000e+00  1.403181e-02  4.452760e-02  0.000000e+00  0.000000e+00  0.000000e+00  0.000000e+00  0.000000e+00  2.637979e-02  4.452760e-02  0.000000e+00
1.590637e-03  0.000000e+00  0.000000e+00  0.000000e+00  0.000000e+00  3.161833e-02  3.536015e-02  0.000000e+00  0.000000e+00  0.000000e+00  0.000000e+00  0.000000e+00  3.161833e-02  3.536015e-02  0.000000e+00
1.668047e-03  0.000000e+00  0.000000e+00  0.000000e+00  0.000000e+00  3.348924e-02  3.479888e-02  0.000000e+00  0.000000e+00  0.000000e+00  0.000000e+00  0.000000e+00  3.348924e-02  3.479888e-02  0.000000e+00
1.749225e-03  0.000000e+00  0.000000e+00  0.000000e+00  0.000000e+00  3.760524e-02  3.928906e-02  0.000000e+00  0.000000e+00  0.000000e+00  0.000000e+00  0.000000e+00  3.760524e-02  3.928906e-02  0.000000e+00
1.834353e-03  0.000000e+00  0.000000e+00  0.000000e+00  0.000000e+00  4.209542e-02  4.059869e-02  0.000000e+00  0.000000e+00  0.000000e+00  0.000000e+00  0.000000e+00  4.209542e-02  4.059869e-02  0.000000e+00
1.923624e-03  0.000000e+00  0.000000e+00  0.000000e+00  0.000000e+00  3.386342e-02  3.461179e-02  0.000000e+00  0.000000e+00  0.000000e+00  0.000000e+00  0.000000e+00  3.386342e-02  3.461179e-02  0.000000e+00
2.017240e-03  0.000000e+00  0.000000e+00  0.000000e+00  0.000000e+00  3.217961e-02  3.629560e-02  0.000000e+00  0.000000e+00  0.000000e+00  0.000000e+00  0.000000e+00  3.217961e-02  3.629560e-02  0.000000e+00
2.115411e-03  0.000000e+00  0.000000e+00  0.000000e+00  0.000000e+00  3.760524e-02  3.030870e-02  0.000000e+00  0.000000e+00  0.000000e+00  0.000000e+00  5.238541e-03  3.760524e-02  3.030870e-02  0.000000e+00
2.218361e-03  0.000000e+00  0.000000e+00  0.000000e+00  0.000000e+00  3.236670e-02  3.143124e-02  0.000000e+00  0.000000e+00  0.000000e+00  0.000000e+00  1.047708e-02  3.236670e-02  3.143124e-02  0.000000e+00
2.326320e-03  0.000000e+00  0.000000e+00  0.000000e+00  0.000000e+00  4.003742e-02  2.637979e-02  0.000000e+00  0.000000e+00  0.000000e+00  0.000000e+00  1.571562e-02  4.003742e-02  2.637979e-02  0.000000e+00
2.439533e-03  0.000000e+00  0.000000e+00  0.000000e+00  0.000000e+00  3.985033e-02  9.354537e-03  0.000000e+00  0.000000e+00  0.000000e+00  0.000000e+00  1.870907e-02  3.985033e-02  2.376052e-02  0.000000e+00
2.558256e-03  0.000000e+00  0.000000e+00  0.000000e+00  0.000000e+00  3.891487e-02  0.000000e+00  0.000000e+00  0.000000e+00  0.000000e+00  0.000000e+00  1.814780e-02  3.891487e-02  1.945744e-02  0.000000e+00
2.682757e-03  0.000000e+00  0.000000e+00  0.000000e+00  0.000000e+00  4.115996e-02  0.000000e+00  0.000000e+00  0.000000e+00  0.000000e+00  0.000000e+00  2.993452e-02  4.115996e-02  2.581852e-02  0.000000e+00
2.813317e-03  0.000000e+00  0.000000e+00  0.000000e+00  0.000000e+00  3.741815e-02  0.000000e+00  0.000000e+00  0.000000e+00  0.000000e+00  0.000000e+00  3.199252e-02  3.741815e-02  1.739944e-02  0.000000e+00
2.950231e-03  0.000000e+00  0.000000e+00  0.000000e+00  2.694107e-02  4.078578e-02  0.000000e+00  0.000000e+00  0.000000e+00  0.000000e+00  0.000000e+00  3.180543e-02  4.078578e-02  1.328344e-02  0.000000e+00
3.093808e-03  0.000000e+00  0.000000e+00  0.000000e+00  3.536015e-02  3.723106e-02  0.000000e+00  0.000000e+00  0.000000e+00  0.000000e+00  0.000000e+00  3.536015e-02  3.723106e-02  1.290926e-02  0.000000e+00
3.244372e-03  0.000000e+00  0.000000e+00  0.000000e+00  3.797942e-02  3.741815e-02  0.000000e+00  0.000000e+00  0.000000e+00  0.000000e+00  0.000000e+00  3.797942e-02  3.741815e-02  1.216090e-02  0.000000e+00
3.402263e-03  0.000000e+00  0.000000e+00  0.000000e+00  3.797942e-02  2.768943e-02  0.000000e+00  0.000000e+00  0.000000e+00  0.000000e+00  0.000000e+00  3.797942e-02  2.768943e-02  8.419083e-03  0.000000e+00
3.567839e-03  0.000000e+00  0.000000e+00  0.000000e+00  3.348924e-02  3.180543e-02  0.000000e+00  0.000000e+00  0.000000e+00  0.000000e+00  0.000000e+00  3.348924e-02  3.180543e-02  7.109448e-03  0.000000e+00
3.741472e-03  0.000000e+00  0.000000e+00  0.000000e+00  3.255379e-02  1.253508e-02  0.000000e+00  0.000000e+00  0.000000e+00  0.000000e+00  0.000000e+00  3.255379e-02  2.563143e-02  4.115996e-03  0.000000e+00
3.923556e-03  0.000000e+00  0.000000e+00  0.000000e+00  3.592142e-02  0.000000e+00  0.000000e+00  0.000000e+00  0.000000e+00  0.000000e+00  0.000000e+00  3.592142e-02  2.245089e-02  0.000000e+00  0.000000e+00
4.114501e-03  0.000000e+00  0.000000e+00  0.000000e+00  3.405051e-02  0.000000e+00  0.000000e+00  0.000000e+00  0.000000e+00  0.000000e+00  0.000000e+00  3.405051e-02  2.338634e-02  0.000000e+00  0.000000e+00
4.314739e-03  0.000000e+00  0.000000e+00  0.000000e+00  4.022451e-02  0.000000e+00  0.000000e+00  0.000000e+00  0.000000e+00  0.000000e+00  0.000000e+00  4.022451e-02  1.721235e-02  0.000000e+00  0.000000e+00
4.524721e-03  0.000000e+00  0.000000e+00  0.000000e+00  4.190833e-02  0.000000e+00  0.000000e+00  0.000000e+00  0.000000e+00  0.000000e+00  0.000000e+00  4.190833e-02  1.627689e-02  0.000000e+00  0.000000e+00
4.744922e-03  0.000000e+00  0.000000e+00  0.000000e+00  3.330215e-02  0.000000e+00  0.000000e+00  0.000000e+00  0.000000e+00  0.000000e+00  0.000000e+00  3.330215e-02  1.159963e-02  0.000000e+00  0.000000e+00
4.975840e-03  0.000000e+00  0.000000e+00  0.000000e+00  4.059869e-02  0.000000e+00  0.000000e+00  0.000000e+00  0.000000e+00  0.000000e+00  0.000000e+00  4.059869e-02  1.122544e-02  0.000000e+00  0.000000e+00
5.217996e-03  0.000000e+00  0.000000e+00  0.000000e+00  4.527596e-02  0.000000e+00  0.000000e+00  0.000000e+00  0.000000e+00  0.000000e+00  0.000000e+00  4.527596e-02  8.231993e-03  0.000000e+00  0.000000e+00
5.471936e-03  0.000000e+00  0.000000e+00  0.000000e+00  3.779233e-02  0.000000e+00  0.000000e+00  0.000000e+00  0.000000e+00  0.000000e+00  0.000000e+00  3.779233e-02  6.735267e-03  0.000000e+00  0.000000e+00
5.738235e-03  0.000000e+00  0.000000e+00  0.000000e+00  4.471469e-02  0.000000e+00  0.000000e+00  0.000000e+00  0.000000e+00  0.000000e+00  8.793265e-03  4.471469e-02  4.864359e-03  0.000000e+00  0.000000e+00
6.017494e-03  0.000000e+00  0.000000e+00  0.000000e+00  3.592142e-02  0.000000e+00  0.000000e+00  0.000000e+00  0.000000e+00  0.000000e+00  1.440599e-02  3.592142e-02  0.000000e+00  0.000000e+00  0.000000e+00
6.310343e-03  0.000000e+00  0.000000e+00  0.000000e+00  3.536015e-02  0.000000e+00  0.000000e+00  0.000000e+00  0.000000e+00  0.000000e+00  1.833489e-02  3.536015e-02  0.000000e+00  0.000000e+00  0.000000e+00
6.617444e-03  0.000000e+00  0.000000e+00  0.000000e+00  3.199252e-02  0.000000e+00  0.000000e+00  0.000000e+00  0.000000e+00  0.000000e+00  2.862488e-02  3.199252e-02  0.000000e+00  0.000000e+00  0.000000e+00
6.939491e-03  0.000000e+00  0.000000e+00  0.000000e+00  1.833489e-02  0.000000e+00  0.000000e+00  0.000000e+00  0.000000e+00  0.000000e+00  2.338634e-02  2.469598e-02  0.000000e+00  0.000000e+00  0.000000e+00
7.277210e-03  0.000000e+00  0.000000e+00  0.000000e+00  0.000000e+00  0.000000e+00  0.000000e+00  0.000000e+00  0.000000e+00  0.000000e+00  3.012161e-02  2.282507e-02  0.000000e+00  0.000000e+00  0.000000e+00
7.631365e-03  0.000000e+00  0.000000e+00  2.413471e-02  0.000000e+00  0.000000e+00  0.000000e+00  0.000000e+00  0.000000e+00  0.000000e+00  3.554724e-02  2.282507e-02  0.000000e+00  0.000000e+00  0.000000e+00
8.002755e-03  0.000000e+00  0.000000e+00  3.367633e-02  0.000000e+00  0.000000e+00  0.000000e+00  0.000000e+00  0.000000e+00  0.000000e+00  3.367633e-02  2.114125e-02  0.000000e+00  0.000000e+00  0.000000e+00
8.392219e-03  0.000000e+00  0.000000e+00  3.891487e-02  0.000000e+00  0.000000e+00  0.000000e+00  0.000000e+00  0.000000e+00  0.000000e+00  3.891487e-02  1.552853e-02  0.000000e+00  0.000000e+00  0.000000e+00
8.800638e-03  0.000000e+00  0.000000e+00  3.760524e-02  0.000000e+00  0.000000e+00  0.000000e+00  0.000000e+00  0.000000e+00  0.000000e+00  3.760524e-02  1.440599e-02  0.000000e+00  0.000000e+00  0.000000e+00
9.228932e-03  0.000000e+00  0.000000e+00  3.386342e-02  0.000000e+00  0.000000e+00  0.000000e+00  0.000000e+00  0.000000e+00  0.000000e+00  3.386342e-02  1.197381e-02  0.000000e+00  0.000000e+00  0.000000e+00
9.678070e-03  0.000000e+00  0.000000e+00  3.854069e-02  0.000000e+00  0.000000e+00  0.000000e+00  0.000000e+00  0.000000e+00  0.000000e+00  3.854069e-02  1.010290e-02  0.000000e+00  0.000000e+00  0.000000e+00
1.014907e-02  0.000000e+00  0.000000e+00  3.311506e-02  0.000000e+00  0.000000e+00  0.000000e+00  0.000000e+00  0.000000e+00  0.000000e+00  3.311506e-02  5.425631e-03  0.000000e+00  0.000000e+00  0.000000e+00
1.064298e-02  0.000000e+00  0.000000e+00  3.985033e-02  0.000000e+00  0.000000e+00  0.000000e+00  0.000000e+00  0.000000e+00  0.000000e+00  3.985033e-02  4.490178e-03  0.000000e+00  0.000000e+00  0.000000e+00
1.116094e-02  0.000000e+00  0.000000e+00  4.003742e-02  0.000000e+00  0.000000e+00  0.000000e+00  0.000000e+00  0.000000e+00  0.000000e+00  4.003742e-02  0.000000e+00  0.000000e+00  0.000000e+00  0.000000e+00
1.170410e-02  0.000000e+00  0.000000e+00  3.723106e-02  0.000000e+00  0.000000e+00  0.000000e+00  0.000000e+00  0.000000e+00  0.000000e+00  3.723106e-02  0.000000e+00  0.000000e+00  0.000000e+00  0.000000e+00
1.227369e-02  0.000000e+00  0.000000e+00  3.592142e-02  0.000000e+00  0.000000e+00  0.000000e+00  0.000000e+00  0.000000e+00  0.000000e+00  3.592142e-02  0.000000e+00  0.000000e+00  0.000000e+00  0.000000e+00
1.287101e-02  0.000000e+00  0.000000e+00  3.910196e-02  0.000000e+00  0.000000e+00  0.000000e+00  0.000000e+00  0.000000e+00  0.000000e+00  3.910196e-02  0.000000e+00  0.000000e+00  0.000000e+00  0.000000e+00
1.349739e-02  0.000000e+00  0.000000e+00  4.340505e-02  0.000000e+00  0.000000e+00  0.000000e+00  0.000000e+00  0.000000e+00  7.483630e-03  4.340505e-02  0.000000e+00  0.000000e+00  0.000000e+00  0.000000e+00
1.415426e-02  0.000000e+00  0.000000e+00  4.134705e-02  0.000000e+00  0.000000e+00  0.000000e+00  0.000000e+00  0.000000e+00  1.253508e-02  4.134705e-02  0.000000e+00  0.000000e+00  0.000000e+00  0.000000e+00
1.484310e-02  0.000000e+00  0.000000e+00  4.621141e-02  0.000000e+00  0.000000e+00  0.000000e+00  0.000000e+00  0.000000e+00  1.870907e-02  4.621141e-02  0.000000e+00  0.000000e+00  0.000000e+00  0.000000e+00
1.556546e-02  0.000000e+00  0.000000e+00  3.985033e-02  0.000000e+00  0.000000e+00  0.000000e+00  0.000000e+00  0.000000e+00  2.450889e-02  3.985033e-02  0.000000e+00  0.000000e+00  0.000000e+00  0.000000e+00
1.632297e-02  0.000000e+00  0.000000e+00  3.498597e-02  0.000000e+00  0.000000e+00  0.000000e+00  0.000000e+00  0.000000e+00  2.899906e-02  3.498597e-02  0.000000e+00  0.000000e+00  0.000000e+00  0.000000e+00
1.711735e-02  0.000000e+00  0.000000e+00  3.367633e-02  0.000000e+00  0.000000e+00  0.000000e+00  0.000000e+00  0.000000e+00  3.666978e-02  3.367633e-02  0.000000e+00  0.000000e+00  0.000000e+00  0.000000e+00
1.795039e-02  0.000000e+00  2.488307e-02  8.231993e-03  0.000000e+00  0.000000e+00  0.000000e+00  0.000000e+00  0.000000e+00  3.105706e-02  2.600561e-02  0.000000e+00  0.000000e+00  0.000000e+00  0.000000e+00
1.882397e-02  0.000000e+00  3.405051e-02  0.000000e+00  0.000000e+00  0.000000e+00  0.000000e+00  0.000000e+00  0.000000e+00  3.405051e-02  2.282507e-02  0.000000e+00  0.000000e+00  0.000000e+00  0.000000e+00
1.974006e-02  0.000000e+00  3.685688e-02  0.000000e+00  0.000000e+00  0.000000e+00  0.000000e+00  0.000000e+00  0.000000e+00  3.685688e-02  2.226380e-02  0.000000e+00  0.000000e+00  0.000000e+00  0.000000e+00
2.070073e-02  0.000000e+00  3.816651e-02  0.000000e+00  0.000000e+00  0.000000e+00  0.000000e+00  0.000000e+00  0.000000e+00  3.816651e-02  1.908326e-02  0.000000e+00  0.000000e+00  0.000000e+00  0.000000e+00
2.170816e-02  0.000000e+00  3.872778e-02  0.000000e+00  0.000000e+00  0.000000e+00  0.000000e+00  0.000000e+00  0.000000e+00  3.872778e-02  1.608980e-02  0.000000e+00  0.000000e+00  0.000000e+00  0.000000e+00
2.276462e-02  0.000000e+00  3.666978e-02  0.000000e+00  0.000000e+00  0.000000e+00  0.000000e+00  0.000000e+00  0.000000e+00  3.666978e-02  1.272217e-02  0.000000e+00  0.000000e+00  0.000000e+00  0.000000e+00
2.387249e-02  0.000000e+00  3.891487e-02  0.000000e+00  0.000000e+00  0.000000e+00  0.000000e+00  0.000000e+00  0.000000e+00  3.891487e-02  8.419083e-03  0.000000e+00  0.000000e+00  0.000000e+00  0.000000e+00
2.503427e-02  0.000000e+00  4.003742e-02  0.000000e+00  0.000000e+00  0.000000e+00  0.000000e+00  0.000000e+00  0.000000e+00  4.003742e-02  7.670720e-03  0.000000e+00  0.000000e+00  0.000000e+00  0.000000e+00
2.625260e-02  0.000000e+00  3.348924e-02  0.000000e+00  0.000000e+00  0.000000e+00  0.000000e+00  0.000000e+00  0.000000e+00  3.348924e-02  6.548176e-03  0.000000e+00  0.000000e+00  0.000000e+00  0.000000e+00
2.753021e-02  0.000000e+00  3.928906e-02  0.000000e+00  0.000000e+00  0.000000e+00  0.000000e+00  0.000000e+00  0.000000e+00  3.928906e-02  1.683817e-03  0.000000e+00  0.000000e+00  0.000000e+00  0.000000e+00
2.887001e-02  0.000000e+00  4.284378e-02  0.000000e+00  0.000000e+00  0.000000e+00  0.000000e+00  0.000000e+00  0.000000e+00  4.284378e-02  0.000000e+00  0.000000e+00  0.000000e+00  0.000000e+00  0.000000e+00
3.027500e-02  0.000000e+00  4.434051e-02  0.000000e+00  0.000000e+00  0.000000e+00  0.000000e+00  0.000000e+00  0.000000e+00  4.434051e-02  0.000000e+00  0.000000e+00  0.000000e+00  0.000000e+00  0.000000e+00
3.174838e-02  0.000000e+00  4.452760e-02  0.000000e+00  0.000000e+00  0.000000e+00  0.000000e+00  0.000000e+00  0.000000e+00  4.452760e-02  0.000000e+00  0.000000e+00  0.000000e+00  0.000000e+00  0.000000e+00
3.329345e-02  0.000000e+00  4.377923e-02  0.000000e+00  0.000000e+00  0.000000e+00  0.000000e+00  0.000000e+00  0.000000e+00  4.377923e-02  0.000000e+00  0.000000e+00  0.000000e+00  0.000000e+00  0.000000e+00
3.491372e-02  0.000000e+00  4.583723e-02  0.000000e+00  0.000000e+00  0.000000e+00  0.000000e+00  0.000000e+00  0.000000e+00  4.583723e-02  0.000000e+00  0.000000e+00  0.000000e+00  0.000000e+00  0.000000e+00
3.661284e-02  0.000000e+00  3.966324e-02  0.000000e+00  0.000000e+00  0.000000e+00  0.000000e+00  0.000000e+00  0.000000e+00  3.966324e-02  0.000000e+00  0.000000e+00  0.000000e+00  0.000000e+00  0.000000e+00
3.839465e-02  0.000000e+00  3.592142e-02  0.000000e+00  0.000000e+00  0.000000e+00  0.000000e+00  0.000000e+00  0.000000e+00  3.592142e-02  0.000000e+00  0.000000e+00  0.000000e+00  0.000000e+00  0.000000e+00
4.026318e-02  0.000000e+00  2.170253e-02  0.000000e+00  0.000000e+00  0.000000e+00  0.000000e+00  0.000000e+00  0.000000e+00  3.311506e-02  0.000000e+00  0.000000e+00  0.000000e+00  0.000000e+00  0.000000e+00
4.222264e-02  0.000000e+00  0.000000e+00  0.000000e+00  0.000000e+00  0.000000e+00  0.000000e+00  0.000000e+00  0.000000e+00  2.656688e-02  0.000000e+00  0.000000e+00  0.000000e+00  0.000000e+00  0.000000e+00
4.427746e-02  0.000000e+00  0.000000e+00  0.000000e+00  0.000000e+00  0.000000e+00  0.000000e+00  0.000000e+00  0.000000e+00  2.207671e-02  0.000000e+00  0.000000e+00  0.000000e+00  0.000000e+00  0.000000e+00
4.643228e-02  0.000000e+00  0.000000e+00  0.000000e+00  0.000000e+00  0.000000e+00  0.000000e+00  0.000000e+00  0.000000e+00  1.870907e-02  0.000000e+00  0.000000e+00  0.000000e+00  0.000000e+00  0.000000e+00
4.869197e-02  0.000000e+00  0.000000e+00  0.000000e+00  0.000000e+00  0.000000e+00  0.000000e+00  0.000000e+00  0.000000e+00  1.459308e-02  0.000000e+00  0.000000e+00  0.000000e+00  0.000000e+00  0.000000e+00
5.106162e-02  0.000000e+00  0.000000e+00  0.000000e+00  0.000000e+00  0.000000e+00  0.000000e+00  0.000000e+00  0.000000e+00  1.141254e-02  0.000000e+00  0.000000e+00  0.000000e+00  0.000000e+00  0.000000e+00
5.354661e-02  0.000000e+00  0.000000e+00  0.000000e+00  0.000000e+00  0.000000e+00  0.000000e+00  0.000000e+00  0.000000e+00  9.915809e-03  0.000000e+00  0.000000e+00  0.000000e+00  0.000000e+00  0.000000e+00
5.615252e-02  0.000000e+00  0.000000e+00  0.000000e+00  0.000000e+00  0.000000e+00  0.000000e+00  0.000000e+00  0.000000e+00  8.044902e-03  0.000000e+00  0.000000e+00  0.000000e+00  0.000000e+00  0.000000e+00
5.888526e-02  0.000000e+00  0.000000e+00  0.000000e+00  0.000000e+00  0.000000e+00  0.000000e+00  0.000000e+00  0.000000e+00  8.044902e-03  0.000000e+00  0.000000e+00  0.000000e+00  0.000000e+00  0.000000e+00
6.175098e-02  0.000000e+00  0.000000e+00  0.000000e+00  0.000000e+00  0.000000e+00  0.000000e+00  0.000000e+00  0.000000e+00  4.303087e-03  0.000000e+00  0.000000e+00  0.000000e+00  0.000000e+00  0.000000e+00
6.475617e-02  0.000000e+00  0.000000e+00  0.000000e+00  0.000000e+00  0.000000e+00  0.000000e+00  0.000000e+00  0.000000e+00  0.000000e+00  0.000000e+00  0.000000e+00  0.000000e+00  0.000000e+00  0.000000e+00
6.790762e-02  0.000000e+00  0.000000e+00  0.000000e+00  0.000000e+00  0.000000e+00  0.000000e+00  0.000000e+00  0.000000e+00  0.000000e+00  0.000000e+00  0.000000e+00  0.000000e+00  0.000000e+00  0.000000e+00
7.121243e-02  0.000000e+00  0.000000e+00  0.000000e+00  0.000000e+00  0.000000e+00  0.000000e+00  0.000000e+00  3.554724e-03  0.000000e+00  0.000000e+00  0.000000e+00  0.000000e+00  0.000000e+00  0.000000e+00
7.467808e-02  0.000000e+00  0.000000e+00  0.000000e+00  0.000000e+00  0.000000e+00  0.000000e+00  0.000000e+00  1.066417e-02  0.000000e+00  0.000000e+00  0.000000e+00  0.000000e+00  0.000000e+00  0.000000e+00
7.831238e-02  0.000000e+00  0.000000e+00  0.000000e+00  0.000000e+00  0.000000e+00  0.000000e+00  0.000000e+00  2.001871e-02  0.000000e+00  0.000000e+00  0.000000e+00  0.000000e+00  0.000000e+00  0.000000e+00
8.212355e-02  0.000000e+00  0.000000e+00  0.000000e+00  0.000000e+00  0.000000e+00  0.000000e+00  0.000000e+00  2.469598e-02  0.000000e+00  0.000000e+00  0.000000e+00  0.000000e+00  0.000000e+00  0.000000e+00
8.612020e-02  0.000000e+00  0.000000e+00  0.000000e+00  0.000000e+00  0.000000e+00  0.000000e+00  0.000000e+00  2.862488e-02  0.000000e+00  0.000000e+00  0.000000e+00  0.000000e+00  0.000000e+00  0.000000e+00
9.031135e-02  0.000000e+00  0.000000e+00  0.000000e+00  0.000000e+00  0.000000e+00  0.000000e+00  0.000000e+00  3.143124e-02  0.000000e+00  0.000000e+00  0.000000e+00  0.000000e+00  0.000000e+00  0.000000e+00
9.470647e-02  2.301216e-02  0.000000e+00  0.000000e+00  0.000000e+00  0.000000e+00  0.000000e+00  0.000000e+00  3.910196e-02  0.000000e+00  0.000000e+00  0.000000e+00  0.000000e+00  0.000000e+00  0.000000e+00
9.931549e-02  3.666978e-02  0.000000e+00  0.000000e+00  0.000000e+00  0.000000e+00  0.000000e+00  0.000000e+00  3.666978e-02  0.000000e+00  0.000000e+00  0.000000e+00  0.000000e+00  0.000000e+00  0.000000e+00
1.041488e-01  4.321796e-02  0.000000e+00  0.000000e+00  0.000000e+00  0.000000e+00  0.000000e+00  0.000000e+00  4.321796e-02  0.000000e+00  0.000000e+00  0.000000e+00  0.000000e+00  0.000000e+00  0.000000e+00
1.092173e-01  4.284378e-02  0.000000e+00  0.000000e+00  0.000000e+00  0.000000e+00  0.000000e+00  0.000000e+00  4.284378e-02  0.000000e+00  0.000000e+00  0.000000e+00  0.000000e+00  0.000000e+00  0.000000e+00
1.145325e-01  3.835360e-02  0.000000e+00  0.000000e+00  0.000000e+00  0.000000e+00  0.000000e+00  0.000000e+00  3.835360e-02  0.000000e+00  0.000000e+00  0.000000e+00  0.000000e+00  0.000000e+00  0.000000e+00
1.201064e-01  4.041160e-02  0.000000e+00  0.000000e+00  0.000000e+00  0.000000e+00  0.000000e+00  0.000000e+00  4.041160e-02  0.000000e+00  0.000000e+00  0.000000e+00  0.000000e+00  0.000000e+00  0.000000e+00
1.259516e-01  4.565014e-02  0.000000e+00  0.000000e+00  0.000000e+00  0.000000e+00  0.000000e+00  0.000000e+00  4.565014e-02  0.000000e+00  0.000000e+00  0.000000e+00  0.000000e+00  0.000000e+00  0.000000e+00
1.320811e-01  4.920486e-02  0.000000e+00  0.000000e+00  0.000000e+00  0.000000e+00  0.000000e+00  0.000000e+00  4.920486e-02  0.000000e+00  0.000000e+00  0.000000e+00  0.000000e+00  0.000000e+00  0.000000e+00
1.385091e-01  4.602432e-02  0.000000e+00  0.000000e+00  0.000000e+00  0.000000e+00  0.000000e+00  0.000000e+00  4.602432e-02  0.000000e+00  0.000000e+00  0.000000e+00  0.000000e+00  0.000000e+00  0.000000e+00
1.452498e-01  4.003742e-02  0.000000e+00  0.000000e+00  0.000000e+00  0.000000e+00  0.000000e+00  0.000000e+00  4.003742e-02  0.000000e+00  0.000000e+00  0.000000e+00  0.000000e+00  0.000000e+00  0.000000e+00
1.523185e-01  4.583723e-02  0.000000e+00  0.000000e+00  0.000000e+00  0.000000e+00  0.000000e+00  0.000000e+00  4.583723e-02  0.000000e+00  0.000000e+00  0.000000e+00  0.000000e+00  0.000000e+00  0.000000e+00
1.597313e-01  5.144995e-02  0.000000e+00  0.000000e+00  0.000000e+00  0.000000e+00  0.000000e+00  0.000000e+00  5.144995e-02  0.000000e+00  0.000000e+00  0.000000e+00  0.000000e+00  0.000000e+00  0.000000e+00
1.675049e-01  4.920486e-02  0.000000e+00  0.000000e+00  0.000000e+00  0.000000e+00  0.000000e+00  0.000000e+00  4.920486e-02  0.000000e+00  0.000000e+00  0.000000e+00  0.000000e+00  0.000000e+00  0.000000e+00
1.756567e-01  5.126286e-02  0.000000e+00  0.000000e+00  0.000000e+00  0.000000e+00  0.000000e+00  0.000000e+00  5.126286e-02  0.000000e+00  0.000000e+00  0.000000e+00  0.000000e+00  0.000000e+00  0.000000e+00
1.842053e-01  4.714687e-02  0.000000e+00  0.000000e+00  0.000000e+00  0.000000e+00  0.000000e+00  0.000000e+00  4.714687e-02  0.000000e+00  0.000000e+00  0.000000e+00  0.000000e+00  0.000000e+00  0.000000e+00
1.931698e-01  2.937325e-02  0.000000e+00  0.000000e+00  0.000000e+00  0.000000e+00  0.000000e+00  0.000000e+00  3.928906e-02  0.000000e+00  0.000000e+00  0.000000e+00  0.000000e+00  0.000000e+00  0.000000e+00
2.025707e-01  0.000000e+00  0.000000e+00  0.000000e+00  0.000000e+00  0.000000e+00  0.000000e+00  0.000000e+00  2.899906e-02  0.000000e+00  0.000000e+00  0.000000e+00  0.000000e+00  0.000000e+00  0.000000e+00
2.124291e-01  0.000000e+00  0.000000e+00  0.000000e+00  0.000000e+00  0.000000e+00  0.000000e+00  0.000000e+00  1.983162e-02  0.000000e+00  0.000000e+00  0.000000e+00  0.000000e+00  0.000000e+00  0.000000e+00
2.227672e-01  0.000000e+00  0.000000e+00  0.000000e+00  0.000000e+00  0.000000e+00  0.000000e+00  0.000000e+00  1.758653e-02  0.000000e+00  0.000000e+00  0.000000e+00  0.000000e+00  0.000000e+00  0.000000e+00
2.336085e-01  0.000000e+00  0.000000e+00  0.000000e+00  0.000000e+00  0.000000e+00  0.000000e+00  0.000000e+00  1.347053e-02  0.000000e+00  0.000000e+00  0.000000e+00  0.000000e+00  0.000000e+00  0.000000e+00
2.449773e-01  0.000000e+00  0.000000e+00  0.000000e+00  0.000000e+00  0.000000e+00  0.000000e+00  0.000000e+00  1.272217e-02  0.000000e+00  0.000000e+00  0.000000e+00  0.000000e+00  0.000000e+00  0.000000e+00
2.568995e-01  0.000000e+00  0.000000e+00  0.000000e+00  0.000000e+00  0.000000e+00  0.000000e+00  0.000000e+00  9.728718e-03  0.000000e+00  0.000000e+00  0.000000e+00  0.000000e+00  0.000000e+00  0.000000e+00
2.694018e-01  0.000000e+00  0.000000e+00  0.000000e+00  0.000000e+00  0.000000e+00  0.000000e+00  0.000000e+00  1.066417e-02  0.000000e+00  0.000000e+00  0.000000e+00  0.000000e+00  0.000000e+00  0.000000e+00
2.825126e-01  0.000000e+00  0.000000e+00  0.000000e+00  0.000000e+00  0.000000e+00  0.000000e+00  0.000000e+00  6.922357e-03  0.000000e+00  0.000000e+00  0.000000e+00  0.000000e+00  0.000000e+00  0.000000e+00
2.962614e-01  0.000000e+00  0.000000e+00  0.000000e+00  0.000000e+00  0.000000e+00  0.000000e+00  0.000000e+00  5.238541e-03  0.000000e+00  0.000000e+00  0.000000e+00  0.000000e+00  0.000000e+00  0.000000e+00
